kww	// User ID
12-2-2021	// Evaluation date
kyle-pilot2_21_55.4	10-2-2021	16:13:11:434	// Source file name and timestamp
238.095	// Sampling rate
2.376	// Data capture period

1.701184	// height
54.982867	// mass


Sample #	elbVar	shldrIR	handAngVelo	thorJFPd	thorSTPd	UaJFPp	UaSTPp	UaJFPd	UaSTPd	FaJFPp	FaSTPp	
0	1.295233	0.768785	60.721070	3.709898	-0.418099	-3.709898	1.835024	0.234428	-0.881190	-0.234428	0.000000	
1	1.286241	0.709132	60.681007	3.596515	-0.475139	-3.596515	1.899395	0.140629	-0.842084	-0.140629	0.000000	
2	1.344194	0.630150	60.860146	3.347254	-0.477389	-3.347254	1.868737	0.376169	-0.892135	-0.376169	1.373651	
3	1.532991	0.611261	61.109333	3.223582	-0.450758	-3.223582	1.781248	0.771937	-1.024762	-0.771937	1.659848	
4	1.869361	0.763225	61.386011	2.819013	-0.467384	-2.819013	1.773497	0.804615	-1.184305	-0.804615	1.957721	
5	2.179403	1.001417	61.687821	1.552973	-0.454996	-1.552973	1.697703	0.374508	-1.279752	-0.374508	2.115240	
6	2.229751	1.086332	61.929007	0.391587	-0.347235	-0.391587	1.415050	0.101356	-1.266172	-0.101356	2.053259	
7	1.967801	0.937447	61.983594	0.668132	-0.276736	-0.668132	1.162365	0.187837	-1.146407	-0.187837	1.796439	
8	1.503209	0.688140	61.936663	1.535720	-0.333659	-1.535720	1.153531	0.166159	-0.927670	-0.166159	0.000000	
9	0.948964	0.411045	62.103418	1.592000	-0.375217	-1.592000	1.146070	0.029969	-0.636972	-0.029969	0.929688	
10	0.418113	0.088459	62.718496	1.242260	-0.289551	-1.242260	0.864745	0.070137	-0.352534	-0.070137	0.519182	
11	0.098878	-0.161399	63.831150	1.430589	-0.190574	-1.430589	0.585800	0.084592	-0.185576	-0.084592	0.298545	
12	0.124478	-0.173394	65.425784	1.742800	-0.189819	-1.742800	0.696081	-0.146786	-0.203933	0.146786	0.340114	
13	0.387888	-0.015694	67.408840	1.402214	-0.210323	-1.402214	0.990116	-0.347475	-0.356539	0.347475	0.591340	
14	0.692207	0.117113	69.462236	0.596426	-0.185277	-0.596426	1.098351	-0.341630	-0.544086	0.341630	0.935154	
15	0.981265	0.190615	71.044805	0.106361	-0.199505	-0.106361	1.152498	-0.418742	-0.719925	0.418742	1.300779	
16	1.186096	0.221531	71.680421	-0.163799	-0.293937	0.163799	1.326028	-0.658347	-0.832064	0.658347	1.574509	
17	1.134322	0.103234	71.309724	-0.592372	-0.363328	0.592372	1.395315	-0.703963	-0.792276	0.703963	1.599489	
18	0.941826	-0.090196	70.284072	-0.907111	-0.371759	0.907111	1.280053	-0.595880	-0.667534	0.595880	1.463649	
19	1.014528	-0.006336	68.980453	-1.024217	-0.445894	1.024217	1.264093	-0.652771	-0.673665	0.652771	1.445690	
20	1.306730	0.364527	67.674985	-1.447598	-0.600039	1.447598	1.371771	-0.788395	-0.783769	0.788395	1.501577	
21	1.294877	0.556617	66.727292	-2.253826	-0.641821	2.253826	1.276754	-0.741963	-0.735069	0.741963	1.301852	
22	0.948089	0.447817	66.311042	-2.772150	-0.518392	2.772150	0.985177	-0.565821	-0.526513	0.565821	0.897719	
23	0.835581	0.472670	66.024364	-2.817480	-0.477934	2.817480	0.916943	-0.660384	-0.448249	0.660384	0.711638	
24	1.156774	0.819788	65.298255	-2.992410	-0.609210	2.992410	1.199192	-1.109721	-0.601399	1.109721	0.865547	
25	1.515400	1.158709	64.065191	-3.197897	-0.657834	3.197897	1.470002	-1.478357	-0.795306	1.478357	1.094963	
26	1.682975	1.289961	62.713899	-2.645993	-0.549441	2.645993	1.517207	-1.564445	-0.908101	1.564445	1.232938	
27	1.892632	1.434985	61.531669	-1.163446	-0.515178	1.163446	1.620501	-1.602908	-1.050554	1.602908	1.418287	
28	2.269156	1.726335	60.521833	0.352251	-0.597356	-0.352251	1.934456	-1.639808	-1.299680	1.639808	1.733659	
29	2.486778	1.881153	59.750300	0.930432	-0.579719	-0.930432	2.110163	-1.371422	-1.481967	1.371422	1.941722	
30	2.250269	1.623381	59.473539	0.943585	-0.397486	-0.943585	1.891654	-0.837140	-1.390092	0.837140	1.820368	
31	1.711854	1.095304	59.892539	0.689262	-0.191365	-0.689262	1.511115	-0.634536	-1.076203	0.634536	1.481224	
32	1.132402	0.577009	61.076138	-0.345987	-0.057661	0.345987	1.248049	-0.947685	-0.715037	0.947685	1.087894	
33	0.547420	0.120083	63.059359	-2.077836	0.031266	2.077836	1.022799	-1.285015	-0.364772	1.285015	0.651116	
34	0.023074	-0.268729	65.787301	-3.422685	0.112536	3.422685	0.703984	-1.064466	-0.076083	1.064466	0.246320	
35	-0.163484	-0.410607	68.829299	-3.422361	0.118994	3.422361	0.458220	-0.402926	0.021942	0.402926	0.104925	
36	0.125769	-0.199578	71.480859	-2.530546	-0.049555	2.530546	0.522038	-0.118890	-0.109874	0.118890	0.339831	
37	0.624257	0.162527	73.409541	-1.773150	-0.327405	1.773150	0.814181	-0.419915	-0.334331	0.419915	0.742866	
38	0.955997	0.388773	74.889032	-1.078939	-0.539487	1.078939	1.028040	-0.592543	-0.484787	0.592543	1.001990	
39	1.033488	0.420595	76.220038	0.077821	-0.677450	-0.077821	1.058958	-0.375133	-0.520684	0.375133	1.035868	
40	1.030555	0.385950	77.245219	0.923251	-0.888080	-0.923251	1.063846	-0.342871	-0.522694	0.342871	0.995944	
41	1.050977	0.355865	77.650049	-0.051037	-1.144078	0.051037	1.112916	-0.635064	-0.542427	0.635064	0.978038	
42	0.991746	0.263488	77.499912	-2.173145	-1.185214	2.173145	1.046172	-0.677601	-0.506089	0.677601	0.902503	
43	0.818415	0.093894	77.175314	-2.589287	-0.933792	2.589287	0.824362	-0.496368	-0.375411	0.496368	0.739190	
44	0.768471	0.052517	76.844066	-1.202213	-0.719527	1.202213	0.761453	-0.725824	-0.336130	0.725824	0.672737	
45	1.029986	0.322390	76.307925	-0.769022	-0.801295	0.769022	1.036598	-1.063095	-0.553432	1.063095	0.877977	
46	1.361412	0.705587	75.460721	-1.599173	-0.951629	1.599173	1.269002	-0.677097	-0.829346	0.677097	1.183582	
47	1.407978	0.863444	74.633041	-2.088539	-0.874183	2.088539	1.118191	0.126469	-0.881024	-0.126469	1.260352	
48	1.301893	0.851609	74.182364	-1.871346	-0.718871	1.871346	0.855971	0.210965	-0.800238	-0.210965	1.187398	
49	1.395983	0.947352	73.998843	-1.510933	-0.725409	1.510933	0.850038	-0.535875	-0.836579	0.535875	1.287862	
50	1.583360	1.086081	73.856436	-0.960495	-0.774395	0.960495	0.982395	-1.026669	-0.945402	1.026669	1.477154	
51	1.523417	1.000236	73.920115	0.270070	-0.681875	-0.270070	0.944670	-0.843411	-0.910958	0.843411	1.422843	
52	1.244207	0.726905	74.464793	1.715910	-0.504019	-1.715910	0.774247	-0.566800	-0.728675	0.566800	1.141850	
53	0.921254	0.455454	75.521536	2.189849	-0.359982	-2.189849	0.671484	-0.399222	-0.521755	0.399222	0.817465	
54	0.442076	0.104982	77.204058	1.747147	-0.187439	-1.747147	0.472701	-0.175206	-0.194301	0.175206	0.354146	
55	-0.188322	-0.376113	79.875112	1.361419	0.094361	-1.361419	0.028532	0.029162	0.300401	-0.029162	-0.259791	
56	-0.473345	-0.607344	83.488859	1.497176	0.226375	-1.497176	-0.205406	0.257583	0.549837	-0.257583	-0.549021	
57	-0.069649	-0.288665	87.255507	2.151354	-0.105489	-2.151354	0.170127	0.699782	0.200612	-0.699782	-0.149653	
58	0.684630	0.272234	90.501989	3.138697	-0.628828	-3.138697	0.803097	1.477534	-0.459947	-1.477534	0.606525	
59	1.280935	0.627771	93.334941	3.939748	-0.881350	-3.939748	1.196025	2.446891	-0.937527	-2.446891	1.160003	
60	1.585331	0.729403	95.977883	4.071781	-0.921018	-4.071781	1.342988	2.917039	-1.107859	-2.917039	1.361531	
61	1.662742	0.695683	98.177363	3.493771	-0.974115	-3.493771	1.348731	2.554348	-1.073950	-2.554348	1.308323	
62	1.532491	0.541870	99.680028	3.112013	-0.937428	-3.112013	1.116977	1.970803	-0.877960	-1.970803	1.052978	
63	1.319559	0.380900	100.530178	4.235084	-0.741427	-4.235084	0.776013	1.657083	-0.668222	-1.657083	0.767640	
64	1.258884	0.445932	100.547170	6.282789	-0.619128	-6.282789	0.697218	1.316354	-0.713821	-1.316354	0.750162	
65	1.350681	0.717697	99.406041	6.873380	-0.685276	-6.873380	0.893969	0.743890	-0.985926	-0.743890	1.011974	
66	1.358708	0.906472	97.548978	4.849925	-0.776815	-4.849925	0.985564	0.225280	-1.159107	-0.225280	1.223025	
67	1.235559	0.911610	96.020420	1.422187	-0.861990	-1.422187	0.846058	-0.213839	-1.129514	0.213839	1.233439	
68	1.150479	0.904514	95.248469	-1.807327	-1.123703	1.807327	0.705713	-0.828921	-1.089871	0.828921	1.226411	
69	1.076800	0.893839	94.933486	-4.398724	-1.469748	4.398724	0.572220	-1.389678	-1.046850	1.389678	1.202038	
70	0.834808	0.693208	95.020586	-5.947717	-1.498952	5.947717	0.259256	-1.403259	-0.790399	1.403259	0.920116	
71	0.523479	0.375841	95.868293	-5.722304	-1.178945	5.722304	-0.097432	-0.933759	-0.395710	0.933759	0.478314	
72	0.416931	0.233880	97.434946	-4.600270	-0.972436	4.600270	-0.198985	-0.567669	-0.215363	0.567669	0.274017	
73	0.541497	0.306371	99.042225	-4.209854	-1.098151	4.209854	-0.069782	-0.462546	-0.319022	0.462546	0.367832	
74	0.668652	0.352824	100.128403	-3.943668	-1.199848	3.943668	0.022513	-0.199875	-0.407863	0.199875	0.433863	
75	0.564000	0.169236	100.788152	-2.107794	-0.922517	2.107794	-0.070937	0.205552	-0.185060	-0.205552	0.176874	
76	0.258948	-0.195370	101.335010	0.919603	-0.395312	-0.919603	-0.195335	0.332527	0.318202	-0.332527	-0.364639	
77	0.111721	-0.440435	101.607309	3.323792	-0.072946	-3.323792	-0.078866	0.477919	0.665557	-0.477919	-0.798527	
78	0.289948	-0.397213	101.187632	4.351459	-0.174511	-4.351459	0.172947	0.997452	0.585481	-0.997452	-0.855738	
79	0.497484	-0.259655	100.256084	4.495511	-0.407349	-4.495511	0.225506	1.421224	0.371363	-1.421224	-0.746120	
80	0.570789	-0.165225	99.563628	4.468634	-0.527747	-4.468634	0.173573	1.449277	0.239720	-1.449277	-0.655084	
81	0.704121	0.018190	99.547284	4.375884	-0.703400	-4.375884	0.296783	1.376631	-0.023143	-1.376631	-0.386462	
82	0.901384	0.291230	100.124836	3.745891	-0.970845	-3.745891	0.390546	1.393274	-0.432715	-1.393274	0.076434	
83	0.871253	0.380486	101.312184	2.626184	-0.991959	-2.626184	0.146460	1.443724	-0.570009	-1.443724	0.277115	
84	0.554276	0.178921	103.439733	1.734284	-0.638465	-1.734284	-0.232597	1.346527	-0.253697	-1.346527	-0.014752	
85	0.293519	-0.009699	106.649553	1.421033	-0.307907	-1.421033	-0.388296	0.987642	0.043199	-0.987642	-0.304547	
86	0.301199	0.058319	110.575903	1.245204	-0.299892	-1.245204	-0.411962	0.531775	-0.083896	-0.531775	-0.133441	
87	0.313857	0.148690	114.893323	0.677966	-0.356278	-0.677966	-0.590440	0.126107	-0.266816	-0.126107	0.133576	
88	0.095354	-0.033091	119.921898	-0.079480	-0.110273	0.079480	-0.793065	-0.398120	-0.016106	0.398120	-0.086429	
89	-0.101169	-0.299273	126.097129	-0.272957	0.279269	0.272957	-0.678315	-0.931475	0.362932	0.931475	-0.574140	
90	-0.013123	-0.318714	133.100576	0.165278	0.367419	-0.165278	-0.473979	-0.942725	0.345665	0.942725	-0.712071	
91	0.140939	-0.213050	140.134414	0.198018	0.205523	-0.198018	-0.727273	-0.371648	0.170995	0.371648	-0.611027	
92	0.174360	-0.225287	146.699494	-0.699475	0.136964	0.699475	-1.302764	0.528436	0.250503	-0.528436	-0.813526	
93	0.351221	-0.170217	152.599820	-1.666823	0.044844	1.666823	-1.604750	1.382192	0.340253	-1.382192	-1.169941	
94	0.814806	0.170380	157.521676	-2.626660	-0.329740	2.626660	-1.591728	1.544480	0.112795	-1.544480	-1.203623	
95	1.225550	0.543664	161.183726	-3.783607	-0.731593	3.783607	-1.477922	1.358669	-0.165648	-1.358669	-1.122400	
96	1.267190	0.591905	163.860765	-3.330734	-0.754608	3.330734	-1.050155	1.380290	-0.066455	-1.380290	-1.427407	
97	1.017871	0.356336	166.133420	-0.587519	-0.454368	0.587519	-0.177348	0.959407	0.327187	-0.959407	-1.957332	
98	0.682383	0.104843	168.270601	1.645780	-0.145372	-1.645780	0.621708	0.054293	0.583626	-0.054293	-2.088505	
99	0.292296	-0.100979	170.661766	1.823105	0.085754	-1.823105	0.640827	-0.515260	0.629582	0.515260	-1.671830	
100	-0.171664	-0.382827	174.440197	1.345622	0.341430	-1.345622	-0.128797	-0.919306	0.763557	0.919306	-1.244622	
101	-0.509966	-0.643991	180.551130	0.968573	0.547054	-0.968573	-1.016281	-1.435612	0.940979	1.435612	-1.121687	
102	-0.492743	-0.630678	188.618986	0.122646	0.490946	-0.122646	-1.638556	-1.350965	0.850782	1.350965	-1.057802	
103	-0.243417	-0.441121	197.737574	-0.899485	0.292380	0.899485	-2.006492	-0.604255	0.721618	0.604255	-1.228671	
104	0.013120	-0.331469	207.600194	-0.985661	0.195400	0.985661	-1.903702	0.064673	0.889007	-0.064673	-1.999184	
105	0.316927	-0.184435	217.985127	-0.469237	0.071074	0.469237	-1.357886	0.330705	1.007787	-0.330705	-2.703344	
106	0.698745	0.143589	228.248856	-1.025515	-0.212177	1.025515	-0.975989	0.542062	0.786920	-0.542062	-2.695859	
107	0.923509	0.369589	238.034811	-2.427144	-0.389501	2.427144	-0.874922	0.989478	0.648896	-0.989478	-2.604951	
108	0.812704	0.230953	247.415545	-2.708438	-0.223613	2.708438	-0.408185	1.017627	0.919662	-1.017627	-3.023502	
109	0.580531	-0.038284	256.008748	-1.820312	0.069600	1.820312	0.631833	0.196253	1.282413	-0.196253	-3.565416	
110	0.481496	-0.107340	262.884812	-0.935210	0.177874	0.935210	1.799339	-0.405880	1.303095	0.405880	-3.544697	
111	0.333288	-0.084080	267.584077	0.554497	0.158105	-0.554497	2.663774	-0.118782	0.896662	0.118782	-2.510765	
112	-0.044539	-0.186239	270.657155	3.127424	0.179263	-3.127424	2.672013	0.065688	0.292521	-0.065688	-0.752002	
113	-0.286730	-0.201425	272.990240	4.346120	0.134821	-4.346120	1.364870	-0.214013	-0.302622	0.214013	0.874920	
114	-0.104820	0.064966	275.115548	2.449455	-0.058626	-2.449455	-0.730924	-0.040890	-0.701232	0.040890	1.713253	
115	0.089916	0.235689	277.470495	-0.423876	-0.124298	0.423876	-2.212951	0.284232	-0.635631	-0.284232	1.552895	
116	0.002640	0.098161	280.530851	-1.679970	0.017251	1.679970	-2.212352	0.210088	-0.288605	-0.210088	0.905633	
117	0.082207	0.141394	284.215737	-1.337615	-0.003902	1.337615	-1.446344	0.076713	-0.143883	-0.076713	0.511633	
118	0.551702	0.597472	287.788474	-0.612734	-0.303243	0.612734	-0.932090	0.009362	-0.276480	-0.009362	0.492195	
119	0.901645	0.982848	290.623463	-0.153865	-0.588153	0.153865	-0.508615	0.098398	-0.498911	-0.098398	0.734418	
120	0.835431	0.945168	292.781563	-0.132243	-0.635993	0.132243	-0.004913	0.416330	-0.547954	-0.416330	0.000000	
121	0.627618	0.599686	294.929081	-0.878949	-0.397773	0.878949	-0.191833	0.648721	-0.073529	-0.648721	-0.564200	
122	0.460928	0.143706	297.825432	-2.592080	0.053106	2.592080	-1.246280	0.416820	0.822824	-0.416820	-3.128213	
123	0.261227	-0.251298	301.868460	-3.948150	0.459667	3.948150	-1.935443	-0.270213	1.478341	0.270213	-4.864658	
124	0.022478	-0.501365	307.210550	-3.049875	0.622187	3.049875	-1.488802	-0.725088	1.627910	0.725088	-4.945249	
125	-0.166335	-0.688805	313.959121	-0.571092	0.646312	0.571092	-0.702182	-0.725078	1.715992	0.725078	-4.901528	
126	-0.180711	-0.758184	321.837918	1.190809	0.597089	-1.190809	-0.357235	-0.601565	1.858363	0.601565	-5.428647	
127	0.082257	-0.504461	330.167199	1.421561	0.372869	-1.421561	-0.320402	-0.252309	1.687744	0.252309	-5.588070	
128	0.533600	-0.077180	338.575903	0.931182	0.116096	-0.931182	-0.361541	0.293904	1.432131	-0.293904	-5.855388	
129	0.920801	0.130371	347.069207	0.724832	0.058083	-0.724832	-0.544240	0.612897	1.629920	-0.612897	-7.531148	
130	1.019797	0.073530	355.172663	0.674334	0.152600	-0.674334	-0.836142	0.378132	1.925518	-0.378132	-9.025712	
131	0.799915	0.032707	361.811003	0.043322	0.154930	-0.043322	-0.721911	-0.026933	1.527683	0.026933	-7.428116	
132	0.491735	0.167720	366.341842	-0.936594	-0.067481	0.936594	0.163343	0.072422	0.513812	-0.072422	-3.247003	
133	0.326503	0.303759	369.164324	-1.598479	-0.280647	1.598479	0.981564	0.577122	-0.202147	-0.577122	-0.269647	
134	0.323023	0.237471	371.069831	-2.372479	-0.161565	2.372479	0.615860	0.616357	-0.065712	-0.616357	-0.767447	
135	0.433290	0.115994	372.516935	-3.586594	0.091558	3.586594	-0.463559	0.197673	0.431933	-0.197673	-3.014321	
136	0.587117	0.080038	373.962154	-3.752044	0.130473	3.752044	-1.059042	0.245921	0.791177	-0.245921	-4.903031	
137	0.697532	-0.049501	376.264770	-1.496031	0.133965	1.496031	-1.093379	0.476201	1.302661	-0.476201	-7.212212	
138	0.788954	-0.247753	379.882045	1.686022	0.228811	-1.686022	-0.981931	0.111029	1.960139	-0.111029	-10.061473	
139	0.891491	-0.199529	384.166114	2.747432	0.132920	-2.747432	-0.502533	-0.175836	2.070459	0.175836	-10.804811	
140	0.907893	0.027376	388.297186	1.431413	-0.127797	-1.431413	0.466259	0.091235	1.630633	-0.091235	-9.057295	
141	0.851788	0.098458	392.188408	-0.295819	-0.216532	0.295819	1.143663	0.047068	1.449386	-0.047068	-8.147473	
142	0.926830	0.093061	395.840381	-2.270129	-0.150865	2.270129	0.825351	-0.983724	1.688683	0.983724	-9.329263	
143	1.133775	0.253565	398.823403	-5.174258	-0.190260	5.174258	0.107641	-2.211455	1.702638	2.211455	-10.137204	
144	1.206606	0.385892	400.975932	-7.490415	-0.270504	7.490415	-0.177791	-2.798278	1.462929	2.798278	-9.631538	
145	1.075160	0.217785	402.782631	-6.793471	-0.143417	6.793471	-0.324703	-3.308586	1.618296	3.308586	-9.808019	
146	0.957197	-0.022178	404.671838	-3.592089	0.059278	3.592089	-0.667364	-3.801520	1.990177	3.801520	-10.782673	
147	0.914242	-0.020068	406.575610	-0.787549	0.054242	0.787549	-0.710134	-3.159638	1.778960	3.159638	-10.021256	
148	0.814133	0.046639	408.459074	0.523466	-0.015455	-0.523466	-0.448698	-1.706486	1.259872	1.706486	-7.850100	
149	0.742566	-0.060738	410.526000	0.983071	0.080656	-0.983071	-0.514144	-0.935184	1.300144	0.935184	-7.756718	
150	0.805738	-0.173149	412.447783	0.949175	0.179742	-0.949175	-0.611149	-0.814052	1.630536	0.814052	-9.343428	
151	0.716287	-0.215577	413.358610	0.323670	0.172855	-0.323670	-0.187332	-0.516126	1.580177	0.516126	-8.889075	
152	0.337474	-0.442225	413.153819	-0.775180	0.279025	0.775180	0.202772	-0.230141	1.564370	0.230141	-7.524323	
153	0.179829	-0.745862	412.559991	-1.741542	0.479792	1.741542	-0.007143	-0.575509	2.096574	0.575509	-9.300121	
154	0.602568	-0.641967	411.574573	-2.601223	0.463564	2.601223	-0.427267	-1.356968	2.552880	1.356968	-12.707033	
155	1.148883	-0.181022	409.368522	-3.699224	0.220033	3.699224	-0.473447	-1.537724	2.323696	1.537724	-13.511123	
156	1.295484	0.058725	405.787284	-4.384379	0.051452	4.384379	-0.217769	-1.195048	1.982171	1.195048	-12.572701	
157	1.200964	-0.047066	401.419631	-4.202344	0.117817	4.202344	-0.268031	-1.456645	2.123527	1.456645	-12.966030	
158	1.210464	-0.067497	396.451347	-3.987036	0.214648	3.987036	-0.747914	-2.096221	2.235613	2.096221	-13.555865	
159	1.268462	0.150953	390.826671	-4.103314	0.134237	4.103314	-1.086284	-2.120616	1.783335	2.120616	-11.914423	
160	1.201961	0.307267	385.284351	-3.629363	0.006722	3.629363	-0.996751	-1.688470	1.236559	1.688470	-9.461615	
161	1.100114	0.257791	381.162882	-2.370668	-0.017456	2.370668	-0.712627	-1.396866	1.176514	1.396866	-8.828204	
162	1.196832	0.250734	379.220276	-1.567849	-0.065714	1.567849	-0.305984	-1.245024	1.304055	1.245024	-9.722957	
163	1.459888	0.428548	379.154505	-2.317106	-0.220609	2.317106	0.247519	-1.023829	1.083549	1.023829	-10.188447	
164	1.529389	0.520783	380.259415	-4.472015	-0.274944	4.472015	0.458312	-0.866336	0.793878	0.866336	-9.817209	
165	1.349811	0.370103	382.111086	-6.818041	-0.110181	6.818041	-0.075106	-1.168521	0.953836	1.168521	-9.885861	
166	1.370589	0.251451	384.379539	-7.971726	0.044772	7.971726	-0.752850	-1.726325	1.236448	1.726325	-11.223431	
167	1.691774	0.299607	386.623369	-7.518262	0.016056	7.518262	-1.004885	-1.892829	1.203177	1.892829	-13.066003	
168	1.755980	0.265146	388.733166	-6.491913	-0.051733	6.491913	-1.094218	-1.930145	1.160229	1.930145	-13.517592	
169	1.242274	-0.029709	390.913278	-6.031687	0.093043	6.031687	-1.452242	-2.473314	1.600990	2.473314	-12.173932	
170	0.569697	-0.457621	393.110121	-5.911061	0.447806	5.911061	-2.299774	-3.437539	2.597421	3.437539	-11.562746	
171	0.323751	-0.672800	394.892109	-5.289239	0.658326	5.289239	-2.960633	-4.289061	3.384432	4.289061	-12.548480	
172	0.474344	-0.481602	395.626377	-3.721892	0.501260	3.721892	-1.965780	-3.872200	2.941126	3.872200	-11.734282	
173	0.463119	-0.216860	394.995704	-1.531650	0.279694	1.531650	0.176498	-2.165006	1.847300	2.165006	-8.082741	
174	0.171086	-0.269844	393.599343	-0.388414	0.341334	0.388414	0.772028	-1.622214	1.797914	1.622214	-6.219210	
175	0.085380	-0.468749	392.098257	-1.997800	0.509277	1.997800	-0.856404	-3.211429	2.812924	3.211429	-8.592259	
176	0.314509	-0.479010	390.190584	-5.418159	0.483588	5.418159	-2.582688	-4.578670	3.394526	4.578670	-11.180899	
177	0.420463	-0.377169	387.779513	-7.142503	0.356983	7.142503	-2.909456	-4.109212	3.115040	4.109212	-10.607441	
178	0.385101	-0.332556	385.797057	-4.993015	0.311768	4.993015	-2.110509	-3.114767	2.699510	3.114767	-8.973253	
179	0.747132	-0.160560	384.616306	-1.441930	0.155057	1.441930	-0.290577	-2.747949	1.913531	2.747949	-8.345957	
180	1.488959	0.282204	383.389672	0.111090	-0.253441	-0.111090	2.888076	-2.103501	-0.044626	2.103501	-6.601111	
181	1.785517	0.620177	381.709217	0.211857	-0.535609	-0.211857	5.931102	-1.048989	-2.017120	1.048989	-2.937189	
182	1.412848	0.531555	380.064348	0.696242	-0.442739	-0.696242	6.455282	-1.100692	-2.161579	1.100692	-0.874036	
183	1.201274	0.346246	378.242378	0.864292	-0.317115	-0.864292	5.224051	-2.305143	-1.368702	2.305143	-1.829282	
184	1.408228	0.355770	375.100568	-0.602856	-0.344828	0.602856	4.419961	-2.840344	-1.242822	2.840344	-2.997747	
185	1.263585	0.284274	370.562172	-2.497580	-0.294029	2.497580	3.439849	-2.767143	-0.889363	2.767143	-3.188359	
186	0.680975	0.002080	366.071290	-3.482202	-0.134374	3.482202	1.372128	-3.785409	0.485332	3.785409	-3.960581	
187	0.528983	-0.168963	362.302609	-4.389485	-0.059314	4.389485	-0.081523	-5.293978	1.506168	5.293978	-5.633492	
188	0.923777	-0.100427	358.441157	-5.218896	-0.021442	5.218896	0.435296	-4.958530	1.295588	4.958530	-6.491196	
189	1.079006	-0.044992	354.256956	-4.044933	0.122843	4.044933	1.700690	-3.411416	0.887361	3.411416	-5.879466	
190	0.798127	-0.170017	350.331172	-1.282347	0.371275	1.282347	1.848634	-3.265858	1.370689	3.265858	-5.687399	
191	0.610108	-0.327954	346.084957	-0.267571	0.573093	0.267571	0.718326	-4.163002	2.304085	4.163002	-6.836776	
192	0.828265	-0.261171	0.000000	-0.990057	0.529375	0.990057	0.735784	-3.918954	2.030222	3.918954	-6.695679	
193	1.299365	0.054027	332.331481	-0.274661	0.307079	0.274661	4.276362	-2.979974	-0.177960	2.979974	-3.281087	
194	1.630463	0.334019	323.780012	1.059490	0.141488	-1.059490	8.707315	-2.857780	-2.516538	2.857780	0.681074	
195	1.571460	0.368675	314.933675	-0.921617	0.017093	0.921617	9.078844	-3.213656	-2.943823	3.213656	1.755797	
196	1.205676	0.238624	305.656335	-6.216252	-0.132259	6.216252	5.378894	-3.260120	-1.817761	3.260120	0.562292	
197	0.705623	0.070972	296.347444	-11.709884	-0.263175	11.709884	0.995931	-3.862250	-0.409143	3.862250	-0.811829	
198	0.305419	-0.089313	287.717846	-16.299485	-0.410423	16.299485	-2.283688	-6.221083	0.860582	6.221083	-2.122157	
199	0.240839	-0.193975	279.778529	-19.926637	-0.533949	19.926637	-3.782461	-9.113934	1.793811	9.113934	-3.508491	
200	0.326661	-0.204566	272.388668	-21.075898	-0.581845	21.075898	-2.821596	-10.257030	1.962880	10.257030	-3.867922	
201	0.164316	-0.131914	266.402302	-19.144243	-0.781385	19.144243	0.247000	-10.411352	1.244880	10.411352	-2.291619	
202	-0.074166	-0.018089	262.761983	-16.671229	-1.214081	16.671229	3.879833	-11.696251	0.110958	11.696251	-0.017727	
203	0.234595	0.108018	260.908475	-15.869453	-1.394055	15.869453	6.823840	-12.342546	-1.040319	12.342546	1.198815	
204	1.093247	0.239337	259.464697	-14.514454	-0.908985	14.514454	9.032225	-9.509534	-2.287320	9.509534	1.642566	
205	1.711921	0.324058	257.894270	-9.695840	-0.057104	9.695840	10.407403	-5.318891	-3.233575	5.318891	2.098602	
206	1.653832	0.292036	256.441497	-3.496527	0.612774	3.496527	10.433707	-3.558860	-3.030271	3.558860	1.963487	
207	1.376716	0.192197	255.126795	-0.135601	0.989585	0.135601	9.586014	-3.742876	-2.005787	3.742876	1.091509	
208	1.483248	0.167589	253.647508	0.097593	1.334940	-0.097593	9.620554	-3.514886	-1.856273	3.514886	0.964069	
209	1.900259	0.242140	251.930688	-0.560020	1.673331	0.560020	11.245685	-3.017228	-3.059029	3.017228	2.111981	
210	2.100749	0.312353	250.318337	-2.997487	1.496923	2.997487	12.884216	-4.091685	-4.151479	4.091685	3.246030	
211	2.099912	0.363324	249.099662	-9.935281	0.590691	9.935281	14.084775	-7.384436	-4.836993	7.384436	4.015873	
212	2.315369	0.419006	248.102083	-18.984559	-0.095013	18.984559	15.857494	-10.927966	-5.766288	10.927966	4.988810	
213	2.439516	0.385356	247.112571	-23.123669	0.106117	23.123669	16.418576	-12.355198	-5.632754	12.355198	5.249604	
214	1.997336	0.240153	246.361614	-20.764063	0.379046	20.764063	14.065055	-13.132560	-3.841508	13.132560	4.119066	
215	1.478062	0.127626	246.090842	-17.929556	0.104819	17.929556	11.893689	-15.850514	-2.630984	15.850514	3.147053	
216	1.361635	0.088334	246.201704	-17.381952	-0.199941	17.381952	11.893040	-18.704042	-2.537448	18.704042	3.130354	
217	1.223327	0.028851	246.851924	-17.387189	-0.238447	17.387189	11.037408	-19.121870	-1.691030	19.121870	2.712935	
218	0.778076	-0.028648	248.718620	-18.128067	-0.466275	18.128067	8.611638	-18.725504	-0.633777	18.725504	1.638883	
219	0.530423	0.026231	252.288047	-19.610297	-1.015771	19.610297	9.097719	-20.144511	-1.719569	20.144511	1.606779	
220	0.920635	0.171243	257.596232	-19.300134	-1.156819	19.300134	13.997922	-21.689440	-4.305947	21.689440	3.432708	
221	1.636709	0.262184	264.800729	-14.823813	-0.208105	14.823813	18.569496	-18.934256	-5.399231	18.934256	5.858438	
222	2.032954	0.226424	274.255537	-6.817193	1.323984	6.817193	18.353859	-11.549222	-4.150753	11.549222	7.162730	
223	1.965589	0.131732	286.031183	-1.648796	2.102921	1.648796	14.655299	-6.171833	-2.488752	6.171833	7.154662	
224	1.903273	0.066873	300.201713	-4.499862	1.833480	4.499862	12.449244	-7.418365	-1.736625	7.418365	7.341332	
225	2.156529	0.059866	317.424670	-10.357337	1.779237	10.357337	13.257146	-9.764965	-1.510371	9.764965	8.934087	
226	2.573510	0.149472	338.161704	-10.797514	2.642709	10.797514	15.793915	-7.872733	-2.390986	7.872733	11.559727	
227	3.007940	0.360961	361.754818	-5.524635	3.615971	5.524635	21.832261	-7.319865	-5.465787	7.319865	14.428150	
228	3.359361	0.563661	387.385589	-2.535511	3.944614	2.535511	31.135950	-13.749793	-8.684616	13.749793	16.859847	
229	3.436198	0.617116	415.031687	-6.465734	3.853679	6.465734	37.539554	-22.336335	-9.446636	22.336335	18.042547	
230	3.349376	0.649374	444.469377	-11.061870	3.694003	11.061870	40.253251	-28.624312	-9.676457	28.624312	18.334656	
231	3.399872	0.803424	474.628233	-10.490411	3.462079	10.490411	44.537277	-34.960936	-11.351641	34.960936	19.119250	
232	3.348648	0.821324	504.686905	-11.861223	2.934899	11.861223	46.855067	-41.083303	-10.834343	41.083303	19.627716	
233	2.737737	0.411009	534.316829	-22.747534	1.975545	22.747534	39.029381	-42.178205	-5.196605	42.178205	17.564369	
234	1.861806	-0.169231	562.546864	-34.566008	1.098421	34.566008	25.855788	-38.778035	1.465875	38.778035	13.871698	
235	1.473070	-0.443236	588.256870	-36.236865	1.024333	36.236865	18.951628	-36.675387	4.283335	36.675387	12.461658	
236	1.723634	-0.377843	611.784860	-29.757773	2.038575	29.757773	17.889218	-34.006876	4.255979	34.006876	14.728798	
237	2.092445	-0.235164	633.934741	-18.026858	4.178877	18.026858	15.086867	-23.641882	3.945893	23.641882	17.697074	
238	2.203961	-0.086693	653.811726	-0.810074	6.613423	0.810074	11.725306	-11.371941	2.905861	11.371941	18.443261	
239	2.177240	0.103701	669.905322	11.953865	7.672117	-11.953865	12.309621	-9.229208	1.010038	9.229208	17.745760	
240	2.153308	0.267376	682.306149	9.896278	6.872265	-9.896278	13.851858	-13.211872	-0.131569	13.211872	17.160527	
241	2.045810	0.399308	691.727637	-0.421261	5.352109	0.421261	13.983230	-13.171521	-0.669597	13.171521	15.867700	
242	1.765386	0.499359	697.679288	-7.314937	3.932347	7.314937	16.132334	-12.487791	-1.496369	12.487791	12.997165	
243	1.285321	0.327138	699.309501	-11.786781	2.340179	11.786781	19.442578	-18.308041	-1.211410	18.308041	9.625227	
244	0.758729	-0.168098	697.000103	-20.493442	0.547234	20.493442	19.401347	-27.201504	0.876170	27.201504	7.515255	
245	0.438365	-0.569910	691.980176	-31.066772	-1.047695	31.066772	17.852904	-33.155712	2.465886	33.155712	6.803975	
246	0.301065	-0.626832	685.066324	-38.939032	-3.106665	38.939032	18.763643	-38.911038	2.185651	38.911038	5.952373	
247	0.338733	-0.445605	676.907860	-46.702541	-6.095279	46.702541	20.410131	-47.678258	1.274756	47.678258	5.436973	
248	0.782510	-0.120318	668.835271	-54.756929	-7.579964	54.756929	19.672821	-52.110229	0.885974	52.110229	7.922592	
249	1.523668	0.244448	661.868957	-54.791502	-4.765640	54.791502	17.462616	-44.147529	0.834759	44.147529	13.019261	
250	2.043779	0.492241	655.551180	-43.040165	0.481856	43.040165	15.292984	-29.493031	0.765044	29.493031	16.688649	
251	2.171434	0.632107	649.192396	-29.420450	3.797286	29.420450	12.289830	-19.403459	0.755049	19.403459	17.129086	
252	2.260708	0.794790	643.135485	-22.703519	4.909605	22.703519	9.056493	-14.417312	0.788099	14.417312	17.096133	
253	2.399844	0.888936	637.693614	-20.498642	6.189274	20.498642	8.093068	-10.699095	0.781912	10.699095	18.149411	
254	2.270078	0.758447	632.268661	-19.536942	6.983438	19.536942	9.469018	-11.001191	0.827560	11.001191	17.911414	
255	1.992444	0.613541	626.367563	-18.927809	6.038849	18.927809	11.373034	-16.959854	0.826074	16.959854	16.220134	
256	2.049029	0.705593	620.519608	-18.256752	4.562425	18.256752	12.685575	-24.777932	0.640254	24.777932	16.452634	
257	2.370362	0.885944	615.968745	-20.964862	3.302068	20.964862	12.808163	-30.596831	0.401308	30.596831	18.737996	
258	2.464598	0.913789	613.755716	-28.115462	2.010423	28.115462	11.413417	-30.634993	0.259458	30.634993	19.519118	
259	2.351419	0.908803	613.965699	-34.408852	1.092096	34.408852	10.215357	-27.150822	-0.016083	27.150822	18.593627	
260	2.494787	1.095105	616.217070	-37.995894	0.820558	37.995894	11.679501	-29.864157	-0.752774	29.864157	19.524650	
261	2.881500	1.282692	620.820435	-40.195625	1.232210	40.195625	14.075025	-37.468333	-1.486125	37.468333	22.704320	
262	3.038325	1.220521	628.590750	-36.788303	2.303973	36.788303	13.945411	-35.479099	-1.611896	35.479099	24.322180	
263	2.799256	1.075176	639.665719	-26.128496	2.745075	26.128496	11.194658	-22.192568	-1.442209	22.192568	22.378783	
264	2.595943	1.115648	653.446559	-16.997357	1.672196	16.997357	8.373761	-14.353426	-1.703357	14.353426	20.385903	
265	2.807351	1.331836	669.715792	-15.927504	0.254761	15.927504	7.583346	-19.666614	-2.698975	19.666614	22.151485	
266	2.949285	1.476242	689.014366	-17.664268	-1.170477	17.664268	6.863336	-23.579533	-3.779427	23.579533	23.723063	
267	2.551657	1.552043	711.583235	-13.786383	-3.342659	13.786383	4.858855	-15.141466	-4.370174	15.141466	20.658158	
268	2.256524	1.940833	736.628304	-5.217263	-5.265533	5.217263	6.570807	-5.401104	-5.665629	5.401104	18.705143	
269	2.621731	2.659138	763.160490	-0.377727	-5.999732	0.377727	14.476626	-5.739315	-8.646806	5.739315	23.537034	
270	3.017029	3.151272	790.828147	-0.286374	-7.224650	0.286374	22.270544	-8.385781	-11.523114	8.385781	29.285822	
271	2.847839	3.102931	819.396118	3.985388	-10.806983	-3.985388	24.183464	-3.781257	-12.204777	3.781257	29.132543	
272	2.546822	2.775816	848.311878	12.988525	-15.536013	-12.988525	21.823575	1.136605	-11.726420	-1.136605	26.477590	
273	2.592360	2.422144	877.453614	15.097064	-19.099224	-15.097064	19.155933	-1.932625	-12.019814	1.932625	26.347228	
274	2.732024	2.022440	907.729019	9.303688	-22.072511	-9.303688	17.833229	-7.547391	-12.538816	7.547391	26.380445	
275	2.695589	1.658011	940.377854	7.467016	-25.856876	-7.467016	18.852221	-9.566126	-12.551122	9.566126	24.288375	
276	2.737376	1.536944	976.212050	10.739992	-29.141679	-10.739992	22.838835	-10.962454	-13.859231	10.962454	24.209591	
277	2.963152	1.584899	1016.102197	12.161125	-31.680066	-12.161125	29.641883	-14.217446	-17.038056	14.217446	27.707150	
278	2.983334	1.551751	1061.581896	14.230189	-35.858042	-14.230189	39.566744	-16.472726	-19.219853	16.472726	29.611472	
279	2.760518	1.547297	1114.209688	21.069844	-42.021206	-21.069844	53.166705	-16.149014	-20.523939	16.149014	30.176538	
280	2.694231	1.744464	1174.773826	26.802695	-49.059778	-26.802695	70.035227	-16.552286	-24.220671	16.552286	34.714724	
281	2.657915	1.741025	1243.994998	24.853024	-56.498318	-24.853024	85.930802	-21.212026	-26.718860	21.212026	37.756216	
282	2.222883	1.180494	1323.203837	17.776815	-63.560689	-17.776815	96.196338	-28.703061	-21.511036	28.703061	30.203181	
283	1.582686	0.451468	1412.882975	10.153672	-70.790848	-10.153672	104.107565	-35.870703	-11.959639	35.870703	17.527997	
284	1.103497	-0.084510	1511.522370	-0.978923	-79.470223	0.978923	114.601230	-44.705586	-3.705297	44.705586	7.515737	
285	0.539520	-0.687710	1616.588847	-20.676824	-90.272844	20.676824	126.725791	-60.641695	7.456899	60.641695	-5.466063	
286	-0.317387	-1.482568	1724.587271	-49.204570	-106.398166	49.204570	142.820525	-84.996945	24.417284	84.996945	-24.478294	
287	-1.005329	-2.046707	1829.996789	-88.209735	-128.054431	88.209735	164.853308	-110.232170	38.678592	110.232170	-38.979745	
288	-1.260729	-2.248943	1926.529587	-140.765445	-144.634846	140.765445	178.621049	-128.216974	46.290575	128.216974	-45.395199	
289	-1.550476	-2.576266	2009.638564	-204.933818	-148.928097	204.933818	170.576693	-144.378934	56.900935	144.378934	-55.451675	
290	-2.065964	-3.186296	2076.562839	-278.637725	-150.542490	278.637725	152.466497	-167.495948	73.605447	167.495948	-72.341295	
291	-2.369730	-3.721034	2124.980899	-360.826021	-159.247267	360.826021	140.579105	-193.951008	87.471464	193.951008	-86.539594	
292	-2.369702	-4.206458	2153.630970	-449.316111	-172.531912	449.316111	131.459732	-224.264800	98.843457	224.264800	-99.125034	
293	-2.444225	-4.973261	2164.216632	-544.196847	-188.400419	544.196847	119.044662	-268.148082	116.379421	268.148082	-119.866172	
294	-2.743559	-5.947848	2161.493779	-643.871152	-209.738992	643.871152	109.005297	-323.323615	139.326190	323.323615	-148.726211	
295	-3.151141	-6.848979	2151.378572	-742.295176	-233.121962	742.295176	103.731633	-380.203161	161.872528	380.203161	-179.898682	
296	-3.644224	-7.683868	2139.403819	-838.353509	-249.801346	838.353509	95.715524	-443.466694	185.767452	443.466694	-214.724095	
297	-4.434456	-8.670567	2130.293893	-939.547894	-259.208521	939.547894	82.365862	-527.834383	217.393772	527.834383	-259.995359	
298	-5.730423	-9.894536	2127.337153	-1047.205716	-266.685728	1047.205716	69.562929	-635.698995	258.114763	635.698995	-317.758317	
299	-7.392412	-11.218727	2131.146768	-1152.007168	-269.655644	1152.007168	57.064528	-753.159968	304.795032	753.159968	-383.200508	
300	-9.101954	-12.487634	2139.378829	-1242.585967	-261.149557	1242.585967	38.178761	-869.064048	355.462251	869.064048	-450.181375	
301	-10.774339	-13.725258	2147.920051	-1303.155692	-241.977327	1303.155692	14.185921	-983.788480	409.140995	983.788480	-514.370215	
302	-12.454064	-15.036378	2152.270351	-1324.655207	-221.650593	1324.655207	-4.189333	-1099.397377	463.154475	1099.397377	-571.481437	
303	-13.980061	-16.366660	2148.641543	-1313.829070	-207.255147	1313.829070	-10.562462	-1207.743120	512.644368	1207.743120	-615.807482	
304	-15.189537	-17.648728	2134.917426	-1270.267409	-195.479142	1270.267409	-11.463247	-1296.819766	555.366663	1296.819766	-646.821863	
305	-16.185271	-18.980195	2111.798663	-1186.614956	-184.824082	1186.614956	-9.562960	-1370.105560	591.001962	1370.105560	-667.729790	
306	-17.077118	-20.381562	2084.479163	-1074.094506	-183.303883	1074.094506	7.744874	-1433.476430	611.448085	1433.476430	-672.480312	
307	-17.832557	-21.731829	2063.132759	-956.058456	-194.457810	956.058456	46.420042	-1475.528027	606.139230	1475.528027	-652.332550	
308	-18.480729	-23.021493	2060.359905	-844.792905	-213.607068	844.792905	97.303823	-1495.568574	577.105399	1495.568574	-612.814476	
309	-19.088643	-24.295831	2087.213913	-744.293272	-238.282589	744.293272	155.155012	-1513.226258	532.424973	1513.226258	-565.402965	
310	-19.615731	-25.430251	2150.234295	-657.164183	-266.269682	657.164183	218.367048	-1527.540757	471.800818	1527.540757	-511.265957	
311	-20.032595	-26.242077	2249.620742	-571.273551	-284.914658	571.273551	267.860433	-1509.789606	393.412770	1509.789606	-447.614548	
312	-20.296538	-26.593637	2378.874705	-461.946030	-272.478549	461.946030	268.962375	-1434.920582	305.719411	1434.920582	-380.675981	
313	-20.239269	-26.342207	2527.729708	-314.159184	-214.196029	314.159184	201.095627	-1291.052802	222.805054	1291.052802	-322.509526	
314	-19.697961	-25.412200	2687.384406	-128.664984	-111.239152	128.664984	71.433261	-1075.501114	156.317635	1075.501114	-283.508260	
315	-18.495484	-23.822196	2853.722069	80.435391	21.755827	-80.435391	-90.978667	-819.661236	117.432233	819.661236	-280.862216	
316	-16.504394	-21.706959	3027.135976	282.731497	154.289464	-282.731497	-236.124846	-599.081440	109.786928	599.081440	-333.499288	
317	-13.801066	-19.273835	3211.105971	439.884323	252.037598	-439.884323	-317.025433	-469.890202	118.806645	469.890202	-435.135199	
318	-10.423722	-16.593921	3411.441491	516.783680	293.080978	-516.783680	-312.566600	-433.759962	122.534213	433.759962	-555.635374	
319	-6.518791	-13.801919	3637.923252	487.060099	258.960806	-487.060099	-218.765260	-467.678621	102.681491	467.678621	-647.106029	
320	-2.795459	-11.426718	3908.042875	346.966883	135.659549	-346.966883	-57.226667	-518.560855	51.749988	518.560855	-642.648094	
321	-0.491923	-10.260870	4249.052295	137.441968	-63.998065	-137.441968	114.766699	-499.836116	-20.277319	499.836116	-487.165987	
322	-1.019394	-11.034945	4692.255605	-44.724350	-280.745519	44.724350	239.650077	-343.465380	-101.304346	343.465380	-165.337549	
323	-4.629747	-13.542874	5246.589089	-111.617469	-424.924692	111.617469	324.335500	-65.747757	-196.243051	65.747757	265.060602	
324	-9.552077	-16.006882	5832.321840	-54.165554	-427.293695	54.165554	402.293222	259.938983	-297.628080	-259.938983	651.217376	
325	-13.166057	-16.315497	6209.041571	121.305804	-210.554661	-121.305804	395.414555	640.532914	-320.022155	-640.532914	742.801898	
326	-12.476190	-13.757950	6072.361358	417.379463	287.554218	-417.379463	109.296822	1182.812693	-126.002788	-1182.812693	232.176291	
327	-3.904970	-6.311438	5368.680635	666.192335	734.055317	-666.192335	-621.473119	1769.373006	458.966978	-1769.373006	-954.409706	
328	8.780096	6.881593	4381.210037	562.367936	533.319355	-562.367936	-1531.872303	1800.262708	1445.424833	-1800.262708	-2057.423455	
329	10.834567	16.653607	3416.805612	276.507093	119.423936	-276.507093	-2039.409383	1303.936612	2102.487441	-1303.936612	-2136.344126	
330	1.185507	21.454376	2603.664106	228.885637	-47.218621	-228.885637	-2362.090045	1007.961675	2057.789346	-1007.961675	-1664.031585	
331	-9.582480	26.070530	1953.114074	259.130369	-105.245395	-259.130369	-2695.318792	1051.946620	1756.246324	-1051.946620	-1247.621232	
332	-16.839659	28.044271	1445.946847	239.782138	-62.187406	-239.782138	-2684.317893	1197.170253	1439.392423	-1197.170253	-924.864319	
333	-20.161607	25.943102	1075.764421	380.244226	41.558663	-380.244226	-2354.886227	1194.340760	1120.978068	-1194.340760	-642.007816	
334	-20.322861	21.641146	868.892473	601.813917	155.025925	-601.813917	-1948.915217	1005.431470	820.323196	-1005.431470	-401.348262	
335	-18.636007	16.713497	852.553669	664.108762	255.953252	-664.108762	-1554.770718	787.431570	572.478731	-787.431570	-220.333758	
336	-15.750027	11.789515	972.195474	526.616764	303.963047	-526.616764	-1152.369623	637.960667	382.023245	-637.960667	-99.961543	
337	-11.235470	7.440758	1121.139802	356.844017	258.221668	-356.844017	-756.960445	531.694344	224.350934	-531.694344	-33.893459	
338	-4.953213	4.393835	1214.454366	308.579528	146.181881	-308.579528	-438.219576	426.321880	74.221019	-426.321880	-8.935766	
339	1.642734	2.838516	1202.919307	371.999018	43.973057	-371.999018	-230.493089	325.025432	-63.022313	-325.025432	2.275140	
340	6.496526	1.964644	1074.372963	421.679025	-15.635267	-421.679025	-113.354129	257.892353	-161.561865	-257.892353	22.737729	
341	9.819491	0.769808	850.878191	401.987207	-88.667027	-401.987207	-8.684560	209.518407	-231.395609	-209.518407	56.928418	
342	13.733587	-0.934789	582.686915	362.359991	-228.883569	-362.359991	180.092550	127.318322	-315.040675	-127.318322	113.122741	
343	17.093927	-2.531469	376.237257	347.812912	-344.375562	-347.812912	397.995795	32.155386	-389.734301	-32.155386	183.916401	
344	14.920485	-3.222635	432.607109	340.602477	-295.817629	-340.602477	435.008484	23.233403	-359.405565	-23.233403	209.338293	
345	6.667970	-3.036601	673.290124	319.236824	-130.869084	-319.236824	239.588325	126.317126	-211.536627	-126.317126	151.588776	
346	-2.139425	-2.748813	926.674981	298.020449	2.872016	-298.020449	-2.231030	250.188916	-51.308362	-250.188916	57.375765	
347	-8.221746	-2.721549	1136.825297	280.557529	71.411031	-280.557529	-175.157005	333.086855	54.561464	-333.086855	-22.614552	
348	-12.052024	-2.801205	1283.830583	275.094928	107.611066	-275.094928	-290.836213	385.877609	114.356111	-385.877609	-82.573171	
349	-13.906183	-2.789084	1363.495174	298.272396	120.286376	-298.272396	-345.337369	411.929256	140.992996	-411.929256	-123.581517	
350	-13.767617	-2.550325	1382.162985	335.965379	112.243688	-335.965379	-334.124672	398.861874	139.663294	-398.861874	-140.619937	
351	-12.227182	-2.058507	1352.499701	360.385618	93.522461	-360.385618	-275.908508	354.223378	118.499515	-354.223378	-133.740031	
352	-10.154156	-1.391845	1289.632673	373.583787	72.361043	-373.583787	-205.280776	312.525898	93.481223	-312.525898	-116.445385	
353	-8.132553	-0.653283	1207.514405	387.725749	55.480224	-387.725749	-161.537407	296.420950	78.806756	-296.420950	-104.264386	
354	-6.276065	0.043120	1116.112333	390.814619	45.248692	-390.814619	-144.890762	287.339501	69.661124	-287.339501	-93.891097	
355	-4.444139	0.592999	1021.789488	369.969498	37.790863	-369.969498	-129.262035	266.511426	57.683486	-266.511426	-77.672232	
356	-2.566134	0.984417	930.144526	337.488807	32.959341	-337.488807	-117.435923	251.122619	50.795157	-251.122619	-64.483523	
357	-0.868415	1.261420	846.741547	310.897679	34.935962	-310.897679	-125.541586	255.802930	55.434368	-255.802930	-62.743411	
358	0.388049	1.409034	775.270963	287.446909	41.233801	-287.446909	-142.102279	261.463315	61.202445	-261.463315	-63.656881	
359	1.295968	1.413680	717.213476	258.015947	45.461106	-258.015947	-147.869532	252.587838	59.041877	-252.587838	-58.221672	
360	2.117750	1.378303	672.817412	232.356581	47.310905	-232.356581	-146.598975	243.604168	55.390562	-243.604168	-52.435769	
361	2.742148	1.416536	640.462006	226.177831	49.880232	-226.177831	-150.054152	245.401051	57.915871	-245.401051	-53.869169	
362	2.669444	1.476682	616.525631	232.123501	50.366794	-232.123501	-148.853629	240.576814	60.178904	-240.576814	-55.968909	
363	1.835883	1.453364	597.884207	229.024232	43.357445	-229.024232	-124.609755	213.851988	53.013345	-213.851988	-49.102513	
364	0.971257	1.414737	583.733622	216.838611	31.941823	-216.838611	-86.020392	179.241159	41.394835	-179.241159	-37.782946	
365	0.465484	1.493844	574.509194	205.110642	25.588220	-205.110642	-62.685924	154.629903	35.871299	-154.629903	-32.115039	
366	-0.135895	1.664863	570.374898	184.533418	28.428975	-184.533418	-65.829845	136.221499	36.402332	-136.221499	-31.636295	
367	-0.736855	1.818975	571.277588	152.140572	35.095704	-152.140572	-78.367097	118.422927	36.287489	-118.422927	-30.660069	
368	-0.598908	1.928882	577.044739	128.210007	40.291379	-128.210007	-86.026923	110.837641	35.501042	-110.837641	-30.603313	
369	0.065524	1.993015	586.786880	121.142033	45.819180	-121.142033	-94.260100	117.361520	38.232977	-117.361520	-34.908734	
370	0.403623	1.933319	598.790100	115.270436	51.755015	-115.270436	-103.787880	123.340006	40.938392	-123.340006	-38.810176	
371	0.387928	1.697112	610.955690	104.280946	52.520664	-104.280946	-102.182648	118.700212	37.341895	-118.700212	-36.212812	
372	0.653348	1.360934	621.440915	99.940800	47.587208	-99.940800	-90.086855	111.718219	30.746691	-111.718219	-30.668234	
373	1.393681	1.023953	628.929534	104.777648	43.644628	-104.777648	-83.947747	110.617645	28.326547	-110.617645	-28.948291	
374	1.973435	0.697423	632.194395	105.859650	42.626082	-105.859650	-86.373194	108.093257	28.502947	-108.093257	-29.241352	
375	1.802841	0.345555	630.033206	96.278021	38.424278	-96.278021	-80.993137	94.278655	24.885077	-94.278655	-25.515797	
376	1.351039	-0.028420	621.835726	85.162536	28.523576	-85.162536	-62.649248	74.359150	18.446174	-74.359150	-18.943138	
377	1.368766	-0.377257	607.740869	81.007867	18.706112	-81.007867	-46.156399	59.831292	14.924910	-59.831292	-15.077316	
378	1.652399	-0.701398	588.089657	78.189181	12.826259	-78.189181	-39.288714	50.588503	14.212430	-50.588503	-13.890161	
379	1.736242	-1.045289	563.283067	70.009148	7.710845	-70.009148	-32.924481	40.529588	12.510711	-40.529588	-11.739652	
380	1.826339	-1.344557	534.832811	60.821799	1.861286	-60.821799	-22.475169	30.686703	10.490448	-30.686703	-9.411141	
381	2.275403	-1.456340	505.836536	54.087499	-0.549917	-54.087499	-17.511700	25.200937	11.848143	-25.200937	-10.572161	
382	3.023217	-1.380026	479.428214	43.958263	2.184741	-43.958263	-25.017419	23.614002	16.766768	-23.614002	-14.977025	
383	3.732001	-1.243235	457.478290	27.950271	5.886381	-27.950271	-37.435886	22.518727	21.418456	-22.518727	-18.696812	
384	4.123287	-1.104459	441.170153	13.218678	7.246638	-13.218678	-43.944172	19.823590	23.336090	-19.823590	-19.692742	
385	4.299179	-0.922557	431.554074	4.633219	7.459411	-4.633219	-45.224545	16.984582	24.179028	-16.984582	-19.616061	
386	4.468773	-0.651115	428.990653	-1.431689	8.473113	1.431689	-47.966127	15.789347	25.780697	-15.789347	-19.957898	
387	4.385665	-0.317392	432.661946	-7.791669	9.802665	7.791669	-50.380070	14.628500	26.364159	-14.628500	-19.320297	
388	3.786201	-0.034750	440.722267	-11.749060	9.926193	11.749060	-45.901887	11.245768	23.707489	-11.245768	-16.325390	
389	3.094687	0.126957	450.731621	-12.045161	8.687753	12.045161	-36.187125	6.549686	19.533740	-6.549686	-12.688936	
390	2.856018	0.230749	460.206491	-11.292395	7.251172	11.292395	-28.510891	3.138141	16.996348	-3.138141	-10.694224	
391	2.854188	0.344595	466.845214	-12.109895	6.460770	12.109895	-24.946260	1.533307	15.696608	-1.533307	-9.784758	
392	2.513208	0.452805	468.445791	-14.788814	6.119650	14.788814	-21.604906	-0.396813	13.124484	0.396813	-8.125367	
393	1.965799	0.551640	463.501709	-17.665345	5.928286	17.665345	-17.114974	-3.551243	9.838079	3.551243	-6.074803	
394	1.991269	0.679768	452.023220	-19.705506	6.201288	19.705506	-16.180300	-4.876843	8.865239	4.876843	-5.637144	
395	2.677390	0.824853	434.937816	-21.790691	6.862020	21.790691	-20.452793	-2.782073	10.022115	2.782073	-6.712051	
396	3.168927	0.929511	412.918739	-24.708248	7.181575	24.708248	-24.032996	-1.001872	10.114936	1.001872	-7.070396	
397	3.160929	0.956533	386.748201	-27.600158	6.804201	27.600158	-22.925730	-2.508306	8.534367	2.508306	-6.205127	
398	3.225777	0.883859	358.130676	-29.771737	5.605048	29.771737	-19.491633	-5.576263	7.261807	5.576263	-5.564534	
399	3.423152	0.740267	328.943169	-31.970854	3.747277	31.970854	-16.349221	-8.325403	6.616960	8.325403	-5.299190	
400	3.178009	0.594649	300.184287	-34.434463	2.048925	34.434463	-13.061942	-10.829168	5.417854	10.829168	-4.412177	
401	2.619623	0.466237	272.563014	-35.993303	0.946315	35.993303	-9.577408	-12.943353	4.042146	12.943353	-3.278604	
402	2.547061	0.404522	247.730343	-37.522779	0.414167	37.522779	-7.392243	-14.991842	3.554729	14.991842	-2.715829	
403	3.061873	0.490329	227.780324	-42.305518	0.755734	42.305518	-6.063991	-18.426202	3.176897	18.426202	-2.036682	
404	3.498700	0.634499	213.291203	-49.687606	1.792900	49.687606	-3.722177	-22.454461	1.929467	22.454461	-0.602745	
405	3.598180	0.689337	203.130894	-54.107607	2.494228	54.107607	-0.463524	-24.594496	0.464047	24.594496	0.943089	
406	3.663712	0.679278	196.514620	-53.487186	2.140547	53.487186	2.283191	-24.922752	-0.694527	24.922752	2.198202	
407	3.652305	0.673202	193.601319	-50.898129	1.094200	50.898129	3.999671	-24.161836	-1.906115	24.161836	3.361940	
408	3.197106	0.658115	194.094040	-47.990111	0.334856	47.990111	5.117763	-21.887255	-3.107687	21.887255	4.202633	
409	2.550635	0.618563	197.151977	-44.715361	0.262579	44.715361	6.007351	-20.227514	-3.947369	20.227514	4.582412	
410	2.352419	0.565705	202.449093	-43.069874	0.270042	43.069874	7.174931	-22.165356	-4.705912	22.165356	5.017319	
411	2.522532	0.514094	210.066351	-45.241490	-0.168900	45.241490	9.160650	-26.181659	-5.655848	26.181659	5.706877	
412	2.524243	0.466645	219.727034	-48.959778	-0.711380	48.959778	11.376419	-28.668514	-6.355254	28.668514	6.170445	
413	2.404484	0.406679	230.791787	-50.871807	-1.066192	50.871807	12.850677	-30.143781	-6.598850	30.143781	6.273207	
414	2.574468	0.356354	242.897896	-54.010420	-1.587017	54.010420	14.257031	-34.417189	-7.196689	34.417189	6.757245	
415	2.937878	0.352308	255.957439	-61.775472	-2.414955	61.775472	17.036247	-41.462445	-8.541861	41.462445	7.981337	
416	3.042308	0.338100	269.285399	-68.820232	-3.091542	68.820232	19.894734	-46.571797	-9.398862	46.571797	8.901632	
417	2.930446	0.269804	281.875005	-69.949791	-3.386825	69.949791	20.448657	-48.317348	-9.261553	48.317348	9.007471	
418	3.044062	0.213150	293.777484	-68.524615	-3.802320	68.524615	20.201017	-49.771302	-9.599263	49.771302	9.587623	
419	3.246834	0.181559	305.609430	-68.166067	-4.613275	68.166067	21.072264	-50.413465	-10.341758	50.413465	10.598479	
420	2.921136	0.111088	316.828974	-67.184431	-4.906799	67.184431	20.075753	-46.506705	-9.314487	46.506705	9.796423	
421	2.129432	0.008575	326.208088	-64.011311	-3.768887	64.011311	14.496252	-39.705989	-6.566163	39.705989	7.064673	
422	1.582473	-0.073564	333.538317	-61.039565	-2.092016	61.039565	7.542138	-35.618257	-4.541161	35.618257	4.973015	
423	1.485600	-0.105139	339.519719	-61.420943	-1.351303	61.420943	4.069299	-35.108671	-4.195506	35.108671	4.635096	
424	1.464361	-0.072275	344.651105	-63.519519	-1.314126	63.519519	4.540335	-34.413994	-4.576809	34.413994	5.038817	
425	1.402054	-0.014359	349.138246	-63.495676	-1.012549	63.495676	5.629387	-32.545263	-5.046917	32.545263	5.502629	
426	1.483762	0.005927	353.260222	-62.263732	-0.638576	62.263732	5.435217	-32.220487	-5.723099	32.220487	6.182950	
427	1.648359	-0.014030	357.121083	-63.046296	-0.916739	63.046296	5.504244	-33.791299	-6.346716	33.791299	6.800985	
428	1.629593	-0.049887	360.312380	-65.043727	-1.796300	65.043727	6.867060	-34.619859	-6.110332	34.619859	6.499025	
429	1.471760	-0.100691	362.301873	-66.079770	-2.638676	66.079770	8.066680	-35.329703	-5.186896	35.329703	5.489428	
430	1.523923	-0.161468	363.096508	-67.590493	-3.202702	67.590493	8.749603	-39.402452	-5.083551	39.402452	5.378999	
431	1.823557	-0.201360	363.200591	-71.089487	-3.760755	71.089487	10.441999	-46.029586	-6.269167	46.029586	6.644848	
432	1.960821	-0.182669	363.033229	-73.678529	-4.217076	73.678529	12.820836	-50.181280	-7.200441	50.181280	7.632570	
433	1.710883	-0.096083	362.670952	-70.913001	-3.767031	70.913001	13.474932	-49.267209	-6.851996	49.267209	7.226242	
434	1.358622	0.020235	362.125345	-64.510811	-2.215070	64.510811	11.904967	-45.333423	-6.225423	45.333423	6.438936	
435	1.305565	0.124416	361.789758	-61.627138	-1.033039	61.627138	11.488757	-42.107847	-6.843992	42.107847	6.893985	
436	1.525793	0.213446	362.358298	-64.168708	-1.188082	64.168708	14.297477	-40.673970	-8.561904	40.673970	8.492851	
437	1.549666	0.267034	363.956101	-66.233523	-1.263855	66.233523	15.395340	-37.410084	-9.062406	37.410084	8.883350	
438	1.217808	0.250607	365.845524	-63.535462	-0.114511	63.535462	10.444579	-30.687057	-7.334639	30.687057	7.102358	
439	1.044461	0.212211	367.490444	-59.932868	0.814573	59.932868	5.954702	-27.738076	-6.250366	27.738076	6.038158	
440	1.344918	0.213838	369.121989	-60.712675	0.049717	60.712675	9.992012	-33.945934	-7.897877	33.945934	7.685564	
441	1.668065	0.208253	370.922669	-62.374778	-1.332824	62.374778	17.551520	-41.249686	-9.671273	41.249686	9.473578	
442	1.630534	0.130937	372.625898	-58.166726	-1.740439	58.166726	18.618811	-41.348493	-9.079557	41.348493	9.083761	
443	1.548897	0.019523	374.201870	-51.387487	-1.572645	51.387487	14.490442	-39.104205	-8.026958	39.104205	8.425487	
444	1.717472	-0.050943	376.208600	-51.175519	-1.922558	51.175519	12.853633	-40.402340	-8.562832	40.402340	9.423601	
445	1.837327	-0.064364	379.207246	-56.547319	-2.449557	56.547319	13.808975	-41.234210	-9.153719	41.234210	10.370339	
446	1.721646	-0.052929	383.337200	-58.264401	-2.050460	58.264401	12.209018	-38.519641	-8.651702	38.519641	9.976872	
447	1.745711	-0.045147	388.584382	-54.657417	-1.086118	54.657417	8.955353	-38.066302	-9.013217	38.066302	10.371159	
448	1.956202	-0.046838	394.717205	-51.431842	-0.891953	51.431842	8.735408	-42.064855	-10.392211	42.064855	11.936087	
449	1.724699	-0.065101	400.821230	-47.930749	-1.036948	47.930749	8.563552	-40.694706	-9.168256	40.694706	10.759723	
450	0.978493	-0.104435	405.876462	-39.827767	-0.179248	39.827767	2.447734	-29.382106	-4.919580	29.382106	6.163151	
451	0.503402	-0.121271	409.852589	-31.644093	1.007746	31.644093	-4.935421	-19.492146	-2.286773	19.492146	3.183838	
452	0.606322	-0.073220	413.503360	-30.364980	1.057922	30.364980	-4.531303	-18.522657	-3.137872	18.522657	3.974210	
453	0.866366	-0.004428	417.568706	-33.604392	0.169320	33.604392	2.066637	-19.516301	-4.855386	19.516301	5.802792	
454	1.100993	0.032368	422.531646	-35.021042	-0.622515	35.021042	6.981973	-18.436852	-6.252158	18.436852	7.515371	
455	1.367152	0.060420	428.278217	-33.736744	-0.864429	33.736744	8.388330	-19.403704	-7.837112	19.403704	9.504492	
456	1.386441	0.069417	433.841369	-31.355346	-0.633877	31.355346	7.575966	-20.133937	-8.017440	20.133937	9.781337	
457	0.960747	0.000554	438.077289	-26.984818	-0.097998	26.984818	3.298314	-14.989803	-5.448478	14.989803	6.982684	
458	0.530891	-0.087520	440.522521	-20.781381	0.703307	20.781381	-2.477949	-9.048666	-2.803843	9.048666	4.095188	
459	0.517125	-0.084440	441.410787	-17.487761	1.395841	17.487761	-3.663616	-9.827901	-2.781744	9.827901	3.919840	
460	0.618489	-0.031766	441.153988	-19.513211	1.415850	19.513211	-0.057061	-12.749200	-3.527327	12.749200	4.490244	
461	0.414728	-0.058344	440.137463	-20.927986	1.283068	20.927986	-0.011764	-7.869982	-2.312003	7.869982	3.084015	
462	0.182359	-0.166698	438.892597	-16.510731	1.586891	16.510731	-6.554786	2.608780	-0.785177	-2.608780	1.745121	
463	0.326329	-0.224663	437.744634	-10.977007	1.517090	10.977007	-10.467983	5.992635	-1.614295	-5.992635	3.208114	
464	0.438124	-0.206567	436.104608	-9.714783	0.895051	9.714783	-7.837517	2.012813	-2.412989	-2.012813	4.184290	
465	0.094780	-0.231738	433.019744	-8.916676	0.632498	8.916676	-6.711504	2.761357	-0.419638	-2.761357	1.627290	
466	-0.191832	-0.287933	428.452384	-5.079998	0.645447	5.079998	-8.816919	7.719866	1.301159	-7.719866	-0.430464	
467	-0.024159	-0.261717	423.098787	-1.990407	0.459271	1.990407	-8.088551	7.793623	0.209401	-7.793623	0.817579	
468	0.175623	-0.214989	417.479554	-2.344076	0.220290	2.344076	-4.891377	5.520676	-1.089918	-5.520676	2.235557	
469	0.159466	-0.250286	412.009185	-2.660382	0.062631	2.660382	-3.534052	7.330949	-1.031303	-7.330949	2.278066	
470	0.205715	-0.290945	407.177759	0.299014	0.065058	-0.299014	-4.375791	10.772656	-1.370844	-10.772656	2.811860	
471	0.389514	-0.267570	403.103376	4.612030	0.242654	-4.612030	-5.655946	11.940717	-2.574868	-11.940717	4.100990	
472	0.485095	-0.232437	399.374970	6.843361	0.369677	-6.843361	-5.670831	10.731896	-3.227028	-10.731896	4.653294	
473	0.458854	-0.233692	395.615285	6.606593	0.373303	-6.606593	-4.322569	8.909662	-3.129171	-8.909662	4.459940	
474	0.507653	-0.275869	392.007855	6.951451	0.388049	-6.951451	-3.648756	9.959817	-3.588612	-9.959817	5.171397	
475	0.769557	-0.299335	388.972175	9.899789	0.311842	-9.899789	-2.895579	12.928067	-5.502607	-12.928067	7.685172	
476	1.103240	-0.263680	386.480417	14.098610	-0.006222	-14.098610	0.222489	12.610754	-7.839991	-12.610754	10.532247	
477	1.073814	-0.275549	384.101225	18.097824	-0.209424	-18.097824	1.880679	11.490147	-7.799437	-11.490147	10.504079	
478	0.492543	-0.365781	381.518009	21.762815	0.185357	-21.762815	-3.903406	16.879479	-4.155650	-16.879479	6.160808	
479	-0.148475	-0.349646	378.750553	24.243565	0.982170	-24.243565	-14.813125	26.529756	0.214207	-26.529756	0.614129	
480	-0.443666	-0.197559	375.989725	23.961284	1.543743	-23.961284	-22.839626	32.589582	2.648587	-32.589582	-2.818782	
481	-0.747843	-0.150872	373.231871	20.214381	1.704307	-20.214381	-25.320652	34.611185	4.833461	-34.611185	-5.460993	
482	-1.253542	-0.286291	370.230216	14.821972	1.780856	-14.821972	-25.019017	36.565654	7.782028	-36.565654	-8.337933	
483	-1.346970	-0.377847	366.916478	11.700529	1.717319	-11.700529	-21.652474	36.893953	7.987958	-36.893953	-8.114581	
484	-0.633957	-0.222763	363.461666	10.699639	0.893901	-10.699639	-11.240973	28.957469	3.490420	-28.957469	-3.300701	
485	0.314534	0.091037	359.863447	6.682918	-0.877538	-6.682918	4.371285	12.612513	-1.979027	-12.612513	2.081274	
486	0.766856	0.249809	356.005046	0.595705	-2.331055	-0.595705	13.719886	0.789721	-4.376519	-0.789721	4.396355	
487	0.774799	0.150593	351.965244	0.093203	-2.138549	-0.093203	10.764913	2.449012	-4.421730	-2.449012	4.718367	
488	0.715022	0.037969	347.676715	5.419496	-1.179722	-5.419496	3.444059	8.299593	-4.092629	-8.299593	4.683518	
489	0.426205	-0.013534	342.688439	9.313757	-0.512641	-9.313757	-2.097947	10.494937	-2.443898	-10.494937	2.977034	
490	-0.204246	-0.205182	336.895787	10.147445	1.130315	-10.147445	-7.508367	15.283736	0.600687	-15.283736	-0.214076	
491	-0.541218	-0.469046	330.987024	11.733676	3.809436	-11.733676	-10.768222	23.589446	1.826598	-23.589446	-1.077615	
492	-0.231274	-0.519543	325.570875	13.196643	4.782374	-13.196643	-8.114641	26.251802	0.293118	-26.251802	1.295602	
493	0.079404	-0.418374	320.417057	11.011794	3.707469	-11.011794	-3.369002	22.466446	-0.866446	-22.466446	2.956884	
494	-0.035690	-0.418155	315.098828	7.619036	3.080702	-7.619036	-2.296849	19.870910	-0.282487	-19.870910	2.251777	
495	-0.081073	-0.467341	309.814226	8.326087	3.260905	-8.326087	-3.556515	19.160478	-0.016193	-19.160478	1.988591	
496	0.223449	-0.397184	304.901953	11.125138	2.806412	-11.125138	-2.956912	15.293716	-0.876299	-15.293716	3.292949	
497	0.380233	-0.287489	300.052903	9.956318	1.907670	-9.956318	-0.920248	9.225909	-1.218463	-9.225909	3.715840	
498	0.089287	-0.323551	294.779274	5.817344	1.898780	-5.817344	-0.324696	6.603363	-0.370672	-6.603363	2.245505	
499	-0.276584	-0.471863	289.189065	3.409603	2.693382	-3.409603	-1.166147	8.118407	0.523979	-8.118407	0.815980	
500	-0.404564	-0.509510	283.571952	2.248889	2.823610	-2.248889	-1.508405	8.938235	0.766379	-8.938235	0.279684	
501	-0.500977	-0.424372	277.832707	0.487213	2.159300	-0.487213	-1.567892	8.137094	0.927377	-8.137094	-0.670813	
502	-0.782660	-0.478303	272.017343	0.423592	2.284598	-0.423592	-2.820777	10.145519	1.453924	-10.145519	-2.172558	
503	-0.965735	-0.673179	266.734123	2.920199	3.251495	-2.920199	-4.211473	14.175635	1.716265	-14.175635	-2.456000	
504	-0.750315	-0.664903	262.457260	4.028826	3.185019	-4.028826	-3.809758	14.044791	1.218960	-14.044791	-1.303433	
505	-0.413938	-0.391567	258.910224	1.362098	1.714975	-1.362098	-2.348196	9.564687	0.610649	-9.564687	-0.656854	
506	-0.214838	-0.143790	255.614593	-3.104094	0.316044	3.104094	-1.206561	5.890543	0.325067	-5.890543	-0.693553	
507	0.089059	-0.010636	252.601806	-6.828775	-0.449476	6.828775	-0.068245	4.067179	-0.148437	-4.067179	0.299330	
508	0.500278	0.119653	249.998246	-9.186150	-1.065846	9.186150	1.200159	1.943977	-0.785115	-1.943977	1.864392	
509	0.519066	0.165605	247.366885	-10.176953	-1.264885	10.176953	1.547856	0.576731	-0.775832	-0.576731	1.813953	
510	0.019042	-0.045705	244.145872	-8.958756	-0.326136	8.958756	0.622812	2.431073	-0.081500	-2.431073	0.251593	
511	-0.465323	-0.404897	240.328749	-5.387457	1.330408	5.387457	-0.366310	5.789704	0.433118	-5.789704	-0.645226	
512	-0.562695	-0.599208	236.101723	-1.751393	2.327516	1.751393	-0.390753	6.420045	0.415272	-6.420045	-0.350894	
513	-0.524471	-0.548809	231.246591	-0.649350	2.150464	0.649350	0.062809	3.909824	0.343856	-3.909824	-0.344807	
514	-0.651859	-0.459521	225.491387	-1.568532	1.677799	1.568532	0.106045	1.857875	0.515360	-1.857875	-1.205049	
515	-0.783249	-0.423057	219.111795	-1.507971	1.586369	1.507971	-0.253393	2.168222	0.644753	-2.168222	-1.877943	
516	-0.648632	-0.319241	212.703570	0.248009	1.445788	-0.248009	-0.469929	3.023515	0.494902	-3.023515	0.000000	
517	-0.378274	-0.122032	206.532711	1.095805	0.828634	-1.095805	-0.384043	2.588789	0.272519	-2.588789	0.000000	
518	-0.288305	0.039226	200.437407	-0.235033	0.102187	0.235033	-0.299458	1.514176	0.235077	-1.514176	-1.175589	
519	-0.350103	0.083936	194.346938	-2.014018	-0.249524	2.014018	-0.332702	1.139340	0.286190	-1.139340	-1.508653	
520	-0.315751	0.004588	188.552801	-2.326084	-0.064667	2.326084	-0.252310	1.600347	0.211593	-1.600347	0.000000	
521	-0.254340	-0.218254	183.256441	-0.415450	0.913336	0.415450	-0.003599	2.684807	0.059693	-2.684807	-0.319818	
522	-0.413314	-0.576002	178.178393	3.594554	2.820977	-3.594554	0.210632	4.461550	-0.016815	-4.461550	0.162939	
523	-0.717855	-0.960789	172.881946	8.481532	5.045664	-8.481532	0.312777	6.479454	-0.035490	-6.479454	0.239072	
524	-0.904551	-1.147111	167.161424	11.993399	6.362236	-11.993399	0.334245	7.641515	-0.046442	-7.641515	0.199620	
525	-0.925033	-0.946855	160.881055	12.037261	5.801226	-12.037261	0.265205	6.867083	-0.019104	-6.867083	-0.214417	
526	-0.942943	-0.515381	153.852546	8.828713	3.858387	-8.828713	0.147301	4.551571	0.025968	-4.551571	-1.118522	
527	-1.028516	-0.229384	146.300390	5.045782	2.150731	-5.045782	0.072947	2.680861	0.029699	-2.680861	-1.898304	
528	-0.992548	-0.163535	139.141589	2.746431	1.300325	-2.746431	0.063260	2.006300	0.004327	-2.006300	-1.921829	
529	-0.675695	-0.077211	133.322758	1.455409	0.595159	-1.455409	0.072986	1.193532	-0.019577	-1.193532	-1.313386	
530	-0.276981	0.132364	128.919233	-0.112723	-0.380237	0.112723	0.069749	-0.401012	-0.058050	0.401012	-0.745703	
531	-0.051244	0.334372	125.263746	-2.050471	-1.258455	2.050471	0.066273	-1.708694	-0.127508	1.708694	-0.535705	
532	0.104863	0.422813	122.013696	-3.481094	-1.646096	3.481094	0.055321	-1.972183	-0.174658	1.972183	-0.305382	
533	0.312636	0.454021	119.354514	-3.955007	-1.654101	3.955007	-0.013516	-1.727133	-0.164073	1.727133	0.084018	
534	0.356242	0.504750	116.966798	-3.970298	-1.656224	3.970298	-0.067514	-1.719203	-0.217325	1.719203	0.138382	
535	0.115433	0.499561	113.984342	-4.089841	-1.669571	4.089841	0.011180	-1.933243	-0.369796	1.933243	-0.226343	
536	-0.150881	0.362726	110.165709	-4.044271	-1.444798	4.044271	0.111813	-1.737635	-0.405965	1.737635	-0.464591	
537	-0.258331	0.196369	105.891154	-3.370632	-1.034809	3.370632	0.107104	-0.998019	-0.282633	0.998019	-0.402601	
538	-0.371611	0.063324	101.183749	-2.351252	-0.590105	2.351252	0.051970	-0.219709	-0.166245	0.219709	-0.367708	
539	-0.624007	-0.143621	95.894865	-1.148104	0.055381	1.148104	-0.067155	0.588794	0.002904	-0.588794	-0.453536	
540	-0.819498	-0.392177	90.496883	0.834327	0.887461	-0.834327	-0.284374	1.645577	0.299137	-1.645577	-0.446512	
541	-0.790609	-0.477176	85.696936	3.358441	1.438939	-3.358441	-0.411178	2.429203	0.465395	-2.429203	-0.318704	
542	-0.748177	-0.456125	81.694810	5.000345	1.618556	-5.000345	-0.422221	2.710592	0.443644	-2.710592	-0.242538	
543	-0.854243	-0.576506	78.639286	5.310797	1.861382	-5.310797	-0.626724	3.076763	0.581786	-3.076763	-0.212102	
544	-0.877129	-0.777512	77.158753	5.200631	2.238344	-5.200631	-1.071679	3.612517	0.923767	-3.612517	-0.110675	
545	-0.720037	-0.827266	77.652612	5.252826	2.413593	-5.252826	-1.447663	3.812171	1.107742	-3.812171	-0.002961	
546	-0.662441	-0.757368	79.740924	5.347524	2.296430	-5.347524	-1.568330	3.439895	0.997492	-3.439895	0.000000	
547	-0.758939	-0.724152	82.976530	5.411156	2.068918	-5.411156	-1.482232	2.710512	0.824894	-2.710512	0.000000	
548	-0.714321	-0.681910	87.346309	5.599988	1.808912	-5.599988	-1.269086	2.048474	0.719111	-2.048474	-0.007859	
549	-0.494616	-0.499578	92.768502	5.626731	1.417521	-5.626731	-0.951332	1.535740	0.493525	-1.535740	0.000000	
550	-0.413985	-0.260976	98.958084	4.760625	0.879336	-4.760625	-0.574783	0.865365	0.069821	-0.865365	0.072735	
551	-0.588388	-0.166174	105.911766	3.062157	0.372341	-3.062157	-0.188789	-0.033523	-0.306513	0.033523	0.230523	
552	-0.771276	-0.178372	113.806691	1.541187	-0.004568	-1.541187	0.264506	-0.872882	-0.514216	0.872882	0.421551	
553	-0.759009	-0.099643	122.535002	0.867559	-0.329036	-0.867559	0.786279	-1.397813	-0.715009	1.397813	-0.000000	
554	-0.677407	0.043044	131.783166	0.696859	-0.598942	-0.696859	1.232933	-1.700821	-0.972303	1.700821	0.817726	
555	-0.715292	0.042083	141.285078	0.517132	-0.684549	-0.517132	1.623645	-2.006214	-1.111070	2.006214	1.022717	
556	-0.760182	-0.118176	150.787074	0.726076	-0.542186	-0.726076	2.051779	-2.209120	-0.939811	2.209120	-0.000000	
557	-0.615131	-0.267520	160.050849	1.732253	-0.248471	-1.732253	2.174146	-1.976565	-0.451403	1.976565	0.660620	
558	-0.342618	-0.332147	168.905786	2.975517	0.135909	-2.975517	1.493325	-1.179688	0.164157	1.179688	0.067178	
559	-0.064946	-0.335357	177.054655	3.678621	0.552822	-3.678621	-0.018781	-0.031060	0.741906	0.031060	-0.555061	
560	0.258942	-0.261654	183.946474	3.773884	0.966229	-3.773884	-2.241304	1.400881	1.300439	-1.400881	0.000000	
561	0.738591	-0.032824	189.003893	3.738815	1.387054	-3.738815	-5.301245	3.482034	1.865177	-3.482034	0.000000	
562	1.384012	0.386830	191.771055	3.744809	1.794135	-3.744809	-9.203883	6.260174	2.326585	-6.260174	0.000000	
563	1.949719	0.800933	191.871017	3.382946	2.127295	-3.382946	-12.999069	8.712528	2.551528	-8.712528	-3.348729	
564	2.245674	0.990175	189.050520	2.333260	2.381677	-2.333260	-15.504587	9.916079	2.623634	-9.916079	0.000000	
565	2.331209	0.948274	184.145425	1.459813	2.415956	-1.459813	-15.238798	9.441309	2.722369	-9.441309	-3.626296	
