kww	// User ID
12-2-2021	// Evaluation date
kyle-pilot2_14_53.8	10-2-2021	16:10:32:334	// Source file name and timestamp
238.095	// Sampling rate
3.137	// Data capture period

1.701184	// height
54.982867	// mass


Sample #	elbVar	shldrIR	handAngVelo	thorJFPd	thorSTPd	UaJFPp	UaSTPp	UaJFPd	UaSTPd	FaJFPp	FaSTPp	
0	1.956762	1.711902	226.015819	1.876283	0.000000	-1.876283	1.179118	0.480369	-0.339710	-0.480369	0.459587	
1	2.263926	1.698868	230.781085	2.539001	0.000000	-2.539001	1.320698	1.538690	-0.841992	-1.538690	0.723843	
2	2.183956	1.101795	233.345997	3.088742	0.000000	-3.088742	1.978453	2.597796	-1.714970	-2.597796	1.293214	
3	1.713912	0.316453	234.047687	2.822008	0.285904	-2.822008	2.468856	3.097165	-2.296778	-3.097165	1.726971	
4	0.701789	-0.564242	234.068248	0.916871	-0.000000	-0.916871	2.205935	2.454559	-2.085809	-2.454559	1.732313	
5	-0.422544	-1.444282	233.506355	-2.199479	0.159786	2.199479	1.516489	1.168456	-1.586498	-1.168456	1.751920	
6	-0.807300	-1.930857	231.687360	-3.716668	0.178662	3.716668	1.258434	0.570276	-1.613846	-0.570276	2.181218	
7	-0.236047	-1.693822	228.999258	-1.205396	0.258869	1.205396	1.664182	0.996318	-2.063834	-0.996318	2.552689	
8	0.603372	-0.979327	226.762914	3.783004	0.305708	-3.783004	2.190193	1.522882	-2.231626	-1.522882	2.244355	
9	1.148597	-0.345303	225.024962	7.234345	0.312528	-7.234345	2.494707	1.177660	-2.055329	-1.177660	1.620883	
10	1.612664	0.118248	222.379152	7.379789	0.316675	-7.379789	2.783351	0.127485	-1.990714	-0.127485	1.208378	
11	2.201377	0.659949	218.497889	5.337196	0.305359	-5.337196	3.078767	-0.948986	-1.933837	0.948986	0.722321	
12	2.534164	1.087091	214.209675	2.688846	0.266023	-2.688846	3.058791	-1.529864	-1.611219	1.529864	0.111733	
13	2.330416	0.979558	208.547635	0.503254	0.000000	-0.503254	2.510247	-1.223597	-1.430025	1.223597	0.061933	
14	1.832628	0.480866	199.123039	-0.624829	0.000000	0.624829	1.436104	0.031366	-1.648930	-0.031366	0.619377	
15	1.340529	0.144532	185.723519	-0.518234	0.000116	0.518234	0.202310	1.475047	-1.647068	-1.475047	0.851266	
16	1.032159	0.178542	170.293241	0.621841	0.000000	-0.621841	-0.267701	1.974118	-1.132061	-1.974118	0.467170	
17	1.049899	0.251590	153.935285	1.761193	0.000000	-1.761193	0.838247	1.637142	-1.046820	-1.637142	0.411682	
18	1.320036	0.043699	137.192179	1.891880	0.179697	-1.891880	3.327480	1.227266	-2.091823	-1.227266	1.319455	
19	1.555763	-0.282055	122.651494	1.182723	0.000000	-1.182723	6.020538	0.333318	-3.411304	-0.333318	2.427621	
20	1.502262	-0.453621	113.989859	-0.377203	0.382250	0.377203	7.401231	-1.362223	-3.798477	1.362223	2.744724	
21	1.183016	-0.526415	112.243392	-2.376579	0.386110	2.376579	6.877560	-2.847615	-3.380372	2.847615	2.467598	
22	0.957575	-0.492229	115.470901	-3.227507	0.322159	3.227507	5.091842	-3.364455	-2.810596	3.364455	2.024662	
23	1.073762	-0.104848	121.673169	-3.378126	0.204423	3.378126	2.713148	-3.267215	-1.864705	3.267215	1.119275	
24	1.279894	0.458436	129.340988	-4.096871	0.000000	4.096871	0.391431	-2.851180	-0.566144	2.851180	-0.039401	
25	1.230573	0.574597	136.031919	-4.729773	0.098077	4.729773	-0.689828	-2.118081	-0.101870	2.118081	-0.355031	
26	1.057530	0.189341	139.451910	-4.179137	0.102971	4.179137	-0.097306	-1.148400	-0.903297	1.148400	0.416360	
27	1.108898	-0.058860	139.723179	-2.666782	0.030132	2.666782	1.032286	-0.566418	-1.725790	0.566418	1.176215	
28	1.318332	0.050135	138.557299	-1.883813	-0.058155	1.883813	1.557094	-0.639432	-1.766099	0.639432	1.285494	
29	1.389768	0.109963	136.954094	-2.379389	-0.077974	2.379389	1.523474	-0.695872	-1.697476	0.695872	1.355284	
30	1.386335	0.039356	135.302361	-2.479023	0.000000	2.479023	1.286557	-0.717267	-1.877820	0.717267	1.667497	
31	1.455427	0.129327	134.813199	-2.232859	-0.036175	2.232859	0.884480	-1.106762	-1.748148	1.106762	1.622839	
32	1.241921	0.148028	137.180116	-2.176424	-0.007037	2.176424	0.627303	-1.213780	-1.421359	1.213780	1.367309	
33	0.381831	-0.448690	142.915198	-1.829609	0.000000	1.829609	1.070548	-0.685769	-1.817210	0.685769	1.933005	
34	-0.680428	-1.418164	151.008877	-1.139660	-0.156861	1.139660	2.142888	-0.149794	-2.905817	0.149794	3.201131	
35	-1.186046	-1.944818	160.029931	-0.397664	-0.000000	0.397664	3.161066	0.037758	-3.602529	-0.037758	3.866227	
36	-1.053006	-1.818594	168.530529	0.221554	-0.510531	-0.221554	3.733182	-0.173052	-3.426883	0.173052	3.555216	
37	-0.713225	-1.503411	174.645684	0.243264	-0.592181	-0.243264	4.026063	-0.543684	-2.996355	0.543684	3.058319	
38	-0.400859	-1.354027	176.402688	-0.282834	-0.723600	0.282834	4.323821	-0.895544	-2.943687	0.895544	3.001846	
39	-0.068528	-1.332729	172.898873	-1.106584	-0.940339	1.106584	4.748456	-1.226364	-3.272309	1.226364	3.332619	
40	0.368857	-1.171833	165.077293	-1.282184	-1.073387	1.282184	4.856839	-0.873693	-3.466303	0.873693	3.496025	
41	0.950755	-0.639670	155.232997	0.883368	-0.872639	-0.883368	3.821631	0.973591	-3.031041	-0.973591	3.067629	
42	1.629865	0.175420	145.537579	4.972858	-0.319156	-4.972858	1.635270	3.777913	-2.095864	-3.777913	2.301958	
43	2.261484	0.991029	137.189660	7.855990	0.275936	-7.855990	-0.528698	5.424400	-1.074369	-5.424400	1.596948	
44	2.685600	1.687092	131.059180	7.283553	0.583599	-7.283553	-1.667359	4.397540	-0.001437	-4.397540	0.882104	
45	2.783558	2.173917	127.885500	3.856096	0.547432	-3.856096	-1.788865	1.941423	1.010871	-1.941423	0.109749	
46	2.517569	2.161286	127.256218	-0.051738	0.308120	0.051738	-1.120017	0.330850	1.289988	-0.330850	-0.239125	
47	2.021510	1.574190	127.815638	-2.192943	-0.002886	2.192943	0.223696	-0.539687	0.610104	0.539687	0.211207	
48	1.562714	0.901708	129.041577	-2.909445	-0.311774	2.909445	1.722090	-1.859422	-0.233502	1.859422	0.933803	
49	1.353193	0.651959	131.682437	-3.846969	-0.530239	3.846969	2.686135	-3.022861	-0.537559	3.022861	1.186413	
50	1.483459	0.781225	136.178721	-4.984568	-0.599948	4.984568	2.949250	-3.070544	-0.560897	3.070544	1.192375	
51	1.917190	1.001622	141.908542	-4.445217	-0.570445	4.445217	2.773212	-1.882320	-0.816527	1.882320	1.500759	
52	2.427234	1.256696	148.455621	-1.133193	-0.474787	1.133193	2.247058	0.412245	-1.165804	-0.412245	1.849488	
53	2.711037	1.555482	156.193725	3.542087	-0.250305	-3.542087	1.232761	3.531413	-1.188349	-3.531413	1.742039	
54	2.684651	1.727118	164.762375	7.421901	0.100343	-7.421901	-0.091427	6.296593	-0.954545	-6.296593	1.396284	
55	2.542838	1.695705	172.287059	9.304278	0.424326	-9.304278	-1.118567	7.417270	-0.809962	-7.417270	1.255396	
56	2.413413	1.597553	176.661798	9.280057	0.585752	-9.280057	-1.472156	6.802018	-0.741360	-6.802018	1.300755	
57	2.158728	1.435400	176.665722	8.314397	0.572215	-8.314397	-1.312204	5.292639	-0.592384	-5.292639	1.301914	
58	1.742340	1.123934	171.832156	6.773433	0.420536	-6.773433	-0.875978	3.528094	-0.467443	-3.528094	1.264891	
59	1.428776	0.830782	162.229442	4.640436	0.162576	-4.640436	-0.266663	1.799908	-0.437911	-1.799908	1.340873	
60	1.316831	0.718493	149.005488	2.190649	-0.117076	-2.190649	0.278719	0.307333	-0.390311	-0.307333	1.512451	
61	1.110865	0.547083	134.508750	-0.208431	-0.300247	0.208431	0.525861	-0.672597	-0.335126	0.672597	1.555097	
62	0.613854	0.025097	120.792398	-1.794504	-0.381140	1.794504	0.528090	-1.139103	-0.329087	1.139103	1.326124	
63	0.021591	-0.705493	108.541672	-2.429044	-0.451816	2.429044	0.400564	-1.508504	-0.262732	1.508504	0.954587	
64	-0.483869	-1.363863	98.021343	-3.042798	-0.555353	3.042798	0.138205	-1.932921	-0.035850	1.932921	0.536750	
65	-0.993231	-1.964480	89.492102	-4.148388	-0.671821	4.148388	-0.332143	-2.253095	0.400615	2.253095	-0.022392	
66	-1.412055	-2.475110	82.491277	-5.871503	-0.811153	5.871503	-1.008549	-2.664677	1.042038	2.664677	-0.436923	
67	-1.252469	-2.449505	76.460506	-8.415691	-1.036349	8.415691	-1.456231	-3.508405	1.533567	3.508405	-0.037754	
68	-0.349978	-1.599102	71.805643	-11.508452	-1.275583	11.508452	-0.927459	-4.536649	1.285411	4.536649	1.084593	
69	0.732686	-0.402608	69.206798	-13.873880	-1.304001	13.873880	0.651780	-5.006494	0.283397	5.006494	1.992227	
70	1.448859	0.433170	68.573507	-14.227212	-1.085477	14.227212	2.354866	-4.981797	-0.783531	4.981797	2.241093	
71	1.888239	0.847737	69.135685	-12.846601	-0.804149	12.846601	3.547634	-5.220910	-1.591308	5.220910	2.164543	
72	2.302893	1.222213	70.099954	-9.864216	-0.566877	9.864216	4.707028	-4.955742	-2.467213	4.955742	1.920574	
73	2.526733	1.572593	70.998194	-3.098846	-0.347705	3.098846	6.082226	-2.900521	-3.258350	2.900521	1.389202	
74	2.308790	1.591560	71.626878	7.081874	0.000000	-7.081874	6.739860	-0.332467	-3.289507	0.332467	0.725178	
75	1.827895	1.318336	71.887522	13.498190	-0.041712	-13.498190	6.091729	0.633476	-2.634334	-0.633476	0.227860	
76	1.395774	1.067563	71.881520	11.394039	-0.020676	-11.394039	4.718732	0.244354	-1.921507	-0.244354	-0.063027	
77	1.003841	0.856118	71.959704	5.343712	-0.054059	-5.343712	3.149256	-0.223915	-1.276579	0.223915	-0.229687	
78	0.539573	0.503969	72.397141	1.082392	-0.055636	-1.082392	1.558845	-0.247790	-0.622583	0.247790	-0.260816	
79	0.080103	0.034142	73.115394	-0.237507	-0.013750	0.237507	0.244048	0.059903	-0.110645	-0.059903	-0.145980	
80	-0.237538	-0.404518	73.814222	-0.260219	-0.038401	0.260219	-0.496915	0.274897	0.145189	-0.274897	0.078203	
81	-0.379945	-0.739695	74.197091	-0.919124	-0.201076	0.919124	-0.660149	0.088656	0.204832	-0.088656	0.367587	
82	-0.414600	-0.997595	74.023943	-2.476193	-0.403202	2.476193	-0.517083	-0.351393	0.179006	0.351393	0.681683	
83	-0.379311	-1.218720	73.037120	-3.657371	-0.506536	3.657371	-0.312679	-0.742379	0.108446	0.742379	1.026962	
84	-0.137641	-1.301990	70.981045	-3.596823	-0.525346	3.596823	-0.053436	-1.028320	-0.044925	1.028320	1.438952	
85	0.443401	-1.070179	67.876159	-2.697582	-0.525730	2.697582	0.316244	-1.161593	-0.271764	1.161593	1.843628	
86	1.176078	-0.583471	64.178754	-1.783925	-0.462613	1.783925	0.676121	-1.000367	-0.456089	1.000367	2.071298	
87	1.677964	-0.168204	60.505283	-1.392732	-0.304784	1.392732	0.848033	-0.716694	-0.526032	0.716694	2.066874	
88	1.772466	-0.044343	57.268647	-1.631044	0.000000	1.631044	0.864146	-0.682557	-0.548303	0.682557	1.906908	
89	1.542489	-0.125150	54.777216	-2.230507	0.000000	2.230507	0.887029	-0.999560	-0.575423	0.999560	1.610061	
90	1.071090	-0.277543	53.543655	-3.105205	0.000000	3.105205	0.928664	-1.488159	-0.570723	1.488159	1.160387	
91	0.402779	-0.518791	54.026848	-4.284973	-0.157362	4.284973	0.913762	-1.935958	-0.563154	1.935958	0.661284	
92	-0.208178	-0.745661	55.998641	-5.298511	-0.000000	5.298511	0.830913	-2.333370	-0.581336	2.333370	0.256954	
93	-0.337392	-0.593288	58.556444	-5.898354	-0.240509	5.898354	0.590022	-2.753082	-0.428417	2.753082	0.033608	
94	0.140588	0.092118	60.834534	-6.202912	-0.000000	6.202912	0.097022	-2.626194	0.061938	2.626194	0.039746	
95	0.932385	0.968121	62.341478	-5.477304	0.000000	5.477304	-0.462164	-1.329685	0.645644	1.329685	0.262126	
96	1.784632	1.689927	62.726985	-2.943553	-0.054814	2.943553	-0.843772	0.552150	1.013170	-0.552150	0.635273	
97	2.620636	2.247833	61.982942	0.482769	0.002032	-0.482769	-0.991575	2.230487	1.155962	-2.230487	1.052162	
98	3.196908	2.569757	60.818810	3.755909	0.088711	-3.755909	-0.850916	3.917222	1.082947	-3.917222	1.296295	
99	3.209344	2.384739	59.959610	6.656018	0.240976	-6.656018	-0.434602	5.140048	0.725506	-5.140048	1.279746	
100	2.766295	1.733375	59.475790	7.838016	0.438485	-7.838016	0.057389	4.802872	0.205286	-4.802872	1.200003	
101	2.249728	1.033561	59.368185	6.666778	0.613148	-6.666778	0.501529	3.500101	-0.232940	-3.500101	1.166174	
102	1.800137	0.499241	59.879748	5.002130	0.745454	-5.002130	0.875774	2.450692	-0.484680	-2.450692	1.108756	
103	1.357902	0.031828	60.998787	3.869924	0.841266	-3.869924	1.105476	1.646088	-0.600963	-1.646088	1.046176	
104	1.015900	-0.321887	62.380188	2.822435	0.858168	-2.822435	1.131981	0.826761	-0.614138	-0.826761	0.999901	
105	0.930319	-0.359501	63.688743	1.607480	0.769158	-1.607480	0.982998	0.084775	-0.521653	-0.084775	0.906401	
106	1.036943	-0.139253	64.685481	0.234766	0.613004	-0.234766	0.745956	-0.440205	-0.385966	0.440205	0.785327	
107	1.175741	0.083847	65.204230	-0.919022	0.435870	0.919022	0.524431	-0.662092	-0.293440	0.662092	0.741479	
108	1.334555	0.262958	65.179513	-1.484111	0.265508	1.484111	0.371170	-0.719340	-0.257652	0.719340	0.799622	
109	1.486320	0.453446	64.723092	-1.815665	0.134114	1.815665	0.293103	-0.809135	-0.256078	0.809135	0.880659	
110	1.422870	0.473006	64.097069	-2.336348	0.073885	2.336348	0.257025	-0.872379	-0.262179	0.872379	0.924996	
111	1.048240	0.138994	63.448378	-2.928769	0.104523	2.928769	0.170684	-0.942428	-0.223814	0.942428	0.959448	
112	0.582328	-0.353808	62.732417	-3.589704	0.221546	3.589704	-0.000066	-1.285576	-0.124322	1.285576	0.994515	
113	0.274711	-0.668680	62.030921	-4.557115	0.369885	4.557115	-0.170840	-1.842510	-0.012650	1.842510	0.965327	
114	0.182650	-0.702875	61.563521	-5.534368	0.461318	5.534368	-0.259266	-2.133390	0.060412	2.133390	0.873283	
115	0.295268	-0.511866	61.494906	-5.683569	0.436765	5.683569	-0.208108	-1.844715	0.050597	1.844715	0.814954	
116	0.594265	-0.142655	61.900870	-4.782938	0.332065	4.782938	0.034508	-1.243294	-0.080084	1.243294	0.826722	
117	0.954125	0.295268	62.739285	-3.722452	0.251993	3.722452	0.429472	-0.770476	-0.308414	0.770476	0.841231	
118	1.161947	0.577322	63.904938	-3.032298	0.255105	3.032298	0.805193	-0.535263	-0.509615	0.535263	0.796337	
119	1.093171	0.531891	65.363612	-2.046885	0.316292	2.046885	0.958027	-0.670630	-0.535966	0.670630	0.706232	
120	0.874092	0.272405	67.033378	-0.198647	0.389343	0.198647	0.929442	-1.258507	-0.415731	1.258507	0.627371	
121	0.807357	0.157889	68.571996	1.752783	0.445487	-1.752783	1.049412	-1.735086	-0.368136	1.735086	0.595363	
122	1.024301	0.402083	69.604954	2.457009	0.450500	-2.457009	1.397464	-1.572358	-0.479927	1.572358	0.609246	
123	1.329296	0.821370	70.135653	1.444654	0.368908	-1.444654	1.596933	-1.075120	-0.595297	1.075120	0.637649	
124	1.531008	1.122492	70.416541	-0.444262	0.235490	0.444262	1.416858	-0.657282	-0.602314	0.657282	0.665732	
125	1.680014	1.251582	70.460844	-2.040101	0.142868	2.040101	1.049040	-0.475544	-0.543660	0.475544	0.746024	
126	1.775169	1.243189	70.128673	-2.996166	0.137333	2.996166	0.705788	-0.626342	-0.454629	0.626342	0.873424	
127	1.590657	0.979772	69.714188	-3.577578	0.201259	3.577578	0.410896	-0.959777	-0.315406	0.959777	0.924025	
128	1.057223	0.373130	69.890938	-3.826612	0.313781	3.826612	0.168172	-1.326542	-0.139475	1.326542	0.882427	
129	0.483641	-0.377796	70.995199	-3.810933	0.481189	3.810933	0.034629	-1.902024	0.012937	1.902024	0.917672	
130	0.158906	-0.950776	72.833278	-4.061203	0.715905	4.061203	0.025541	-2.704709	0.098265	2.704709	1.073651	
131	0.002193	-1.275223	75.161293	-4.656640	0.971444	4.656640	0.078184	-3.266564	0.133886	3.266564	1.169206	
132	-0.133313	-1.461793	77.973006	-4.839355	1.137088	4.839355	0.131448	-3.267681	0.147832	3.267681	1.126392	
133	-0.067572	-1.382407	81.268274	-4.202269	1.152151	4.202269	0.215349	-2.858178	0.089642	2.858178	1.097453	
134	0.427073	-0.770155	84.761047	-3.336109	1.013704	3.336109	0.367324	-2.235701	-0.089787	2.235701	1.203269	
135	1.209363	0.267149	88.130112	-2.755695	0.686892	2.755695	0.494883	-1.482958	-0.301642	1.482958	1.407809	
136	1.998585	1.293214	91.310725	-2.354019	0.193805	2.354019	0.481363	-0.782936	-0.441992	0.782936	1.676890	
137	2.708854	2.032427	94.112357	-2.077107	-0.278750	2.077107	0.378984	-0.446221	-0.511881	0.446221	2.036872	
138	3.283602	2.464283	96.022836	-2.126730	-0.571031	2.126730	0.330191	-0.613608	-0.536495	0.613608	2.399719	
139	3.527727	2.554894	96.739295	-2.419222	-0.667476	2.419222	0.375079	-0.865068	-0.530587	0.865068	2.559255	
140	3.324580	2.215826	96.442333	-2.460417	-0.579882	2.460417	0.500342	-0.756584	-0.536210	0.756584	2.480645	
141	2.870167	1.587536	95.478814	-2.216405	-0.380331	2.216405	0.743796	-0.506062	-0.596468	0.506062	2.343339	
142	2.480847	1.041512	94.094867	-2.215903	-0.223317	2.215903	1.112093	-0.458967	-0.701366	0.458967	2.248036	
143	2.123554	0.659922	92.563402	-2.385372	-0.151492	2.385372	1.451910	-0.490550	-0.773752	0.490550	2.070953	
144	1.488618	0.165775	91.486233	-2.229009	-0.073369	2.229009	1.531394	-0.573511	-0.722080	0.573511	1.648360	
145	0.660160	-0.372521	91.646993	-1.762899	0.025402	1.762899	1.340956	-0.924514	-0.537297	0.924514	1.030118	
146	0.155459	-0.465670	93.304701	-1.400112	0.048273	1.400112	1.076283	-1.389293	-0.308129	1.389293	0.496990	
147	0.176727	-0.045954	95.982873	-1.228893	-0.015185	1.228893	0.827841	-1.462031	-0.144417	1.462031	0.276993	
148	0.406488	0.366147	99.098709	-0.821530	-0.047435	0.821530	0.596421	-1.028072	-0.115458	1.028072	0.326322	
149	0.566377	0.442560	102.285990	-0.237480	0.020845	0.237480	0.440295	-0.717015	-0.187928	0.717015	0.000000	
150	0.678398	0.345788	105.216923	-0.344215	0.124340	0.344215	0.396935	-0.782663	-0.289753	0.782663	0.758260	
151	0.776416	0.233703	107.574112	-1.287813	0.194900	1.287813	0.365018	-0.680008	-0.376214	0.680008	1.015929	
152	0.807792	0.075691	109.227432	-2.213072	0.230939	2.213072	0.296312	-0.400455	-0.425429	0.400455	0.000000	
153	0.868319	-0.002324	110.138250	-2.787692	0.294687	2.787692	0.355606	-0.648184	-0.460320	0.648184	1.358435	
154	1.081824	0.195542	110.066416	-3.325380	0.452329	3.325380	0.658012	-1.534974	-0.520994	1.534974	0.000000	
155	1.228049	0.455338	108.896996	-3.705127	0.662085	3.705127	1.024562	-2.333032	-0.567831	2.333032	0.000000	
156	0.993962	0.363742	107.184446	-3.759982	0.826734	3.759982	1.182037	-2.549960	-0.493338	2.549960	0.000000	
157	0.536815	-0.011758	105.709829	-3.721622	0.913419	3.721622	1.108066	-2.438394	-0.295125	2.438394	0.840642	
158	0.287479	-0.218490	104.727448	-3.960888	0.915314	3.960888	1.030646	-2.390999	-0.149267	2.390999	0.000000	
159	0.334711	-0.103595	104.143307	-4.509760	0.794854	4.509760	1.067558	-2.389822	-0.158319	2.389822	0.592426	
160	0.479232	0.109972	103.962990	-4.851147	0.577181	4.851147	1.135652	-2.262591	-0.251794	2.262591	0.000000	
161	0.678152	0.270008	104.010517	-4.684776	0.394173	4.684776	1.222641	-2.112250	-0.387389	2.112250	0.000000	
162	1.010364	0.398871	103.698343	-4.396399	0.328484	4.396399	1.419129	-1.964860	-0.597231	1.964860	0.000000	
163	1.414876	0.528563	102.583699	-4.116177	0.322280	4.116177	1.684673	-1.461459	-0.862195	1.461459	0.000000	
164	1.705645	0.624650	100.894706	-3.533297	0.282835	3.533297	1.798862	-0.435256	-1.078300	0.435256	0.000000	
165	1.704646	0.566126	99.328364	-2.320186	0.205061	2.320186	1.533518	0.878205	-1.092210	-0.878205	1.842968	
166	1.353497	0.282726	98.487337	-0.567548	0.139268	0.567548	0.882688	1.952127	-0.817357	-1.952127	1.532464	
167	0.800397	-0.069356	98.568134	0.614668	0.139530	-0.614668	0.174231	2.068697	-0.384964	-2.068697	1.004642	
168	0.336138	-0.265858	99.374282	0.351868	0.207285	-0.351868	-0.179088	1.138823	-0.059930	-1.138823	0.000000	
169	0.144198	-0.311327	100.491997	-0.347170	0.267704	0.347170	-0.140588	-0.015299	0.045789	0.015299	0.291505	
170	0.116366	-0.383100	101.605696	0.058192	0.301844	-0.058192	-0.019180	-0.743812	0.068427	0.743812	0.262125	
171	0.032037	-0.537256	102.704617	1.378661	0.364126	-1.378661	0.031672	-1.047889	0.156212	1.047889	0.146744	
172	-0.123427	-0.678732	103.902649	2.459165	0.440138	-2.459165	0.101174	-0.948962	0.277258	0.948962	-0.085274	
173	-0.167510	-0.746118	105.166828	3.336173	0.425715	-3.336173	0.254426	-0.279186	0.288445	0.279186	-0.179358	
174	0.059614	-0.685479	106.188131	5.196738	0.223896	-5.196738	0.550192	0.873552	0.075043	-0.873552	0.058019	
175	0.579333	-0.378687	106.367565	8.338924	-0.161601	-8.338924	1.011867	2.019129	-0.360665	-2.019129	0.629013	
176	1.195515	0.103984	105.217253	10.989369	-0.551105	-10.989369	1.345342	2.828632	-0.815023	-2.828632	1.309709	
177	1.560663	0.401564	102.966665	11.392092	-0.688761	-11.392092	1.204949	3.281784	-1.001467	-3.281784	1.694652	
178	1.543839	0.342375	100.415456	9.857774	-0.525579	-9.857774	0.774462	3.236050	-0.865585	-3.236050	1.607711	
179	1.375109	0.221194	98.081256	7.245362	-0.296275	-7.245362	0.516282	2.449446	-0.642350	-2.449446	1.339081	
180	1.271631	0.320819	96.043244	3.723293	-0.253663	-3.723293	0.482547	1.281905	-0.532330	-1.281905	1.202372	
181	1.236013	0.554785	94.444629	-0.298129	-0.415637	0.298129	0.403507	0.424616	-0.529672	-0.424616	1.215850	
182	1.315313	0.797248	93.283184	-4.052550	-0.634149	4.052550	0.265159	-0.101347	-0.596112	0.101347	1.353350	
183	1.609699	1.094506	91.883809	-7.523296	-0.785681	7.523296	0.234720	-0.910403	-0.733926	0.910403	1.676162	
184	1.958256	1.381545	89.473990	-10.657688	-0.820423	10.657688	0.279588	-1.902757	-0.869236	1.902757	2.028276	
185	2.078171	1.472749	86.079489	-12.128600	-0.727026	12.128600	0.286292	-2.543086	-0.899769	2.543086	2.127049	
186	1.961283	1.383500	82.335714	-11.138522	-0.577953	11.138522	0.282215	-3.033904	-0.855630	3.033904	1.978097	
187	1.728168	1.224989	78.807838	-9.030708	-0.449756	9.030708	0.300366	-3.506923	-0.804479	3.506923	1.719317	
188	1.330073	0.924385	75.839429	-6.710230	-0.314205	6.710230	0.248402	-3.295941	-0.646035	3.295941	1.288631	
189	0.772710	0.443788	73.706039	-3.323248	-0.151593	3.323248	0.046809	-2.407096	-0.285570	2.407096	0.681390	
190	0.346034	0.051085	72.555430	0.249674	-0.072006	-0.249674	-0.171182	-1.585280	0.036068	1.585280	0.217972	
191	0.290833	0.008905	72.211170	1.625864	-0.205871	-1.625864	-0.212450	-0.734863	0.011131	0.734863	0.165994	
192	0.444853	0.160597	72.382157	1.056010	-0.473215	-1.056010	-0.215164	0.415996	-0.208967	-0.415996	0.333277	
193	0.510560	0.171771	73.092317	0.102062	-0.578767	-0.102062	-0.419051	1.417455	-0.265076	-1.417455	0.361833	
194	0.493885	0.042965	74.363426	0.014415	-0.403928	-0.014415	-0.569346	2.044018	-0.169782	-2.044018	0.253898	
195	0.554329	-0.007801	75.695504	1.921779	-0.169007	-1.921779	-0.317300	2.427979	-0.144196	-2.427979	0.204586	
196	0.609214	-0.024259	76.394746	4.727926	-0.009090	-4.727926	0.059377	2.456392	-0.113310	-2.456392	0.148482	
197	0.475514	-0.221137	76.172455	6.109065	0.186180	-6.109065	0.134161	2.139703	0.144953	-2.139703	-0.108072	
198	0.245266	-0.526218	75.120412	5.866041	0.423363	-5.866041	-0.019800	1.667997	0.548017	-1.667997	-0.480734	
199	0.118868	-0.678110	73.353098	4.731902	0.532538	-4.731902	-0.153208	1.001762	0.804167	-1.001762	-0.719599	
200	0.026930	-0.681676	71.046457	2.914317	0.492400	-2.914317	-0.282353	0.120049	0.884424	-0.120049	-0.814689	
201	-0.191957	-0.736004	68.708675	0.935671	0.458048	-0.935671	-0.475329	-0.647574	0.985790	0.647574	-0.954837	
202	-0.413579	-0.831485	66.907271	-0.368680	0.453761	0.368680	-0.606154	-0.965774	1.105352	0.965774	-1.131813	
203	-0.356217	-0.763056	65.701026	-0.973446	0.261523	0.973446	-0.561189	-0.949200	1.020976	0.949200	-1.095872	
204	0.000840	-0.473947	64.636819	-1.648383	-0.255399	1.648383	-0.441538	-0.896305	0.673906	0.896305	-0.755333	
205	0.331876	-0.169421	63.401795	-2.849043	-0.790722	2.849043	-0.443812	-0.911291	0.315734	0.911291	-0.373998	
206	0.381966	-0.041312	62.341243	-3.878497	-0.886359	3.878497	-0.548458	-0.871344	0.178585	0.871344	-0.219468	
207	0.342256	0.014869	62.303147	-3.513802	-0.642630	3.513802	-0.431904	-0.661848	0.131954	0.661848	-0.155558	
208	0.580898	0.268711	64.258743	-2.293295	-0.585625	2.293295	0.079239	-0.236072	-0.159267	0.236072	0.192861	
209	1.090552	0.750084	69.015647	-1.511626	-0.857961	1.511626	0.784939	0.896667	-0.788772	-0.896667	0.872333	
210	1.467409	1.130637	77.011485	-0.046084	-1.102125	0.046084	1.369627	2.860089	-1.389508	-2.860089	1.402869	
211	1.433502	1.116928	88.255831	3.094195	-1.013455	-3.094195	1.515093	4.102165	-1.483567	-4.102165	1.362252	
212	1.148456	0.835353	101.996744	5.050316	-0.762668	-5.050316	1.093525	3.378635	-1.142485	-3.378635	0.958697	
213	0.879185	0.593187	116.416900	3.978077	-0.776779	-3.978077	0.317347	1.789849	-0.831812	-1.789849	0.653920	
214	0.605549	0.398244	129.239049	1.279460	-1.026158	-1.279460	-0.600078	0.377159	-0.605461	-0.377159	0.479327	
215	0.231287	0.085892	138.723044	-1.583218	-1.056443	1.583218	-1.450047	-0.947544	-0.195658	0.947544	0.156342	
216	-0.099961	-0.275730	143.782526	-3.579946	-0.762321	3.579946	-1.934029	-1.892119	0.362564	1.892119	-0.373212	
217	-0.247555	-0.553424	143.656583	-4.053057	-0.350691	4.053057	-2.026887	-1.959646	0.931362	1.959646	-1.055839	
218	-0.283637	-0.816018	138.725008	-2.858038	0.173730	2.858038	-1.921236	-1.475801	1.612750	1.475801	-2.004754	
219	-0.228257	-1.046429	131.576611	-0.314475	0.726355	0.314475	-1.614378	-1.144134	2.309117	1.144134	-3.103365	
220	-0.010134	-1.021362	125.817491	1.856601	0.950495	-1.856601	-1.050173	-1.060492	2.553930	1.060492	-3.756424	
221	0.233769	-0.757865	123.778952	2.166033	0.806497	-2.166033	-0.440465	-0.766281	2.245332	0.766281	-3.630424	
222	0.249776	-0.597552	126.237695	1.520228	0.690910	-1.520228	-0.068308	-0.312183	1.871313	0.312183	-3.183532	
223	0.114469	-0.614920	132.769444	1.292640	0.688129	-1.292640	0.064635	-0.096764	1.680314	0.096764	-2.855330	
224	0.223183	-0.438321	141.404568	1.319017	0.427605	-1.319017	0.177796	0.193551	1.324844	-0.193551	-2.392907	
225	0.672599	0.077364	149.848719	1.435827	-0.106548	-1.435827	0.321789	1.139562	0.647212	-1.139562	-1.584183	
226	1.053192	0.562676	157.480748	1.944516	-0.482023	-1.944516	0.273782	2.276586	0.001434	-2.276586	-0.737459	
227	1.098983	0.781185	164.884669	2.108480	-0.615645	-2.108480	-0.181452	2.596687	-0.430586	-2.596687	0.007979	
228	1.006535	0.902660	172.165288	0.702255	-0.876472	-0.702255	-1.066195	1.958645	-0.802473	-1.958645	0.780638	
229	0.918201	0.967637	179.401759	-2.066573	-1.307198	2.066573	-2.224743	1.084053	-1.003516	-1.084053	1.238897	
230	0.766286	0.824270	187.446310	-4.562476	-1.592122	4.562476	-3.255156	0.408571	-0.783916	-0.408571	0.930496	
231	0.627436	0.609912	196.407269	-5.125685	-1.689243	5.125685	-3.556690	-0.029936	-0.425332	0.029936	0.316395	
232	0.553504	0.539696	204.708095	-3.567686	-1.586598	3.567686	-2.831061	-0.187311	-0.402834	0.187311	0.264936	
233	0.331124	0.417033	211.081155	-1.527321	-1.080019	1.527321	-1.568082	-0.152271	-0.504371	0.152271	0.000000	
234	-0.061267	0.057797	216.106356	-0.578189	-0.370358	0.578189	-0.706119	-0.195630	-0.235472	0.195630	0.499528	
235	-0.219938	-0.199091	220.799276	-1.367037	-0.080403	1.367037	-0.808960	-0.478950	0.183791	0.478950	-0.140702	
236	0.129364	0.024109	225.295817	-4.114677	-0.415873	4.114677	-1.575447	-0.710162	0.192592	0.710162	-0.579897	
237	0.755654	0.563669	229.759954	-7.182880	-0.851139	7.182880	-2.016076	-0.498435	-0.142717	0.498435	-0.665582	
238	1.265301	0.982276	235.086515	-7.331413	-0.907075	7.331413	-1.431698	-0.007378	-0.295894	0.007378	-0.991329	
239	1.523339	1.100171	242.052986	-3.949842	-0.708184	3.949842	-0.356706	0.045333	0.005684	-0.045333	-1.978338	
240	1.597423	1.020409	250.686546	-0.347423	-0.603059	0.347423	0.166709	-0.353206	0.551866	0.353206	-3.353831	
241	1.471646	0.795244	260.584414	1.014376	-0.628968	-1.014376	-0.075584	-0.411798	1.062227	0.411798	-4.542831	
242	1.039223	0.321293	271.310190	1.088331	-0.515295	-1.088331	-0.563995	-0.011998	1.619853	0.011998	-5.416946	
243	0.383869	-0.336148	282.337769	1.555469	-0.164415	-1.555469	-0.787285	0.346566	2.264158	-0.346566	-6.006174	
244	-0.219104	-0.838653	292.772518	1.518755	0.153744	-1.518755	-0.637949	0.157979	2.554059	-0.157979	-5.697572	
245	-0.739344	-1.089797	301.639342	-0.972826	0.386608	0.972826	-0.270877	-0.687558	2.266800	0.687558	-3.868773	
246	-1.375629	-1.376460	308.754145	-5.344873	0.820847	5.344873	0.194556	-1.687176	1.918964	1.687176	-1.213301	
247	-1.912509	-1.718080	314.951738	-8.937205	1.292740	8.937205	0.391073	-2.193495	2.019760	2.193495	0.316417	
248	-1.844737	-1.726929	321.136013	-9.909332	1.283564	9.909332	-0.215167	-2.113029	2.285403	2.113029	-0.241649	
249	-1.284170	-1.295821	327.014019	-8.899758	0.810511	8.899758	-1.377374	-1.834498	2.002402	1.834498	-1.019052	
250	-0.846097	-0.792689	331.388233	-6.704331	0.382929	6.704331	-2.101543	-1.199030	1.078303	1.199030	-0.009589	
251	-0.625592	-0.454985	334.063392	-3.009587	0.218601	3.009587	-2.078197	-0.313228	0.235374	0.313228	1.442488	
252	-0.142542	-0.074763	336.059659	0.651351	-0.060490	-0.651351	-1.833195	-0.124913	-0.158826	0.124913	0.889827	
253	0.714781	0.512009	337.803380	1.208761	-0.746501	-1.208761	-1.673813	-0.627254	-0.460636	0.627254	-1.317495	
254	1.467681	0.999305	339.272607	-0.796852	-1.434818	0.796852	-1.474168	-0.749660	-0.628082	0.749660	-3.766127	
255	1.828770	1.027175	341.488454	-2.094526	-1.588469	2.094526	-1.277485	-0.416813	-0.083610	0.416813	-7.117189	
256	1.978400	0.708047	345.483574	-1.891122	-1.347680	1.891122	-1.305275	-0.250273	1.083214	0.250273	-11.916568	
257	1.997100	0.406487	350.510674	-2.197781	-1.114786	2.197781	-1.416313	-0.724428	1.932711	0.724428	-15.422908	
258	1.744186	0.260178	355.023418	-4.457650	-0.873663	4.457650	-1.189808	-1.334686	1.907179	1.334686	-14.686282	
259	1.323334	0.150094	358.554285	-7.043331	-0.521367	7.043331	-0.745240	-1.330304	1.509972	1.330304	-11.585459	
260	1.045348	0.043555	361.400520	-7.851080	-0.291603	7.851080	-0.631534	-1.358063	1.297463	1.358063	-9.695519	
261	0.974627	0.103978	363.313983	-7.493248	-0.345391	7.493248	-0.653054	-1.724181	0.978238	1.724181	-8.282806	
262	0.914209	0.292290	363.985966	-6.444069	-0.425245	6.444069	-0.281267	-1.353341	0.410578	1.353341	-5.638472	
263	0.741491	0.259057	364.305923	-4.026169	-0.279611	4.026169	0.099264	-0.545170	0.235542	0.545170	-3.966714	
264	0.541975	-0.071908	365.332640	-1.378400	0.024810	1.378400	-0.067487	-0.766731	0.671056	0.766731	-5.165490	
265	0.415032	-0.375408	366.656229	-0.701517	0.270479	0.701517	-0.468180	-1.549083	1.113319	1.549083	-7.116661	
266	0.289674	-0.569581	367.661060	-1.682846	0.451420	1.682846	-0.588211	-1.524973	1.309634	1.524973	-8.136467	
267	0.135303	-0.803539	369.052046	-2.553606	0.657029	2.553606	-0.462628	-0.956797	1.512268	0.956797	-9.308133	
268	0.221266	-0.780991	371.156480	-2.979335	0.590347	2.979335	-0.305304	-0.800308	1.612306	0.800308	-10.269901	
269	0.782468	-0.105932	372.757940	-3.783629	0.059522	3.783629	-0.071438	-1.203882	1.310265	1.203882	-9.069353	
270	1.576684	0.823379	373.424410	-5.131525	-0.481356	5.131525	0.272245	-1.454423	0.877369	1.454423	-7.159947	
271	2.175730	1.270249	374.552919	-6.500625	-0.579917	6.500625	0.320552	-1.675952	0.906991	1.675952	-8.179942	
272	2.405954	1.176842	376.853733	-7.967003	-0.355433	7.967003	-0.226270	-2.722347	1.351653	2.722347	-11.468956	
273	2.204258	0.943276	379.176995	-9.115424	-0.200066	9.115424	-0.729002	-3.594306	1.474088	3.594306	-12.285728	
274	1.551581	0.677853	380.526911	-8.314346	-0.177113	8.314346	-0.437835	-2.717336	1.026755	2.717336	-8.923912	
275	0.709782	0.257752	381.349906	-5.492418	-0.068099	5.492418	0.192596	-0.938416	0.646398	0.938416	-5.153706	
276	0.075537	-0.162942	382.299169	-2.970370	0.104114	2.970370	0.338654	0.056647	0.672038	-0.056647	-3.555108	
277	-0.143451	-0.202591	383.078078	-2.221391	0.106480	2.221391	0.434005	0.436334	0.541120	-0.436334	-2.095366	
278	-0.003264	0.127080	383.260577	-2.714220	-0.048476	2.714220	1.143021	0.703513	0.006383	-0.703513	-0.016968	
279	0.323499	0.396991	383.278044	-3.866066	-0.205733	3.866066	1.616580	0.358104	-0.246552	-0.358104	-0.267016	
280	0.766345	0.467237	383.672494	-5.676804	-0.283660	5.676804	0.949706	-1.082010	0.123037	1.082010	-3.927066	
281	1.198350	0.500858	384.168481	-7.724336	-0.235321	7.724336	-0.142912	-3.044839	0.540025	3.044839	-7.989814	
282	1.305613	0.427387	384.308325	-8.630025	-0.044043	8.630025	-0.903658	-4.264622	0.792802	4.264622	-9.998628	
283	1.007963	0.072833	384.379086	-7.111060	0.250623	7.111060	-1.666603	-4.384645	1.404077	4.384645	-11.103905	
284	0.601592	-0.482410	385.046620	-4.193327	0.606925	4.193327	-2.922136	-4.318985	2.614224	4.318985	-13.585575	
285	0.436879	-0.921135	386.295622	-2.882995	0.994063	2.882995	-4.384956	-4.531309	3.823981	4.531309	-17.467573	
286	0.697385	-0.888534	387.287762	-4.039522	1.205283	4.039522	-4.770059	-4.217617	3.948186	4.217617	-19.956339	
287	1.204324	-0.411336	387.417953	-5.650349	0.986206	5.650349	-3.379474	-2.882812	2.752386	2.882812	-18.840535	
288	1.506842	0.003018	387.132699	-6.146290	0.508630	6.146290	-1.518432	-1.346229	1.511400	1.346229	-15.965651	
289	1.380402	0.048985	386.972788	-5.448597	0.127913	5.448597	-0.557251	-0.672368	1.222830	0.672368	-13.757533	
290	0.992980	-0.021577	386.098201	-3.875123	-0.120037	3.875123	0.016521	-0.665122	1.195650	0.665122	-10.829862	
291	0.577331	-0.000014	383.509095	-1.110766	-0.322415	1.110766	1.025767	0.001625	0.708755	-0.001625	-6.122449	
292	0.206498	-0.096743	380.190300	2.621987	-0.340669	-2.621987	1.513426	1.022266	0.628760	-1.022266	-3.151041	
293	-0.076845	-0.440896	377.590194	4.049804	-0.001703	-4.049804	-0.018727	0.355184	1.769205	-0.355184	-5.090208	
294	-0.124932	-0.716047	375.143260	0.602511	0.440582	-0.602511	-2.877825	-1.877513	3.038968	1.877513	-9.441795	
295	0.145024	-0.621571	371.773678	-5.001196	0.544451	5.001196	-4.584597	-3.564540	3.011357	3.564540	-11.639421	
296	0.553000	-0.343640	368.215133	-8.521624	0.353598	8.521624	-4.204917	-3.773101	2.079802	3.773101	-11.313201	
297	0.818708	-0.197896	365.617238	-8.547268	0.200787	8.547268	-3.148442	-3.119151	1.433208	3.119151	-10.780849	
298	0.881625	-0.089390	363.253327	-6.925946	0.084964	6.925946	-2.076640	-2.271971	0.839578	2.271971	-9.142129	
299	0.847038	0.165124	359.755271	-4.790848	-0.149341	4.790848	-0.124422	-0.904273	-0.395933	0.904273	-4.486692	
300	0.726299	0.320460	355.827401	-1.227906	-0.395595	1.227906	2.146172	0.688866	-1.307521	-0.688866	-0.154228	
301	0.629971	0.170102	353.301455	2.317927	-0.455044	-2.317927	3.030967	0.599955	-0.852729	-0.599955	-0.821745	
302	0.909488	0.056123	352.202652	1.759386	-0.348650	-1.759386	2.962386	-1.686006	-0.161044	1.686006	-4.691642	
303	1.551186	0.250848	351.698462	-2.905686	-0.299464	2.905686	3.694135	-4.190797	-0.520713	4.190797	-6.781746	
304	1.970056	0.442650	352.665998	-7.048199	-0.354852	7.048199	4.978267	-6.196772	-1.074421	6.196772	-6.645139	
305	1.837078	0.356595	356.026056	-7.983560	-0.332016	7.983560	5.269099	-8.234357	-0.698543	8.234357	-6.673917	
306	1.404634	0.199797	360.378638	-6.721913	-0.242854	6.721913	4.460378	-8.982151	-0.050751	8.982151	-6.364750	
307	0.916125	0.159228	364.027950	-4.372441	-0.240702	4.372441	3.588357	-7.347848	-0.009361	7.347848	-4.132185	
308	0.470825	0.119306	367.069068	-1.609464	-0.309885	1.609464	2.992199	-5.174128	-0.148551	5.174128	-1.640245	
309	0.302125	0.047310	369.583147	0.087209	-0.392239	-0.087209	2.513157	-4.122834	-0.065156	4.122834	-1.039249	
310	0.446718	0.071382	370.272677	-0.173968	-0.485768	0.173968	2.361119	-3.409520	-0.213099	3.409520	-1.018485	
311	0.478303	0.132185	368.417943	-2.049709	-0.547645	2.049709	2.241737	-2.483265	-0.553115	2.483265	-0.031014	
312	0.213997	0.059703	365.056075	-4.628776	-0.464044	4.628776	1.175851	-1.826301	-0.353884	1.826301	0.323252	
313	0.110904	-0.083989	360.923088	-6.834220	-0.211895	6.834220	-0.684135	-2.035163	0.386899	2.035163	-1.394206	
314	0.371752	-0.131146	355.458255	-8.550034	0.006292	8.550034	-1.801617	-3.148908	0.876428	3.148908	-3.355865	
315	0.450472	-0.112975	349.258668	-9.533023	-0.040593	9.533023	-1.266657	-4.008314	0.832540	4.008314	-3.307191	
316	0.058919	-0.160013	344.604804	-8.757820	-0.293302	8.757820	0.135696	-4.364460	0.775468	4.364460	-2.112413	
317	-0.214700	-0.261962	341.984120	-7.111258	-0.435021	7.111258	0.993337	-5.145463	1.110438	5.145463	-2.305884	
318	0.069505	-0.323591	339.057378	-6.910460	-0.237861	6.910460	0.554094	-5.439958	1.683618	5.439958	-4.252772	
319	0.459615	-0.330275	334.183930	-8.017048	0.155122	8.017048	-0.799173	-4.132415	2.134184	4.132415	-5.927270	
320	0.441793	-0.341313	328.193180	-8.570681	0.447029	8.570681	-2.250536	-2.797184	2.381198	2.797184	-6.199140	
321	0.157665	-0.401051	322.152200	-8.554695	0.634125	8.554695	-3.771602	-2.980485	2.744217	2.980485	-6.258752	
322	0.008944	-0.470724	315.810093	-8.916678	0.948034	8.916678	-5.560168	-3.213358	3.281419	3.213358	-6.928446	
323	0.194961	-0.441501	308.684473	-9.370414	1.312711	9.370414	-6.315653	-2.370943	3.272752	2.370943	-6.915395	
324	0.671899	-0.266926	301.098606	-9.623870	1.359181	9.623870	-4.451107	-1.516331	2.148338	1.516331	-5.072151	
325	1.325465	-0.020280	293.739125	-10.300461	1.019043	10.300461	-0.398172	-1.866095	0.305325	1.866095	-2.268853	
326	2.098723	0.207960	286.714018	-11.559644	0.629454	11.559644	4.098688	-3.883503	-1.530968	3.883503	0.112919	
327	2.682641	0.362443	279.423448	-12.118647	0.449389	12.118647	7.560142	-6.561723	-2.854770	6.561723	1.677883	
328	2.439061	0.387600	271.518081	-10.172035	0.300106	10.172035	8.598991	-7.560297	-3.144278	7.560297	2.410935	
329	1.193763	0.251384	263.607130	-6.653087	-0.209969	6.653087	6.226932	-6.754350	-2.077589	6.754350	2.006528	
330	-0.310198	0.007379	256.477876	-5.832243	-1.017089	5.832243	1.138341	-6.754995	-0.081018	6.754995	0.423472	
331	-1.151420	-0.208279	249.842813	-9.207375	-1.539815	9.207375	-3.770212	-7.903550	1.618950	7.903550	-1.302778	
332	-1.183235	-0.275316	242.899475	-12.205794	-1.614602	12.205794	-5.071058	-8.153229	1.903021	8.153229	-1.655088	
333	-0.998994	-0.212662	236.040296	-11.267175	-1.652550	11.267175	-2.707398	-7.538246	1.104343	7.538246	-0.556962	
334	-0.930209	-0.145712	230.485502	-9.109447	-1.697989	9.109447	-0.148862	-7.404077	0.522898	7.404077	0.346192	
335	-0.587236	-0.128168	226.173918	-8.879258	-1.329207	8.879258	0.998988	-7.292391	0.407561	7.292391	0.146283	
336	0.243296	-0.099249	221.780213	-8.725287	-0.468543	8.725287	2.795079	-5.866565	-0.085951	5.866565	-0.215228	
337	1.058824	-0.017968	216.857602	-6.003390	0.407870	6.003390	6.236128	-3.553743	-1.129603	3.553743	0.249836	
338	1.524788	0.064521	212.024361	-2.340792	0.922449	2.340792	9.387696	-2.355447	-2.078526	2.355447	1.082807	
339	1.898041	0.081835	207.084394	-1.580923	1.396501	1.580923	10.508875	-2.548178	-2.480938	2.548178	1.237772	
340	2.175868	0.057903	201.247287	-3.741923	2.142587	3.741923	9.626026	-1.852147	-2.338659	1.852147	0.769275	
341	2.010628	0.064341	195.096780	-5.168949	2.567585	5.168949	7.958584	-0.308308	-1.994573	0.308308	0.612123	
342	1.593503	0.082555	189.772571	-4.463278	2.248036	4.463278	6.954167	-0.787815	-1.818920	0.787815	0.919019	
343	1.410678	0.052502	184.705230	-3.709020	1.666424	3.709020	6.824326	-3.266710	-1.836334	3.266710	1.172574	
344	1.334030	0.027380	178.820058	-3.872650	0.841981	3.872650	6.978014	-5.356282	-2.088735	5.356282	1.599736	
345	0.931223	0.089034	172.946415	-4.545186	-0.938556	4.545186	6.980287	-7.298937	-2.598805	7.298937	2.630511	
346	0.331537	0.177865	168.642250	-6.482534	-3.324293	6.482534	6.148908	-9.705525	-2.909959	9.705525	3.583035	
347	0.113149	0.191299	165.913629	-8.632287	-4.570158	8.632287	4.960585	-10.644807	-2.830804	10.644807	3.693195	
348	0.453413	0.152502	163.821847	-7.107550	-3.918712	7.107550	5.496672	-9.050138	-2.939101	9.050138	3.408403	
349	0.881425	0.136889	162.119202	-1.592936	-2.586164	1.592936	7.843078	-6.833248	-3.366054	6.833248	3.371474	
350	0.980490	0.142878	161.084070	2.703662	-1.727104	-2.703662	9.555664	-6.014315	-3.405138	6.014315	3.226066	
351	0.875294	0.146629	160.697402	3.047014	-0.977413	-3.047014	9.521660	-5.799602	-2.836252	5.799602	2.579545	
352	0.887926	0.194242	160.890744	1.899918	0.138472	-1.899918	9.549464	-5.229746	-2.633316	5.229746	2.267354	
353	1.099724	0.325087	161.999994	0.462869	0.722207	-0.462869	11.359037	-5.419951	-3.639813	5.419951	3.227108	
354	1.333239	0.455146	164.194758	-3.362566	0.053818	3.362566	13.162184	-6.725162	-5.028243	6.725162	4.614938	
355	1.362968	0.462226	166.797459	-10.399084	-0.867955	10.399084	11.658341	-7.395634	-5.213822	7.395634	4.772745	
356	1.118127	0.354719	168.870873	-17.220183	-1.225785	17.220183	7.342247	-6.478160	-4.033746	6.478160	3.624763	
357	0.748511	0.243564	170.206158	-19.574818	-1.644546	19.574818	3.909409	-5.457968	-2.739244	5.457968	2.444389	
358	0.522750	0.190094	171.270023	-18.818824	-2.389323	18.818824	3.163567	-5.846420	-2.231502	5.846420	1.961187	
359	0.635342	0.181508	172.663799	-18.477970	-2.638627	18.477970	4.809829	-6.820218	-2.634417	6.820218	2.259681	
360	1.020336	0.213264	175.025047	-16.700935	-2.183716	16.700935	9.061255	-7.642000	-3.968109	7.642000	3.390915	
361	1.398720	0.296500	178.912230	-11.612890	-1.938737	11.612890	15.151350	-9.352360	-5.909708	9.352360	5.000564	
362	1.622489	0.395855	184.366991	-8.015930	-2.357017	8.015930	20.419803	-12.033078	-7.623537	12.033078	6.347590	
363	1.785738	0.435591	190.853478	-9.971608	-2.579905	9.971608	22.916469	-13.483693	-8.447527	13.483693	7.031539	
364	1.910105	0.380276	197.748696	-13.652566	-1.817262	13.652566	22.769847	-12.354744	-8.246336	12.354744	7.022492	
365	1.858754	0.267863	204.759857	-14.139707	-0.636784	14.139707	20.756586	-10.680218	-7.259888	10.680218	6.390272	
366	1.646132	0.151720	211.926901	-13.809571	-0.114077	13.809571	17.481004	-11.744656	-6.077838	11.744656	5.445082	
367	1.466187	0.043513	219.401951	-17.417204	-0.257907	17.417204	13.383224	-14.802823	-5.111855	14.802823	4.623347	
368	1.377403	-0.060310	227.350924	-22.569409	-0.259915	22.569409	9.045332	-16.123826	-4.245578	16.123826	4.053757	
369	1.362779	-0.118863	235.988367	-22.779687	0.100566	22.779687	6.435880	-15.177023	-3.797394	15.177023	3.924730	
370	1.564720	-0.083098	245.562919	-16.997580	0.354427	16.997580	8.041287	-15.077504	-4.704197	15.077504	4.811799	
371	1.969941	-0.006009	256.314059	-10.656341	0.415557	10.656341	12.772838	-17.073981	-6.437350	17.073981	6.436209	
372	2.130351	-0.013120	268.383525	-8.470383	0.629483	8.470383	15.626750	-18.372638	-6.672947	18.372638	7.111927	
373	1.743911	-0.104836	281.608580	-10.820547	0.694351	10.820547	13.986944	-17.269873	-4.753571	17.269873	5.869020	
374	1.301515	-0.117545	295.629831	-15.679172	-0.052630	15.679172	12.058278	-16.664050	-3.468035	16.664050	4.477667	
375	1.524092	0.019021	310.577872	-20.183617	-1.086000	20.183617	15.397994	-18.989368	-5.147719	18.989368	5.486044	
376	2.258263	0.156484	327.335372	-20.927504	-0.952222	20.927504	21.788046	-20.598289	-7.853878	20.598289	8.603944	
377	2.735777	0.182849	346.476501	-15.548913	0.538217	15.548913	24.201636	-17.366618	-8.671843	17.366618	11.187964	
378	2.744712	0.170359	367.470245	-6.638981	1.975679	6.638981	22.045030	-12.859186	-8.135974	12.859186	12.026834	
379	2.533255	0.142220	389.529685	-0.739576	2.357459	0.739576	19.929740	-12.220323	-7.420712	12.220323	11.664323	
380	2.066390	-0.003146	412.229235	0.039606	2.143916	-0.039606	17.863574	-13.158872	-5.388461	13.158872	10.121677	
381	1.515000	-0.186126	435.004632	-0.610786	2.125213	0.610786	14.996588	-12.052225	-2.683503	12.052225	8.318163	
382	1.623653	-0.114345	457.283212	-0.688550	2.371300	0.688550	16.754723	-11.875325	-3.084876	11.875325	9.415938	
383	2.594572	0.263344	479.178893	-2.733975	2.593252	2.733975	26.311263	-16.071822	-7.252490	16.071822	14.581241	
384	3.661439	0.647611	501.306129	-7.204638	2.911143	7.204638	37.189402	-19.873897	-11.157121	19.873897	20.853411	
385	4.307176	0.867799	524.003027	-9.407127	3.754001	9.407127	42.701777	-17.803467	-12.658211	17.803467	25.725352	
386	4.707225	0.999595	547.098933	-6.889446	4.994262	6.889446	43.250534	-13.474834	-13.042825	13.474834	29.556233	
387	4.849150	0.982515	570.303524	-4.466388	5.901145	4.466388	40.727088	-13.146255	-12.222931	13.146255	32.298236	
388	4.358277	0.701880	593.300951	-7.113564	5.772023	7.113564	34.898696	-16.265074	-9.160345	16.265074	31.467136	
389	3.253648	0.352662	615.061277	-14.031770	3.996171	14.031770	28.007283	-21.674405	-5.810442	21.674405	25.175380	
390	2.077679	0.144731	633.969555	-23.373199	0.668264	23.373199	24.027948	-32.182783	-4.311331	32.182783	16.198795	
391	1.149775	-0.121705	649.415802	-33.132545	-2.229597	33.132545	20.220539	-42.311705	-2.497870	42.311705	9.627361	
392	0.407742	-0.623015	661.957741	-36.263741	-2.253530	36.263741	11.468733	-38.381776	1.687724	38.381776	6.967290	
393	0.058149	-0.986554	671.760515	-25.742365	0.574778	25.742365	3.707252	-20.904039	4.912670	20.904039	6.965742	
394	0.343076	-0.839982	678.604747	-7.032613	3.786937	7.032613	6.004049	-8.209650	3.804592	8.209650	8.756392	
395	0.829365	-0.437654	683.077155	3.664454	4.948281	-3.664454	14.270965	-10.699214	0.659849	10.699214	10.407014	
396	0.970481	-0.105809	686.303111	-0.543758	3.503093	0.543758	19.375175	-19.126094	-1.493138	19.126094	9.341163	
397	0.785017	0.219900	688.536926	-11.851059	0.306496	11.851059	20.750455	-25.273952	-2.993530	25.273952	4.996473	
398	0.460820	0.460323	689.021974	-24.373208	-3.725553	24.373208	20.548354	-33.005006	-3.877389	33.005006	-0.281005	
399	0.183256	0.327973	687.748008	-38.604469	-7.103642	38.604469	17.438467	-42.801737	-2.911608	42.801737	-2.054091	
400	0.346297	0.004077	686.127588	-50.547344	-7.301534	50.547344	12.408953	-44.526268	-0.981573	44.526268	2.606394	
401	1.109558	0.031800	685.179309	-53.079150	-3.898148	53.079150	10.442202	-34.983613	-0.482132	34.983613	11.105755	
402	2.080631	0.548512	684.805136	-47.344173	-0.116645	47.344173	14.055154	-26.215169	-1.925609	26.215169	18.223710	
403	2.845713	1.223930	685.237790	-40.778497	1.660356	40.778497	20.836065	-26.424136	-3.831752	26.424136	22.024928	
404	3.170584	1.674137	686.979908	-36.000217	2.323266	36.000217	25.665176	-27.673751	-4.655566	27.673751	22.716168	
405	2.862277	1.671734	689.093073	-30.507978	2.686529	30.507978	25.086953	-23.330887	-3.998232	23.330887	19.574328	
406	2.213599	1.390973	689.633069	-25.109659	2.201164	25.109659	21.643233	-20.812814	-2.762681	20.812814	14.476702	
407	1.927928	1.260886	688.054409	-24.236817	1.139600	24.236817	20.726916	-27.590119	-1.988936	27.590119	12.453678	
408	2.138275	1.292370	685.740879	-28.453787	0.921464	28.453787	22.279407	-36.915430	-1.643509	36.915430	15.101511	
409	2.373044	1.159931	684.234525	-32.110084	2.161681	32.110084	21.319962	-36.359968	-1.213496	36.359968	19.057927	
410	2.524886	0.994712	684.182068	-29.780437	3.980159	29.780437	16.700404	-24.987771	-0.784121	24.987771	22.055308	
411	2.917377	1.230582	685.907198	-23.841637	5.103304	23.841637	12.574828	-15.203805	-0.774977	15.203805	25.511659	
412	3.522894	1.713718	690.122091	-20.533470	5.166973	20.533470	10.729575	-14.957188	-1.187256	14.957188	30.570646	
413	3.866547	1.887054	697.796759	-19.178510	4.607957	19.178510	8.769875	-16.127339	-1.699346	16.127339	34.662278	
414	3.724807	1.773125	709.350100	-13.346736	3.634934	13.346736	6.457777	-9.399064	-2.054800	9.399064	34.556031	
415	3.526766	1.939944	724.357207	-0.697353	2.481822	0.697353	6.930231	1.414742	-2.298413	-1.414742	32.717341	
416	3.744158	2.521989	742.162848	12.631813	1.373882	-12.631813	11.351672	7.546154	-2.887455	-7.546154	34.640300	
417	4.114910	3.033366	762.270610	18.389871	-0.275284	-18.389871	16.899576	7.532647	-4.036486	-7.532647	39.068004	
418	4.125771	3.248119	784.051802	16.274136	-3.005191	-16.274136	20.466536	5.243292	-5.178072	-5.243292	40.229407	
419	3.948018	3.494869	806.559045	10.774471	-6.152634	-10.774471	21.489414	-0.274735	-6.269088	0.274735	39.198242	
420	3.938238	3.851883	829.120836	2.127494	-8.529745	-2.127494	20.270495	-12.314669	-8.244693	12.314669	40.346929	
421	3.720740	3.868201	852.255905	-8.143364	-9.960960	8.143364	16.521400	-23.843560	-10.466593	23.843560	39.563845	
422	2.927165	3.425656	877.753691	-10.911956	-11.766419	10.911956	11.852554	-24.144988	-10.988619	24.144988	31.653969	
423	2.102718	2.965444	907.785740	-0.928714	-15.392263	0.928714	10.334375	-16.202285	-10.637836	16.202285	22.833199	
424	1.844928	2.588174	944.277334	13.487374	-21.441676	-13.487374	14.091088	-10.956934	-11.549030	10.956934	20.246527	
425	1.936647	2.047931	989.290664	22.335004	-30.206432	-22.335004	21.749392	-11.182788	-12.517471	11.182788	20.379953	
426	1.975848	1.632132	1044.735359	27.395930	-41.323953	-27.395930	32.406305	-12.048556	-12.511998	12.048556	19.918734	
427	1.982470	1.753387	1111.003576	32.631645	-52.871853	-32.631645	46.459366	-11.532940	-14.307081	11.532940	22.655733	
428	1.952813	1.972609	1187.445974	34.972515	-63.253566	-34.972515	61.804398	-12.916818	-17.022555	12.916818	26.686910	
429	1.555568	1.616330	1274.106749	34.495214	-73.912928	-34.495214	75.094862	-18.889754	-13.567872	18.889754	22.392417	
430	0.752276	0.850939	1371.059251	35.086699	-86.687892	-35.086699	86.647767	-27.642427	-2.690773	27.642427	9.529195	
431	0.032347	0.198971	1476.547894	32.056566	-100.261893	-32.056566	98.828568	-37.702023	8.606733	37.702023	-2.101126	
432	-0.487076	-0.437554	1587.429507	17.605121	-113.273110	-17.605121	109.852480	-51.869519	20.258754	51.869519	-12.385009	
433	-1.275672	-1.390598	1700.576754	-8.096090	-127.471861	8.096090	116.167352	-71.733176	39.490701	71.733176	-29.742781	
434	-2.354091	-2.413883	1812.191253	-43.045643	-143.475062	43.045643	119.761730	-93.610596	63.357102	93.610596	-51.227523	
435	-3.233229	-3.149982	1916.859747	-86.358308	-156.412902	86.358308	121.347303	-114.638421	82.753344	114.638421	-67.911581	
436	-3.894708	-3.861643	2009.292570	-135.024269	-163.407549	135.024269	115.885077	-138.668264	100.864756	138.668264	-83.432906	
437	-4.617260	-4.878774	2086.110520	-190.949438	-173.118561	190.949438	108.251785	-170.045526	124.095218	170.045526	-104.484220	
438	-5.166991	-5.900132	2144.848087	-260.465698	-194.745100	260.465698	112.886791	-205.326360	144.340552	205.326360	-124.404212	
439	-5.254335	-6.631260	2183.638794	-346.654993	-223.302225	346.654993	129.042782	-241.023617	154.127928	241.023617	-137.151791	
440	-5.299986	-7.461398	2203.577213	-452.159654	-253.121011	452.159654	143.917540	-286.677520	164.175357	286.677520	-153.235394	
441	-5.789787	-8.695745	2209.370353	-573.761406	-288.676875	573.761406	158.430865	-350.998900	182.971983	350.998900	-181.892743	
442	-6.432598	-9.896247	2206.758690	-690.528522	-324.376988	690.528522	176.479038	-421.253774	201.001842	421.253774	-214.644707	
443	-6.772139	-10.684393	2200.471080	-784.337401	-341.689853	784.337401	184.275496	-483.971632	212.474727	483.971632	-243.787567	
444	-6.945156	-11.296528	2194.202213	-864.054329	-336.557458	864.054329	171.318237	-549.219397	226.183711	549.219397	-276.139739	
445	-7.286372	-11.987149	2190.756411	-941.981541	-321.376438	941.981541	147.488853	-630.369056	248.990671	630.369056	-318.173010	
446	-7.906041	-12.752421	2191.180192	-1009.660115	-303.200565	1009.660115	123.434162	-726.675932	280.881346	726.675932	-368.783011	
447	-8.852880	-13.652031	2193.805481	-1055.921392	-281.435562	1055.921392	98.640932	-835.345157	322.713307	835.345157	-427.308644	
448	-10.172957	-14.803199	2194.694921	-1082.504273	-257.886348	1082.504273	73.183429	-955.207468	374.751281	955.207468	-492.092970	
449	-11.754448	-16.139103	2189.429662	-1095.534054	-238.602781	1095.534054	55.885772	-1078.756608	430.796433	1078.756608	-553.646612	
450	-13.296287	-17.429103	2174.941681	-1098.719987	-228.393580	1098.719987	55.755985	-1191.710844	480.822802	1191.710844	-599.019673	
451	-14.534635	-18.550781	2150.513282	-1089.588214	-225.437011	1089.588214	69.897736	-1283.204697	519.488297	1283.204697	-623.463651	
452	-15.527267	-19.665178	2118.213732	-1059.911795	-227.502715	1059.911795	92.833273	-1359.334945	546.811308	1359.334945	-631.121367	
453	-16.520901	-20.965791	2083.739910	-1003.651180	-240.071836	1003.651180	132.670631	-1431.189654	558.185742	1431.189654	-621.337588	
454	-17.516900	-22.327820	2057.033444	-917.092159	-264.934256	917.092159	193.470533	-1486.610399	543.598623	1486.610399	-586.799104	
455	-18.334026	-23.534929	2050.201575	-801.355690	-288.965013	801.355690	252.399691	-1506.199054	504.187957	1506.199054	-532.446250	
456	-18.974594	-24.608190	2073.063674	-676.654618	-301.378718	676.654618	287.379252	-1497.302236	453.488383	1497.302236	-475.583740	
457	-19.462297	-25.479523	2130.215609	-571.428325	-307.194923	571.428325	306.093581	-1473.080120	396.539186	1473.080120	-422.088394	
458	-19.616866	-25.796794	2220.593064	-488.684883	-306.475706	488.684883	311.291663	-1417.707790	330.604169	1417.707790	-367.489872	
459	-19.329013	-25.373153	2337.815528	-402.620895	-281.957021	402.620895	275.543053	-1302.251870	261.595003	1302.251870	-315.940283	
460	-18.707312	-24.368952	2472.988241	-288.878493	-221.871699	288.878493	183.216954	-1123.050957	199.888047	1123.050957	-277.547199	
461	-17.818865	-23.002565	2620.174828	-147.218772	-133.685239	147.218772	54.786898	-908.870949	153.163226	908.870949	-262.930031	
462	-16.602695	-21.429951	2779.431543	5.869910	-32.934687	-5.869910	-77.912306	-700.598278	127.187544	700.598278	-287.745200	
463	-15.056343	-19.781666	2955.351381	148.706446	59.097925	-148.706446	-181.277461	-540.996405	118.612044	540.996405	-359.304897	
464	-13.290940	-18.141602	3154.403299	246.864330	108.456632	-246.864330	-215.157555	-471.579808	110.847674	471.579808	-452.987695	
465	-11.449783	-16.575011	3383.793591	257.968782	80.157778	-257.968782	-151.912121	-511.041341	84.662342	511.041341	-512.547976	
466	-9.714286	-15.195470	3652.501255	168.278739	-33.580187	-168.278739	-2.682652	-625.432351	30.870679	625.432351	-476.948681	
467	-8.429071	-14.203938	3973.410005	20.348408	-196.387324	-20.348408	181.585329	-723.407628	-45.868239	723.407628	-314.183540	
468	-8.071105	-13.869269	4361.634093	-106.908620	-341.149457	106.908620	339.937615	-701.748683	-132.312129	701.748683	-46.138900	
469	-8.697821	-14.177899	4820.643675	-153.219511	-407.345930	153.219511	444.723698	-521.722489	-216.238295	521.722489	253.479204	
470	-9.442236	-14.320918	5303.195666	-108.750661	-367.556470	108.750661	493.989086	-224.933837	-278.477806	224.933837	481.346225	
471	-9.011797	-13.075339	5650.656470	18.217421	-213.662102	-18.217421	442.469648	142.772137	-262.626579	-142.772137	509.756337	
472	-6.373493	-10.012309	5612.294596	223.684924	58.277867	-223.684924	190.053624	586.112568	-85.764556	-586.112568	193.667271	
473	-1.076000	-5.179725	5070.032324	437.250370	371.972337	-437.250370	-338.658690	1094.605573	304.716469	-1094.605573	-522.338287	
474	4.954394	1.715109	4207.828803	511.079929	511.383411	-511.079929	-1043.679434	1491.866883	880.197332	-1491.866883	-1374.545652	
475	6.759632	9.041636	3312.454790	391.208460	389.956025	-391.208460	-1589.469642	1517.205840	1413.605984	-1517.205840	-1813.528242	
476	2.519042	14.171001	2548.983407	236.539559	214.780399	-236.539559	-1833.133055	1231.268239	1598.954252	-1231.268239	-1653.977448	
477	-4.240427	17.378897	1960.008919	210.481728	125.467015	-210.481728	-1952.844854	982.255714	1431.321243	-982.255714	-1248.447772	
478	-10.260704	19.346870	1536.119230	234.118543	116.294819	-234.118543	-1991.894840	948.819618	1130.447856	-948.819618	-881.987007	
479	-13.878966	19.284203	1260.630998	274.551829	159.713611	-274.551829	-1866.730945	1002.000970	834.374549	-1002.000970	-590.369776	
480	-14.177153	17.201245	1124.375425	393.832417	211.967225	-393.832417	-1601.740364	935.316342	577.703091	-935.316342	-355.411515	
481	-11.809767	14.225628	1115.507160	516.164597	240.651195	-516.164597	-1292.742489	727.922429	370.583310	-727.922429	-184.712539	
482	-8.473406	11.126058	1200.897829	523.508798	236.815680	-523.508798	-993.473488	513.328374	213.228667	-513.328374	-79.336096	
483	-5.356774	8.080934	1325.808529	420.948961	193.918338	-420.948961	-706.029621	385.292891	98.152410	-385.292891	-23.079800	
484	-2.861693	5.303532	1426.788098	323.155836	121.458588	-323.155836	-462.470756	349.978957	17.396165	-349.978957	3.086471	
485	-1.092819	3.149903	1445.649353	307.730214	55.877850	-307.730214	-313.734774	369.713861	-36.858069	-369.713861	14.525964	
486	-0.109211	1.757663	1347.487943	354.820985	17.022061	-354.820985	-241.942971	397.159405	-69.842447	-397.159405	21.714861	
487	-0.013355	0.995777	1135.853390	404.703295	8.726846	-404.703295	-207.090406	405.458308	-79.141708	-405.458308	27.445572	
488	-0.799854	0.638371	851.969542	430.602436	37.063872	-430.602436	-209.356533	397.676134	-62.178197	-397.676134	27.233854	
489	-2.167591	0.371052	572.758970	444.068973	82.568137	-444.068973	-244.848883	395.821572	-26.184508	-395.821572	15.895564	
490	-3.651462	-0.189297	447.703773	434.180795	104.132742	-434.180795	-271.307603	402.079066	11.078483	-402.079066	-1.935970	
491	-5.088054	-1.170790	570.489760	370.658483	92.168248	-370.658483	-253.819689	390.399318	33.695611	-390.399318	-13.302115	
492	-6.719993	-2.290324	764.580131	273.960175	80.660285	-273.960175	-216.026333	359.793491	44.131173	-359.793491	-18.038534	
493	-8.457368	-3.222042	906.435857	208.740745	90.356173	-208.740745	-195.600121	333.928128	53.827571	-333.928128	-28.991552	
494	-9.741575	-3.850170	962.424405	214.655431	107.243326	-214.655431	-188.548200	324.424801	64.429152	-324.424801	-48.859533	
495	-10.208860	-4.149497	937.622989	273.252045	114.879985	-273.252045	-176.731973	327.759120	71.012947	-327.759120	-68.483429	
496	-9.796425	-4.074697	857.365419	341.087281	110.363113	-341.087281	-161.477877	333.169842	70.549917	-333.169842	-78.878679	
497	-8.665519	-3.618487	754.597104	385.271846	97.064704	-385.271846	-147.175532	325.990722	62.253845	-325.990722	-75.904282	
498	-7.271129	-2.867739	658.818526	397.158116	79.140066	-397.158116	-126.470105	301.696504	48.358962	-301.696504	-62.309706	
499	-6.026523	-1.939538	589.038030	391.127912	62.097002	-391.127912	-103.849464	275.912333	36.421211	-275.912333	-47.585812	
500	-5.061367	-0.942141	550.245082	379.330829	51.880469	-379.330829	-99.310811	264.079987	33.416133	-264.079987	-39.879944	
501	-4.444439	-0.006494	534.777948	356.544595	48.971125	-356.544595	-111.927952	259.736617	36.306358	-259.736617	-37.624648	
502	-4.202086	0.752031	530.468803	319.195697	48.677502	-319.195697	-119.797645	248.171419	37.557154	-248.171419	-34.968050	
503	-4.136878	1.304777	528.214070	279.615447	48.513444	-279.615447	-117.063179	230.981713	37.391146	-230.981713	-32.123169	
504	-4.020088	1.686855	523.668431	252.657181	49.679071	-252.657181	-116.084100	219.149589	40.318159	-219.149589	-32.750614	
505	-3.849120	1.933354	516.171072	237.379998	52.819171	-237.379998	-121.377002	212.282665	44.869422	-212.282665	-35.645049	
506	-3.695336	2.063650	507.514833	222.077864	55.953779	-222.077864	-123.982379	202.237878	45.981828	-202.237878	-36.427755	
507	-3.494691	2.095590	500.486381	203.644764	56.921465	-203.644764	-117.859039	188.867256	43.636125	-188.867256	-34.789842	
508	-3.152177	2.052112	497.258359	188.603762	56.288464	-188.603762	-108.982567	177.352438	41.716360	-177.352438	-33.936713	
509	-2.734015	1.959735	498.440143	178.052668	56.316532	-178.052668	-105.920552	166.643627	40.974138	-166.643627	-34.408693	
510	-2.391780	1.842536	503.247667	165.633863	58.023253	-165.633863	-109.799979	153.846394	39.668776	-153.846394	-34.349277	
511	-2.131794	1.707059	510.341028	151.066395	60.580150	-151.066395	-116.361494	144.343489	38.452627	-144.343489	-34.211515	
512	-1.827127	1.538996	518.306937	142.439513	62.166380	-142.439513	-121.251181	143.512722	38.860249	-143.512722	-35.607169	
513	-1.454674	1.325816	525.676113	141.353042	60.453608	-141.353042	-119.499577	144.931651	38.862817	-144.931651	-36.626017	
514	-1.133081	1.073549	531.271030	139.276425	53.779641	-139.276425	-105.300593	138.575821	35.004569	-138.575821	-33.618637	
515	-0.861776	0.793561	534.706557	134.538201	43.234720	-134.538201	-80.351983	125.622655	28.670954	-125.622655	-27.872102	
516	-0.573819	0.497422	536.144410	134.243278	33.373404	-134.243278	-57.871913	114.703678	24.996419	-114.703678	-24.590057	
517	-0.443602	0.215378	535.564163	135.369418	28.792793	-135.369418	-48.386349	107.130533	24.813470	-107.130533	-24.567818	
518	-0.565120	-0.021535	532.954931	128.150915	28.883525	-128.150915	-47.369696	97.578153	24.046793	-97.578153	-23.846191	
519	-0.614759	-0.214876	529.165836	115.745338	29.765172	-115.745338	-47.241578	87.080224	22.085375	-87.080224	-21.946424	
520	-0.353075	-0.373282	525.606197	107.413063	30.922344	-107.413063	-50.760955	81.444181	22.704650	-81.444181	-22.509374	
521	0.013032	-0.482421	523.103842	101.104278	33.250538	-101.104278	-59.811459	79.209424	25.797321	-79.209424	-25.326110	
522	0.218030	-0.528446	521.750955	90.573049	33.924795	-90.573049	-65.011002	74.289178	26.858250	-74.289178	-26.039867	
523	0.348495	-0.522136	521.680470	79.298780	30.536898	-79.298780	-59.926104	66.405845	25.397689	-66.405845	-24.251430	
524	0.679378	-0.485934	523.241504	73.364498	25.873529	-73.364498	-52.405939	59.909651	25.675670	-59.909651	-24.033791	
525	1.151552	-0.432143	526.001305	70.030067	23.393680	-70.030067	-50.708590	55.726078	28.300839	-55.726078	-25.999888	
526	1.383114	-0.368933	527.910908	63.811237	21.761777	-63.811237	-49.738519	50.064611	28.701324	-50.064611	-26.051199	
527	1.242369	-0.315739	526.255355	56.473752	17.712445	-56.473752	-40.617698	41.031322	24.539161	-41.031322	-22.146857	
528	0.916458	-0.280065	519.327489	51.787887	11.806137	-51.787887	-25.151904	31.385229	18.468434	-31.385229	-16.725410	
529	0.563914	-0.245092	506.675847	46.757895	7.760761	-46.757895	-12.758687	23.821080	13.672726	-23.821080	-12.615059	
530	0.276571	-0.217110	488.416335	37.450291	6.735697	-37.450291	-7.613607	18.278874	10.485985	-18.278874	-10.034574	
531	0.090045	-0.228612	465.120309	27.186334	6.072868	-27.186334	-4.957834	13.604269	7.551673	-13.604269	-7.651085	
532	-0.025843	-0.272945	438.179680	20.844245	3.942619	-20.844245	0.315262	8.709799	4.694829	-8.709799	-5.200940	
533	-0.013995	-0.302933	409.747089	17.346057	1.807060	-17.346057	5.806378	3.989330	3.389645	-3.989330	-4.026747	
534	0.134753	-0.283951	381.974721	12.518349	1.584882	-12.518349	6.343996	0.831205	4.017919	-0.831205	-4.543308	
535	0.203218	-0.215946	356.318304	5.552508	2.849951	-5.552508	3.127100	-1.229488	4.754223	1.229488	-5.090643	
536	0.197206	-0.132575	333.673922	-1.147303	3.953651	1.147303	0.468657	-3.603028	4.874991	3.603028	-5.018543	
537	0.556335	-0.059203	315.008923	-6.428297	4.617188	6.428297	-3.376993	-4.853065	6.475238	4.853065	-6.301595	
538	1.448509	0.027947	301.346553	-11.247756	5.860464	11.247756	-12.944182	-2.477173	10.666542	2.477173	-9.938107	
539	2.428357	0.152763	293.002282	-16.105479	7.602702	16.105479	-25.599181	1.901914	15.206259	-1.901914	-13.824950	
540	3.077218	0.297543	289.529057	-20.190957	8.443007	20.190957	-33.660251	3.960494	17.763381	-3.960494	-15.824874	
541	3.436731	0.436194	290.354210	-22.446126	7.829626	22.446126	-35.044108	3.459601	18.537925	-3.459601	-16.181236	
542	3.644495	0.546467	294.657657	-22.718446	6.543637	22.718446	-34.224935	3.861133	18.373146	-3.861133	-15.777020	
543	3.558626	0.609128	300.839332	-22.295144	5.307600	22.295144	-33.187298	5.226153	16.787023	-5.226153	-14.261590	
544	3.089984	0.623412	306.971726	-22.187701	4.248601	22.187701	-29.429882	4.422873	13.620309	-4.422873	-11.472903	
545	2.595173	0.597373	311.896205	-22.933360	3.298976	22.933360	-23.172607	1.370356	10.585798	-1.370356	-8.862731	
546	2.342397	0.551594	315.222996	-25.471575	2.518707	25.471575	-17.897479	-1.440540	8.787467	1.440540	-7.355786	
547	2.046017	0.518810	316.162517	-29.603302	2.192068	29.603302	-14.077549	-3.483166	7.053393	3.483166	-5.980541	
548	1.579721	0.491688	313.433472	-33.103948	2.399480	33.103948	-10.317494	-5.300735	4.915760	5.300735	-4.360535	
549	1.394692	0.427122	306.507197	-34.664306	2.713703	34.664306	-7.834342	-6.522992	3.860195	6.522992	-3.681334	
550	1.682254	0.326058	295.774739	-35.336006	2.804124	35.336006	-7.666545	-7.359304	4.228729	7.359304	-4.192840	
551	1.984503	0.218687	281.514104	-35.692626	2.722674	35.692626	-7.662262	-8.823721	4.510372	8.823721	-4.615186	
552	1.996894	0.093309	263.845198	-35.006711	2.445742	35.006711	-5.987133	-11.288222	4.121662	11.288222	-4.347421	
553	1.957151	-0.042688	243.790469	-33.612509	1.981313	33.612509	-3.891759	-13.741129	3.787663	13.741129	-3.931570	
554	2.039071	-0.122563	223.324432	-32.462583	1.615246	32.462583	-3.050873	-14.092500	3.619749	14.092500	-3.575886	
555	2.089445	-0.125693	204.035166	-30.670367	1.402096	30.670367	-3.222525	-11.485384	3.215317	11.485384	-3.030331	
556	2.114986	-0.084758	187.051236	-26.941721	1.012194	26.941721	-3.612927	-7.922900	2.742741	7.922900	-2.362491	
557	2.382707	-0.000754	174.159634	-22.913650	0.250174	22.913650	-4.079722	-5.710135	2.485600	5.710135	-1.774901	
558	2.854166	0.127734	167.038289	-21.973801	-0.765446	21.973801	-4.350120	-5.020462	2.193571	5.020462	-1.143027	
559	3.082325	0.267834	165.707817	-24.736883	-1.677642	24.736883	0.000000	-5.269494	0.000000	5.269494	-0.315662	
560	2.949558	0.401734	169.206208	-28.471840	-2.106442	28.471840	0.000000	-6.504163	0.000000	6.504163	0.540744	
561	2.915242	0.537796	177.325201	-31.609625	-2.221413	31.609625	0.077667	-8.664250	-0.478101	8.664250	1.325043	
562	3.184137	0.668877	190.349678	-35.121203	-2.625782	35.121203	2.074735	-11.265991	-1.557426	11.265991	2.188006	
563	3.357361	0.764451	207.367435	-37.966112	-3.407147	37.966112	4.415086	-13.636067	-2.775806	13.636067	3.074954	
564	3.179101	0.794314	226.350335	-37.741536	-4.006997	37.741536	6.884429	-15.479408	-3.841583	15.479408	3.723517	
565	2.875259	0.758516	245.764990	-36.519226	-4.054827	36.519226	8.627699	-17.265367	-4.605706	17.265367	4.116791	
566	2.645965	0.693023	264.937807	-37.696732	-3.755636	37.696732	9.406276	-19.019691	-5.226008	19.019691	4.447317	
567	2.433102	0.621894	283.145479	-38.577828	-3.510535	38.577828	9.885710	-19.536413	-5.655886	19.536413	4.706368	
568	2.215199	0.538944	299.412644	-34.948309	-3.422445	34.948309	10.383416	-18.722045	-5.757723	18.722045	4.805489	
569	2.138689	0.437023	313.210994	-30.598328	-3.367861	30.598328	10.563164	-18.594196	-5.767034	18.594196	4.961000	
570	2.276307	0.305128	324.533353	-31.743914	-3.515540	31.743914	10.475274	-20.055712	-5.856779	20.055712	5.363967	
571	2.446716	0.147382	333.200739	-37.206244	-3.961147	37.206244	10.436418	-21.756880	-5.748265	21.756880	5.756012	
572	2.440237	0.001355	338.841754	-42.002315	-4.162515	42.002315	10.091065	-22.524066	-5.271486	22.524066	5.814693	
573	2.307746	-0.114630	341.585237	-44.219205	-3.773156	44.219205	8.880696	-22.210763	-4.680109	22.210763	5.654690	
574	2.231464	-0.197605	342.354236	-44.767940	-3.287397	44.767940	7.468157	-21.208569	-4.405828	21.208569	5.716440	
575	2.230377	-0.231668	342.420976	-43.886956	-3.186910	43.886956	7.285445	-20.299691	-4.626801	20.299691	6.127350	
576	2.156396	-0.243490	342.425267	-40.752038	-3.243700	40.752038	8.027188	-19.967535	-4.809374	19.967535	6.330042	
577	1.951454	-0.280280	342.122528	-36.566646	-3.080373	36.566646	7.859590	-20.167893	-4.410839	20.167893	5.942915	
578	1.789847	-0.317365	341.602184	-33.776074	-2.897598	33.776074	6.988264	-20.786904	-4.032293	20.786904	5.647722	
579	1.809404	-0.304518	341.858960	-32.310123	-3.148337	32.310123	7.467551	-21.423647	-4.469519	21.423647	6.113060	
580	1.814655	-0.256989	343.495506	-30.895768	-3.569141	30.895768	8.818040	-21.225998	-5.087621	21.225998	6.575988	
581	1.597567	-0.221827	345.959170	-30.312599	-3.251374	30.312599	8.223893	-20.106426	-4.916986	20.106426	6.094040	
582	1.403317	-0.212441	348.767765	-32.943342	-2.170753	32.943342	5.837743	-20.172159	-4.637156	20.172159	5.577143	
583	1.557266	-0.213423	352.488631	-39.509804	-1.566975	39.509804	5.129734	-23.520122	-5.404604	23.520122	6.437452	
584	1.838174	-0.221908	357.696688	-46.361091	-1.930685	46.361091	6.919932	-27.848643	-6.510094	27.848643	7.872443	
585	1.845029	-0.254421	363.834554	-49.065306	-2.139395	49.065306	7.724313	-28.986326	-6.514277	28.986326	8.162295	
586	1.710570	-0.290732	370.060541	-48.684802	-1.508689	48.684802	5.889303	-27.902275	-6.009129	27.902275	7.850141	
587	1.783388	-0.275388	376.268629	-49.345435	-0.911968	49.345435	4.549455	-28.883860	-6.503756	28.883860	8.532875	
588	1.918064	-0.225561	382.258618	-51.523941	-0.931293	51.523941	5.316515	-31.572103	-7.349019	31.572103	9.524042	
589	1.784660	-0.215210	387.143023	-52.111411	-0.807860	52.111411	4.982713	-32.113102	-6.979219	32.113102	9.191715	
590	1.535303	-0.230181	390.615912	-50.270258	-0.194269	50.270258	2.333806	-30.620577	-6.029283	30.620577	8.253383	
591	1.473949	-0.195735	393.616292	-48.170584	0.053324	48.170584	0.968038	-29.848876	-5.922987	29.848876	8.247376	
592	1.485135	-0.104282	397.054022	-46.119279	-0.404491	46.119279	2.473191	-29.486109	-6.183744	29.486109	8.558387	
593	1.373731	0.018760	400.954974	-42.849396	-0.787178	42.849396	0.000000	-27.969061	0.000000	27.969061	8.050739	
594	1.271838	0.174667	405.098663	-39.372912	-0.743723	39.372912	5.453597	-26.034098	-5.736894	26.034098	7.392516	
595	1.265443	0.333825	409.448109	-37.095568	-0.827122	37.095568	7.138484	-24.360992	-5.960331	24.360992	7.193151	
596	1.162712	0.435979	413.780103	-35.330125	-1.043093	35.330125	8.534699	-22.027854	-5.663485	22.027854	6.481770	
597	0.965344	0.479516	417.709304	-33.689941	-0.823018	33.689941	7.933817	-19.749843	-4.849532	19.749843	5.272195	
598	0.995032	0.516880	421.306961	-33.509157	-0.528041	33.509157	7.106087	-20.117315	-5.052007	20.117315	5.529175	
599	1.284855	0.566373	425.090900	-34.759679	-0.910063	34.759679	8.656152	-22.860073	-6.479880	22.860073	7.505997	
600	1.453444	0.594839	429.173193	-34.342562	-1.453610	34.342562	10.513938	-24.268751	-7.358267	24.268751	8.744628	
601	1.391869	0.592462	433.053440	-31.086794	-1.235220	31.086794	9.163697	-23.149025	-7.151206	23.149025	8.450832	
602	1.397743	0.603954	436.356004	-29.353361	-0.637312	29.353361	6.325933	-22.738364	-7.307504	22.738364	8.542029	
603	1.516155	0.634836	439.003908	-32.014827	-0.485418	32.014827	5.714368	-24.421130	-8.053439	24.421130	9.382106	
604	1.466077	0.605059	440.779558	-35.341084	-0.594099	35.341084	6.205108	-25.007479	-7.885318	25.007479	9.215732	
605	1.197803	0.477034	441.372300	-35.745018	-0.395224	35.745018	4.563311	-22.714157	-6.460473	22.714157	7.748704	
606	0.902599	0.323733	440.625592	-34.389991	0.087087	34.389991	1.096127	-19.566680	-4.833419	19.566680	6.135865	
607	0.629585	0.208382	438.505860	-32.738038	0.536177	32.738038	-1.978421	-16.722187	-3.346184	16.722187	4.538823	
608	0.342270	0.130138	435.131377	-29.982531	0.830879	29.982531	-3.997214	-13.524100	-1.791146	13.524100	2.666981	
609	0.157493	0.098846	430.818357	-25.704393	0.958254	25.704393	-4.983698	-10.824821	-0.805136	10.824821	1.361500	
610	0.254360	0.143393	425.987888	-21.663955	0.741403	21.663955	-3.643274	-10.876984	-1.444339	10.876984	1.906791	
611	0.616711	0.259251	421.116421	-19.874890	-0.021143	19.874890	1.369298	-14.210451	-3.672624	14.210451	4.265102	
612	0.960814	0.383539	416.561019	-19.813058	-1.009364	19.813058	7.909906	-18.026476	-5.844174	18.026476	6.537090	
613	1.036058	0.433772	412.355938	-19.429851	-1.522800	19.429851	11.316752	-18.556447	-6.402755	18.556447	7.024161	
614	0.949874	0.410585	408.488360	-18.357259	-1.413832	18.357259	10.580439	-15.762715	-5.930992	15.762715	6.465881	
615	0.941703	0.392250	405.203758	-17.850641	-1.177762	17.850641	9.176057	-13.216673	-5.916454	13.216673	6.454003	
616	0.991643	0.397853	402.793608	-18.195654	-1.092122	18.195654	9.027846	-12.472454	-6.282574	12.472454	6.814091	
617	0.931126	0.375118	401.407181	-17.943909	-0.911742	17.943909	8.123949	-11.127789	-5.973246	11.127789	6.436972	
618	0.760570	0.307907	401.129996	-15.974647	-0.366460	15.974647	4.503277	-7.337094	-4.954476	7.337094	5.355588	
619	0.660222	0.228808	402.049472	-13.534209	0.270264	13.534209	0.310475	-3.305920	-4.327962	3.305920	4.794829	
620	0.701261	0.154767	404.261251	-12.674295	0.396314	12.674295	-0.468119	-2.120478	-4.568874	2.120478	5.278279	
621	0.714586	0.070218	407.706155	-12.987461	0.078052	12.987461	1.394714	-2.472379	-4.654308	2.472379	5.630791	
622	0.636490	-0.018096	412.070768	-12.683180	-0.002769	12.683180	1.635757	-1.189621	-4.165569	1.189621	5.299932	
623	0.663258	-0.046989	417.023699	-11.541146	0.218526	11.541146	0.369125	0.518507	-4.354799	-0.518507	5.539203	
624	0.800881	0.013243	422.256691	-10.008274	0.310894	10.008274	0.390012	0.154006	-5.278832	-0.154006	6.326979	
625	0.803466	0.087943	427.264028	-7.760759	0.307309	7.760759	0.737205	-0.211189	-5.295940	0.211189	5.985146	
626	0.705580	0.120104	431.494887	-5.300632	0.372155	5.300632	0.153852	1.435697	-4.599145	-1.435697	4.960153	
627	0.759600	0.149459	434.579410	-4.654501	0.369348	4.654501	1.085952	2.292856	-4.887432	-2.292856	5.175971	
628	0.896161	0.174915	436.167425	-6.152338	0.221465	6.152338	4.553066	0.611040	-5.749725	-0.611040	6.159565	
629	0.874534	0.121845	435.986239	-7.269815	-0.032567	7.269815	7.369692	-0.640411	-5.644901	0.640411	6.270900	
630	0.754981	-0.002170	434.193666	-6.145621	-0.325888	6.145621	7.266442	0.875671	-4.972260	-0.875671	5.918535	
631	0.718750	-0.107756	431.260815	-3.978693	-0.502930	3.978693	5.871220	3.209087	-4.856471	-3.209087	6.174963	
632	0.697339	-0.172679	427.497960	-2.624228	-0.529100	2.624228	5.165617	3.873852	-4.821625	-3.873852	6.392484	
633	0.557659	-0.249214	422.920608	-1.857921	-0.522892	1.857921	4.442100	3.881257	-4.039214	-3.881257	5.674443	
634	0.414404	-0.341061	417.541973	-0.227622	-0.521078	0.227622	2.737705	5.154397	-3.259530	-5.154397	4.950835	
635	0.411045	-0.381108	411.536045	2.730660	-0.519996	-2.730660	1.045430	6.571298	-3.340461	-6.571298	5.139715	
636	0.388098	-0.365000	404.951624	6.068560	-0.462273	-6.068560	-0.591214	7.099903	-3.219877	-7.099903	4.905369	
637	0.184494	-0.381804	397.631485	8.793424	-0.287240	-8.793424	-3.609557	9.107401	-1.994813	-9.107401	3.329118	
638	0.046618	-0.415324	389.730460	10.653111	-0.145958	-10.653111	-6.384492	13.103347	-1.268825	-13.103347	2.436556	
639	0.216087	-0.318540	381.834198	11.191433	-0.062209	-11.191433	-5.766172	14.860406	-2.224976	-14.860406	3.422456	
640	0.423307	-0.098981	374.224246	9.688004	0.212313	-9.688004	-3.452529	13.071085	-2.976594	-13.071085	3.886938	
641	0.364726	0.053955	366.590637	6.749917	0.615183	-6.749917	-3.318443	11.931330	-2.046569	-11.931330	2.343541	
642	0.215034	0.065154	358.728701	4.232159	0.802727	-4.232159	-4.652564	12.963232	-0.937365	-12.963232	0.896416	
643	0.167047	0.007742	350.752282	3.083731	0.714506	-3.083731	-4.746382	13.358702	-0.792930	-13.358702	0.841218	
644	0.092659	-0.072432	342.535786	2.582768	0.565976	-2.582768	-3.907364	12.603990	-0.651779	-12.603990	0.809289	
645	0.002055	-0.141960	333.909074	1.847049	0.471256	-1.847049	-3.042766	12.254092	-0.395180	-12.254092	0.585656	
646	0.170512	-0.138534	325.366588	1.350051	0.395170	-1.350051	-1.251597	11.727335	-1.383862	-11.727335	1.884421	
647	0.608613	-0.053811	317.682569	1.723605	0.303738	-1.723605	1.867129	9.478959	-3.548717	-9.478959	4.674185	
648	0.942461	0.038368	310.898850	1.873024	0.211250	-1.873024	4.986267	5.841899	-4.986732	-5.841899	6.568358	
649	0.898868	0.024536	304.370183	1.083332	0.162075	-1.083332	6.028330	3.493266	-4.654009	-3.493266	6.235993	
650	0.574067	-0.156784	297.682975	1.310643	0.188514	-1.310643	3.983866	4.941405	-3.386571	-4.941405	4.763827	
651	0.247757	-0.400092	290.924914	3.445880	0.255922	-3.445880	0.830899	8.560965	-2.383797	-8.560965	3.669387	
652	0.078210	-0.537093	284.218985	5.012844	0.306149	-5.012844	-0.697911	10.505922	-1.911971	-10.505922	3.223284	
653	0.002189	-0.558205	277.570539	4.428893	0.347282	-4.428893	-0.868881	10.388919	-1.564974	-10.388919	2.843852	
654	-0.013307	-0.537176	271.162780	3.027302	0.402995	-3.027302	-1.118136	10.169141	-1.335345	-10.169141	2.558946	
655	0.128224	-0.467136	265.433606	2.039391	0.430047	-2.039391	-1.251745	9.890102	-1.596676	-9.890102	2.952792	
656	0.324758	-0.365159	260.667431	1.263699	0.410205	-1.263699	-1.098106	8.947544	-1.978284	-8.947544	3.539613	
657	0.293702	-0.322783	256.633378	0.614104	0.412087	-0.614104	-1.393115	8.044469	-1.658185	-8.044469	3.070570	
658	0.062154	-0.346451	252.846661	0.376835	0.476011	-0.376835	-1.948545	7.556964	-0.826322	-7.556964	1.741907	
659	-0.036346	-0.345983	249.107004	0.156857	0.502527	-0.156857	-1.667700	6.638760	-0.459550	-6.638760	1.120304	
660	0.094293	-0.275963	245.468419	-0.647841	0.375429	0.647841	-0.490549	4.744969	-0.717381	-4.744969	1.580902	
661	0.180095	-0.187673	241.801589	-1.621767	0.188778	1.621767	0.330894	2.869038	-0.800177	-2.869038	1.735135	
662	0.036766	-0.175726	237.893699	-1.869517	0.213723	1.869517	0.016819	2.685243	-0.371394	-2.685243	0.891910	
663	-0.141489	-0.251099	233.919470	-1.257512	0.470638	1.257512	-0.579676	4.120921	-0.044428	-4.120921	0.249494	
664	-0.120395	-0.298498	230.267228	-0.808527	0.595500	0.808527	-0.365851	4.954397	-0.230940	-4.954397	0.679179	
665	-0.030172	-0.259691	226.935932	-1.287474	0.458461	1.287474	0.244675	4.253631	-0.435298	-4.253631	1.127001	
666	-0.127592	-0.237337	223.571462	-1.823213	0.444311	1.823213	0.219176	3.636037	-0.178806	-3.636037	0.514671	
667	-0.337292	-0.312799	220.052875	-1.140333	0.786746	1.140333	-0.370584	4.146075	0.189918	-4.146075	-0.369110	
668	-0.403584	-0.428276	216.621903	0.411928	1.157243	-0.411928	-0.602502	4.562590	0.156428	-4.562590	-0.286580	
669	-0.340347	-0.523344	213.409785	1.364882	1.271615	-1.364882	-0.153558	4.012182	-0.134640	-4.012182	0.458123	
670	-0.337321	-0.626176	210.308118	1.296970	1.331959	-1.296970	0.366719	3.716913	-0.297107	-3.716913	0.913338	
671	-0.368812	-0.735601	207.409867	0.991213	1.484385	-0.991213	0.489946	4.447589	-0.364422	-4.447589	1.156589	
672	-0.281075	-0.752041	204.940337	0.862563	1.440516	-0.862563	0.497378	4.747543	-0.494663	-4.747543	1.615554	
673	-0.148447	-0.641509	202.644207	0.572603	1.081603	-0.572603	0.661776	3.588698	-0.538302	-3.588698	1.818188	
674	-0.190363	-0.534787	199.907299	0.110339	0.819448	-0.110339	0.715457	2.457642	-0.319684	-2.457642	1.186909	
675	-0.379176	-0.513106	196.421805	-0.018782	0.876655	0.018782	0.517425	2.692606	0.002474	-2.692606	0.212086	
676	-0.479341	-0.475043	192.249591	0.052454	0.893770	-0.052454	0.371708	3.214100	0.179231	-3.214100	-0.325004	
677	-0.453737	-0.358844	187.451647	-0.449500	0.642814	0.449500	0.389519	2.822912	0.230961	-2.822912	-0.519168	
678	-0.411615	-0.243859	182.128890	-1.518481	0.345236	1.518481	0.393485	2.064283	0.258361	-2.064283	-0.658723	
679	-0.286269	-0.160048	176.773135	-2.170516	0.120814	2.170516	0.402473	1.512752	0.173621	-1.512752	-0.400506	
680	-0.059960	-0.079011	171.997156	-1.755606	-0.056839	1.755606	0.470464	0.904132	-0.026836	-0.904132	0.234572	
681	-0.015464	-0.070363	167.797306	-0.413619	-0.006352	0.413619	0.350832	0.582287	-0.056408	-0.582287	0.348507	
682	-0.299264	-0.220927	163.703523	1.483385	0.391226	-1.483385	-0.100540	1.294840	0.217313	-1.294840	-0.310535	
683	-0.635965	-0.455490	159.583112	3.476483	0.874838	-3.476483	-0.573368	2.571271	0.522029	-2.571271	-0.840214	
684	-0.782412	-0.596596	155.517785	4.782413	1.112264	-4.782413	-0.730382	3.133520	0.641008	-3.133520	-0.855784	
685	-0.823899	-0.558782	151.199285	4.668619	1.039684	-4.668619	-0.647703	2.587923	0.674890	-2.587923	-1.002923	
686	-0.855269	-0.406193	146.287887	3.271299	0.785465	-3.271299	-0.579551	1.643904	0.712695	-1.643904	-1.499917	
687	-0.761183	-0.225585	141.012854	1.526603	0.464956	-1.526603	-0.527015	0.897789	0.639379	-0.897789	-1.701706	
688	-0.459224	-0.014068	135.775108	0.046451	0.076404	-0.046451	-0.284023	0.133423	0.374389	-0.133423	-1.339852	
689	-0.090844	0.230274	130.556703	-1.215915	-0.370981	1.215915	0.174754	-0.915746	0.046984	0.915746	-0.878619	
690	0.169064	0.416921	125.177814	-2.256908	-0.737210	2.256908	0.618844	-1.842924	-0.182592	1.842924	-0.591623	
691	0.324894	0.490138	119.696936	-2.798407	-0.916878	2.798407	0.885046	-2.150283	-0.310743	2.150283	-0.315420	
692	0.463523	0.503813	114.253592	-2.804223	-0.978401	2.804223	1.019539	-2.027557	-0.405227	2.027557	0.031509	
693	0.536909	0.488398	108.793715	-2.496555	-0.982097	2.496555	1.036971	-1.858032	-0.437783	1.858032	0.253522	
694	0.408593	0.400241	103.047761	-1.873909	-0.834464	1.873909	0.843641	-1.567287	-0.337157	1.567287	0.156764	
695	0.089023	0.202662	96.787179	-0.753591	-0.423812	0.753591	0.454386	-0.877484	-0.135507	0.877484	-0.135334	
696	-0.277763	-0.110340	90.150168	0.832648	0.249262	-0.832648	0.040029	0.257040	0.076198	-0.257040	-0.321762	
697	-0.604498	-0.483303	83.507022	2.431947	1.035475	-2.431947	-0.221819	1.467386	0.238765	-1.467386	-0.326140	
698	-0.876480	-0.775281	77.030056	3.372886	1.636391	-3.372886	-0.269325	2.161750	0.309408	-2.161750	-0.300652	
699	-1.070363	-0.888529	70.672225	3.364912	1.821003	-3.364912	-0.172477	2.107472	0.270426	-2.107472	-0.323328	
700	-1.129931	-0.851441	64.526187	2.800805	1.651747	-2.800805	-0.043668	1.649861	0.159373	-1.649861	-0.310279	
701	-1.018473	-0.718723	58.980794	2.229807	1.321751	-2.229807	0.028125	1.209083	0.042176	-1.209083	-0.212984	
702	-0.823271	-0.530452	54.453064	1.746863	0.933369	-1.746863	0.003720	0.846088	-0.051818	-0.846088	0.000000	
703	-0.705812	-0.361203	51.160387	1.197485	0.570687	-1.197485	-0.067772	0.469310	-0.151932	-0.469310	0.000000	
704	-0.696901	-0.279331	49.303406	0.783493	0.362142	-0.783493	-0.090848	0.178460	-0.259539	-0.178460	-0.037318	
705	-0.705622	-0.281926	49.218488	0.955874	0.351134	-0.955874	-0.018732	0.138404	-0.317941	-0.138404	0.056029	
706	-0.720476	-0.325883	51.011788	1.661575	0.444758	-1.661575	0.130163	0.264390	-0.333567	-0.264390	0.000000	
707	-0.782695	-0.387091	54.369707	2.319425	0.537798	-2.319425	0.309310	0.299743	-0.366608	-0.299743	0.000000	
708	-0.830791	-0.451875	58.992219	2.639769	0.595124	-2.639769	0.462647	0.156582	-0.381779	-0.156582	0.000000	
709	-0.785442	-0.476077	64.656690	2.746191	0.597648	-2.746191	0.566868	-0.050947	-0.334319	0.050947	0.458872	
710	-0.696000	-0.421623	70.941978	2.699507	0.513889	-2.699507	0.645907	-0.235454	-0.325328	0.235454	0.493811	
711	-0.661585	-0.329966	77.493130	2.491111	0.382415	-2.491111	0.691223	-0.386090	-0.448543	0.386090	0.605818	
712	-0.666368	-0.262314	84.369677	2.284901	0.304104	-2.284901	0.633511	-0.442202	-0.606055	0.442202	0.774889	
713	-0.604250	-0.194741	91.785120	2.270764	0.294831	-2.270764	0.412840	-0.298164	-0.659663	0.298164	0.847330	
714	-0.486656	-0.101803	99.761602	2.378911	0.281586	-2.378911	0.090850	-0.002945	-0.661431	0.002945	0.832307	
715	-0.453472	-0.056214	108.281665	2.365995	0.244457	-2.365995	-0.061027	0.115108	-0.746799	-0.115108	0.931814	
716	-0.530400	-0.113334	117.418643	2.213122	0.235434	-2.213122	0.206728	-0.182736	-0.873120	0.182736	1.157718	
717	-0.620876	-0.224138	127.196951	2.149321	0.287443	-2.149321	0.748089	-0.619185	-0.929586	0.619185	1.342818	
718	-0.706197	-0.334777	137.620498	2.262138	0.406390	-2.262138	1.154850	-0.784544	-0.977231	0.784544	1.513992	
719	-0.800689	-0.443115	148.699387	2.421796	0.596053	-2.421796	1.208418	-0.737981	-1.048739	0.737981	1.710321	
720	-0.845501	-0.531834	160.313832	2.542209	0.811387	-2.542209	0.989804	-0.726977	-1.014667	0.726977	1.746042	
721	-0.827077	-0.544099	172.324449	2.605796	0.940570	-2.605796	0.665264	-0.662191	-0.971299	0.662191	1.702984	
722	-0.821260	-0.475341	184.762521	2.578396	0.935246	-2.578396	0.291913	-0.454509	-1.188627	0.454509	1.953537	
723	-0.841325	-0.428065	197.630122	2.438874	0.928513	-2.438874	-0.150161	-0.513407	-1.450445	0.513407	2.285053	
724	-0.794514	-0.472632	210.660502	2.183881	1.036884	-2.183881	-0.586110	-1.083391	-1.197489	1.083391	1.980300	
725	-0.647169	-0.535803	223.554870	1.880844	1.128397	-1.880844	-0.824599	-1.639076	-0.474101	1.639076	1.052901	
726	-0.530183	-0.562266	236.325031	1.636455	1.076111	-1.636455	-0.661938	-1.822320	0.034670	1.822320	0.399264	
727	-0.534947	-0.615041	249.107984	1.452750	1.024723	-1.452750	-0.202619	-1.890601	0.121646	1.890601	0.334997	
728	-0.540202	-0.706746	261.791678	1.384783	1.109211	-1.384783	-0.013080	-1.830384	0.330743	1.830384	0.113923	
729	-0.457515	-0.757777	274.189461	1.446711	1.234401	-1.446711	-0.506350	-1.325380	0.814341	1.325380	-0.547029	
730	-0.382409	-0.719901	286.460490	1.478502	1.267835	-1.478502	-1.502155	-0.405271	0.989223	0.405271	-0.873233	
731	-0.342019	-0.578581	298.988253	1.327628	1.119988	-1.327628	-2.450212	0.399368	0.620058	-0.399368	-0.511848	
732	-0.245166	-0.350098	311.954353	1.074138	0.734427	-1.074138	-2.636544	0.389968	0.163531	-0.389968	-0.046413	
733	-0.106065	-0.104227	325.305784	0.851922	0.190166	-0.851922	-1.709551	-0.645707	-0.147637	0.645707	0.266340	
734	-0.024047	0.095336	339.013733	0.652675	-0.313699	-0.652675	-0.324179	-2.107773	-0.521826	2.107773	0.777905	
735	-0.023385	0.187416	353.045252	0.476722	-0.578721	-0.476722	0.525849	-3.420455	-0.854967	3.420455	1.327539	
736	-0.042189	0.138081	367.100324	0.355290	-0.541710	-0.355290	0.607990	-4.536142	-0.723834	4.536142	1.176867	
737	0.021778	0.068717	380.768717	0.281698	-0.386389	-0.281698	-0.003570	-4.954832	-0.083235	4.954832	0.144342	
738	0.201052	0.132149	393.944603	0.254912	-0.347937	-0.254912	-1.530587	-3.799051	0.627707	3.799051	-1.076402	
739	0.366432	0.269407	406.687727	0.233220	-0.398774	-0.233220	-3.785766	-1.362268	0.963860	1.362268	-1.692793	
740	0.439453	0.336259	418.701000	0.206279	-0.367302	-0.206279	-6.143150	1.090173	1.087218	-1.090173	-1.948215	
741	0.557961	0.329628	429.146971	0.239891	-0.237816	-0.239891	-8.458105	2.934174	1.730358	-2.934174	-3.168527	
742	0.781714	0.297146	436.988743	0.417709	-0.088967	-0.417709	-10.975263	4.586669	3.054165	-4.586669	-5.687442	
743	0.946110	0.219850	441.340175	0.697467	0.076747	-0.697467	-13.793492	6.498488	4.302884	-6.498488	-8.086870	
744	1.001768	0.109867	441.266509	0.830600	0.268868	-0.830600	-16.633238	8.220376	5.108055	-8.220376	-9.607457	
745	1.173727	0.071561	435.781813	0.726507	0.422727	-0.726507	-19.118754	9.094465	6.148248	-9.094465	-11.454857	
746	1.562756	0.202327	424.865516	0.719315	0.420623	-0.719315	-20.572779	9.351112	7.558142	-9.351112	-13.826037	
