kww	// User ID
12-5-2021	// Evaluation date
p00_v_50_step_002	12-5-2021	16:29:47:612	// Source file name and timestamp
238.095	// Sampling rate
1.438	// Data capture period

1.790000	// height
84.500000	// mass


Sample #	elbVar	shldrIR	LwristLinVelo	thorJFPd	thorSTPd	UaJFPp	UaSTPp	UaJFPd	UaSTPd	FaJFPp	FaSTPp	RwristLinVelo	
0	-0.827434	-0.394073	2.086394	12.687772	-0.987438	-12.687772	14.516423	-3.017261	-4.715454	3.017261	4.133160	2.183460	
1	-0.485040	-0.213292	2.087669	7.123730	-0.596780	-7.123730	11.034122	-4.437334	-2.620827	4.437334	2.397610	2.175402	
2	-0.171542	-0.029944	2.087415	3.520948	-0.241299	-3.520948	7.967748	-5.091067	-0.747094	5.091067	0.737208	2.164441	
3	0.090906	0.075829	2.086595	-3.425458	0.072111	3.425458	6.036420	-7.807127	1.101666	7.807127	-0.910994	2.152715	
4	0.323433	0.045543	2.086080	-10.098683	0.354959	10.098683	3.985581	-10.186537	2.722397	10.186537	-2.389057	2.143276	
5	0.511735	-0.067050	2.085206	-15.991840	0.576134	15.991840	2.265138	-12.375007	3.991909	12.375007	-3.533332	2.136987	
6	0.670480	-0.228910	2.083520	-20.983781	0.747116	20.983781	0.619144	-14.176877	4.948385	14.176877	-4.354060	2.134226	
7	0.806249	-0.382521	2.080674	-25.207637	0.872817	25.207637	-0.851935	-15.673087	5.638306	15.673087	-4.888125	2.134736	
8	0.899103	-0.460152	2.077111	-28.554197	0.932571	28.554197	-1.554268	-17.091214	5.996025	17.091214	-5.080082	2.137746	
9	0.943112	-0.465701	2.073725	-31.080525	0.931084	31.080525	-1.456970	-18.446777	6.036433	18.446777	-4.952608	2.142271	
10	0.967639	-0.450298	2.070601	-33.043679	0.904408	33.043679	-1.189336	-19.554203	5.940521	19.554203	-4.671942	2.147163	
11	1.009990	-0.443399	2.066667	-34.677824	0.885706	34.677824	-1.312126	-20.300800	5.916606	20.300800	-4.419082	2.151163	
12	1.074993	-0.434003	2.060746	-36.014169	0.883029	36.014169	-1.794132	-20.767686	6.010598	20.767686	-4.230828	2.153362	
13	1.144935	-0.408940	2.052655	-37.096505	0.894658	37.096505	-2.357633	-21.100301	6.147672	21.100301	-4.049045	2.153606	
14	1.216518	-0.367950	2.043034	-38.084948	0.924775	38.084948	-2.947422	-21.377373	6.307196	21.377373	-3.872871	2.152115	
15	1.290077	-0.308052	2.032575	-39.009903	0.970580	39.009903	-3.502335	-21.644335	6.484612	21.644335	-3.707151	2.148809	
16	1.350321	-0.230728	2.021930	-39.814265	1.018182	39.814265	-3.792898	-21.950749	6.597815	21.950749	-3.484102	2.143456	
17	1.398822	-0.152816	2.011686	-40.556653	1.066536	40.556653	-3.835680	-22.275766	6.639842	22.275766	-3.202054	2.135791	
18	1.462701	-0.101336	2.001782	-41.344332	1.130777	41.344332	-3.974201	-22.531306	6.732949	22.531306	-2.955026	2.124915	
19	1.555309	-0.101122	1.991462	-42.271867	1.217918	42.271867	-4.463393	-22.673256	6.942054	22.673256	-2.775641	2.109866	
20	1.666393	-0.152339	1.979931	-43.391227	1.316037	43.391227	-5.245985	-22.758256	7.222663	22.758256	-2.618039	2.091369	
21	1.771952	-0.223223	1.966957	-44.644842	1.395397	44.644842	-5.930418	-22.959682	7.465510	22.959682	-2.410868	2.071463	
22	1.842828	-0.279269	1.953225	-45.881693	1.426441	45.881693	-6.022540	-23.441590	7.529439	23.441590	-2.070279	2.051196	
23	1.865811	-0.304187	1.940054	-46.842028	1.405685	46.842028	-5.299453	-24.172743	7.339473	24.172743	-1.551868	2.030179	
24	1.845819	-0.292647	1.928879	-47.223693	1.348309	47.223693	-3.828643	-24.978227	6.907165	24.978227	-0.855081	2.007987	
25	1.810750	-0.263608	1.920696	-47.078858	1.285158	47.078858	-2.115290	-25.654719	6.371613	25.654719	-0.052416	1.984654	
26	1.811740	-0.259691	1.915118	-46.892569	1.258395	46.892569	-1.003688	-26.072512	6.007949	26.072512	0.692183	1.960107	
27	1.869964	-0.297694	1.910472	-46.951237	1.275143	46.951237	-0.746737	-26.296467	5.943502	26.296467	1.300306	1.933951	
28	1.961142	-0.362206	1.905296	-47.168513	1.310683	47.168513	-0.883310	-26.494587	6.058737	26.494587	1.848524	1.906058	
29	2.057428	-0.439262	1.899317	-47.458901	1.351787	47.458901	-0.976386	-26.770464	6.194291	26.770464	2.425468	1.877649	
30	2.147648	-0.526017	1.893108	-47.793532	1.397630	47.793532	-0.897927	-27.123372	6.260853	27.123372	3.062215	1.851091	
31	2.206362	-0.602432	1.887734	-47.926255	1.431260	47.926255	-0.315791	-27.574903	6.100839	27.574903	3.832373	1.827802	
32	2.182523	-0.621910	1.885455	-47.459484	1.415837	47.459484	1.487685	-28.231444	5.443806	28.231444	4.866667	1.807753	
33	2.090150	-0.585437	1.888925	-46.604666	1.351771	46.604666	4.288781	-29.075217	4.375465	29.075217	6.124002	1.791137	
34	2.014612	-0.555383	1.898814	-46.097711	1.289429	46.097711	6.828186	-29.939089	3.368013	29.939089	7.411741	1.778243	
35	1.993259	-0.567449	1.913877	-46.197977	1.258573	46.197977	8.472638	-30.743243	2.649281	30.743243	8.636794	1.768408	
36	2.002059	-0.606444	1.932832	-46.666084	1.252450	46.666084	9.451537	-31.542257	2.125851	31.542257	9.800314	1.760560	
37	2.022219	-0.652674	1.954961	-47.231729	1.260371	47.231729	10.058451	-32.364260	1.706088	32.364260	10.901266	1.753962	
38	2.055201	-0.703725	1.979749	-47.696799	1.276996	47.696799	10.466357	-33.186266	1.362914	33.186266	11.969871	1.748471	
39	2.105738	-0.757570	2.006692	-48.002126	1.300197	48.002126	10.755226	-34.010553	1.096273	34.010553	13.045833	1.744125	
40	2.175669	-0.809749	2.035289	-48.184280	1.327120	48.184280	10.876359	-34.808236	0.931647	34.808236	14.119353	1.740423	
41	2.267788	-0.870115	2.065116	-48.215890	1.354009	48.215890	10.756345	-35.498695	0.889431	35.498695	15.179379	1.736378	
42	2.381645	-0.950208	2.095941	-48.049990	1.369866	48.049990	10.426829	-36.064848	0.942212	36.064848	16.261907	1.730876	
43	2.502410	-1.039328	2.127870	-47.752053	1.347363	47.752053	10.061044	-36.601758	0.998647	36.601758	17.416818	1.722881	
44	2.608372	-1.115774	2.161425	-47.403010	1.264963	47.403010	9.861907	-37.230017	0.965035	37.230017	18.659254	1.711782	
45	2.693114	-1.171623	2.197298	-47.013253	1.129377	47.013253	9.885240	-38.009124	0.838259	38.009124	19.971338	1.698232	
46	2.765529	-1.212921	2.236059	-46.616181	0.958710	46.616181	10.042761	-38.931474	0.682310	38.931474	21.340814	1.684295	
47	2.833741	-1.246231	2.278082	-46.267910	0.762227	46.267910	10.221120	-39.943920	0.551876	39.943920	22.758029	1.671644	
48	2.902512	-1.274065	2.323502	-45.988107	0.541002	45.988107	10.331023	-40.979332	0.483988	40.979332	24.201148	1.660438	
49	2.977129	-1.295210	2.372167	-45.756823	0.297597	45.756823	10.304197	-41.985957	0.510218	41.985957	25.647968	1.650607	
50	3.060989	-1.304510	2.423697	-45.510894	0.043270	45.510894	10.080524	-42.921103	0.653268	42.921103	27.067819	1.642671	
51	3.151438	-1.298022	2.477617	-45.205765	-0.206678	45.205765	9.631589	-43.740711	0.905303	43.740711	28.426739	1.637275	
52	3.241960	-1.277661	2.533457	-44.887593	-0.442981	44.887593	8.981570	-44.408601	1.220981	44.408601	29.713755	1.634906	
53	3.329089	-1.247898	2.590800	-44.621698	-0.665474	44.621698	8.157807	-44.897496	1.558662	44.897496	30.929481	1.635269	
54	3.408880	-1.216153	2.649299	-44.406976	-0.884226	44.406976	7.202395	-45.163685	1.873070	45.163685	32.070598	1.637205	
55	3.467375	-1.194732	2.708661	-44.156545	-1.117187	44.156545	6.246438	-45.138710	2.068900	45.138710	33.115781	1.640217	
56	3.490014	-1.190825	2.768508	-43.607542	-1.376540	43.607542	5.464421	-44.776849	2.065400	44.776849	34.005639	1.644650	
57	3.488379	-1.196819	2.828221	-42.473083	-1.664632	42.473083	4.858602	-44.089941	1.925176	44.089941	34.713011	1.649884	
58	3.489907	-1.197257	2.886935	-40.835799	-1.982939	40.835799	4.240152	-43.107993	1.785835	43.107993	35.272820	1.654599	
59	3.481538	-1.183287	2.943675	-38.986441	-2.317426	38.986441	3.598072	-41.813340	1.620077	41.813340	35.592139	1.658846	
60	3.410930	-1.153987	2.997520	-36.925896	-2.626741	36.925896	3.150579	-40.135983	1.255465	40.135983	35.413978	1.663923	
61	3.261885	-1.107447	3.047715	-34.251782	-2.878410	34.251782	2.976533	-38.057493	0.652824	38.057493	34.650255	1.670866	
62	3.080689	-1.047813	3.093664	-30.519623	-3.094053	30.519623	2.957802	-35.691013	-0.034806	35.691013	33.572140	1.680065	
63	2.907929	-1.002339	3.134967	-25.793499	-3.344624	25.793499	3.066687	-33.159954	-0.715517	33.159954	32.507774	1.691717	
64	2.719911	-1.004600	3.171541	-20.496115	-3.678069	20.496115	3.485051	-30.451202	-1.487709	30.451202	31.431215	1.706244	
65	2.460446	-1.060088	3.203477	-14.824959	-4.065672	14.824959	4.385457	-27.460858	-2.461737	27.460858	29.998266	1.724216	
66	2.094644	-1.154850	3.230749	-8.781857	-4.448891	8.781857	5.796290	-24.096152	-3.653172	24.096152	27.939789	1.746028	
67	1.644720	-1.279705	3.253442	-2.552225	-4.820080	2.552225	7.622694	-20.431714	-5.003940	20.431714	25.444529	1.771925	
68	1.197332	-1.422352	3.271981	3.366654	-5.231866	-3.366654	9.626772	-16.816200	-6.379257	16.816200	23.152754	1.802292	
69	0.822425	-1.557104	3.286624	8.478146	-5.705296	-8.478146	11.525921	-13.565532	-7.639961	13.565532	21.454765	1.837781	
70	0.512538	-1.655177	3.297076	12.617783	-6.170105	-12.617783	13.102982	-10.684041	-8.678906	10.684041	20.041292	1.878813	
71	0.240828	-1.700103	3.302925	15.780449	-6.548870	-15.780449	14.224932	-8.080602	-9.402146	8.080602	18.483863	1.924552	
72	0.007218	-1.689934	3.304009	17.917750	-6.830464	-17.917750	14.845845	-5.740189	-9.756440	5.740189	16.698248	1.972873	
73	-0.179453	-1.624312	3.300050	19.100731	-7.045109	-19.100731	14.931500	-3.645966	-9.689929	3.645966	14.686911	2.021921	
74	-0.319585	-1.501286	3.290311	19.560963	-7.240044	-19.560963	14.458732	-1.774543	-9.159112	1.774543	12.390059	2.071001	
75	-0.430099	-1.332573	3.274068	19.466001	-7.456022	-19.466001	13.576146	-0.132592	-8.270881	0.132592	9.866487	2.120007	
76	-0.533729	-1.151884	3.251267	18.832197	-7.719075	-18.832197	12.648566	1.242575	-7.274402	-1.242575	7.356737	2.169261	
77	-0.639532	-1.002253	3.222650	17.725724	-8.095480	-17.725724	12.110525	2.287506	-6.382585	-2.287506	5.130277	2.219514	
78	-0.744387	-0.919046	3.189658	16.376331	-8.715379	-16.376331	12.348204	2.926994	-5.701277	-2.926994	3.353815	2.271152	
79	-0.840567	-0.915637	3.154378	14.852223	-9.696096	-14.852223	13.579687	3.068564	-5.250947	-3.068564	2.074857	2.323940	
80	-0.916809	-0.963995	3.119225	12.966325	-11.031017	-12.966325	15.615041	2.649498	-4.949214	-2.649498	1.201822	2.377591	
81	-0.964508	-0.993819	3.086017	10.678276	-12.572288	-10.678276	17.778706	1.730948	-4.581883	-1.730948	0.448396	2.431865	
82	-0.975167	-0.928076	3.054946	8.014682	-14.171950	-8.014682	19.245766	0.388376	-3.842155	-0.388376	-0.561136	2.486248	
83	-0.931864	-0.730015	3.024799	4.732313	-15.842527	-4.732313	19.632747	-1.506648	-2.526249	1.506648	-1.977168	2.539884	
84	-0.820244	-0.423555	2.994484	0.634559	-17.754013	-0.634559	19.356319	-4.225239	-0.711720	4.225239	-3.607634	2.591892	
85	-0.653582	-0.078588	2.964191	-4.013428	-20.041611	4.013428	19.404518	-7.843125	1.278075	7.843125	-5.142236	2.641826	
86	-0.479157	0.220195	2.935024	-8.607110	-22.641310	8.607110	20.761413	-12.041323	2.994282	12.041323	-6.306245	2.689857	
87	-0.347191	0.415328	2.907991	-12.485304	-25.365712	12.485304	23.900983	-16.321086	4.071638	16.321086	-6.909237	2.736522	
88	-0.282476	0.497173	2.883596	-15.180836	-28.065978	15.180836	28.714111	-20.287524	4.427853	20.287524	-6.944877	2.782202	
89	-0.280758	0.491862	2.861769	-16.727128	-30.677522	16.727128	34.740359	-23.744267	4.287445	23.744267	-6.634068	2.826804	
90	-0.310037	0.447565	2.841862	-17.683726	-33.198595	17.683726	41.364586	-26.776243	4.088929	26.776243	-6.357696	2.869998	
91	-0.332890	0.407278	2.822938	-18.708064	-35.665895	18.708064	48.110960	-29.664712	4.217630	29.664712	-6.442967	2.911692	
92	-0.332653	0.388423	2.804090	-20.143173	-38.136294	20.143173	54.808984	-32.646495	4.829875	32.646495	-7.034621	2.952061	
93	-0.302698	0.411324	2.784365	-22.086041	-40.701465	22.086041	61.330110	-35.953537	6.036362	35.953537	-8.261917	2.990983	
94	-0.243239	0.502878	2.762448	-24.635129	-43.454676	24.635129	67.492925	-39.812795	7.917466	39.812795	-10.232857	3.027564	
95	-0.179594	0.644775	2.736835	-27.872792	-46.395775	27.872792	73.346097	-44.149428	10.265198	44.149428	-12.755468	3.060600	
96	-0.136961	0.790019	2.706787	-31.919127	-49.491831	31.919127	79.112852	-48.748035	12.788315	48.748035	-15.522195	3.089434	
97	-0.105884	0.927666	2.672871	-37.227224	-52.846781	37.227224	84.929548	-53.694500	15.528220	53.694500	-18.550387	3.113940	
98	-0.061420	1.080790	2.636395	-44.425620	-56.564416	44.425620	90.603047	-59.273060	18.751793	59.273060	-22.106340	3.133901	
99	0.013580	1.274295	2.598611	-53.738800	-60.441977	53.738800	95.391283	-65.636458	22.543367	65.636458	-26.255407	3.148988	
100	0.129259	1.508669	2.560384	-64.881083	-64.151175	64.881083	98.658348	-72.688063	26.510549	72.688063	-30.503372	3.159178	
101	0.282899	1.762979	2.522130	-77.226036	-67.549428	77.226036	100.425651	-80.184346	30.201413	80.184346	-34.296445	3.164936	
102	0.451848	2.035956	2.483669	-89.683561	-70.510833	89.683561	100.743250	-87.953501	33.776239	87.953501	-37.828068	3.167247	
103	0.603879	2.345592	2.444443	-100.660715	-72.784400	100.660715	99.490215	-95.961920	37.587594	95.961920	-41.554531	3.167168	
104	0.714945	2.683315	2.404447	-108.728141	-74.321864	108.728141	97.250367	-104.177300	41.509235	104.177300	-45.395315	3.164953	
105	0.778661	3.002242	2.364500	-113.924614	-75.655299	113.924614	95.765350	-112.468445	45.127245	112.468445	-48.924990	3.159962	
106	0.810046	3.250602	2.325364	-117.820757	-77.477254	117.820757	96.717280	-120.576232	48.023641	120.576232	-51.674866	3.151635	
107	0.838024	3.411796	2.287307	-121.836176	-79.859939	121.836176	100.191490	-128.100004	49.922927	128.100004	-53.315325	3.140337	
108	0.895147	3.527150	2.250160	-126.376899	-82.399684	126.376899	104.964786	-134.972220	51.113055	134.972220	-54.154538	3.126997	
109	1.017553	3.658821	2.213370	-131.376917	-84.809100	131.376917	109.884319	-141.870677	52.401885	141.870677	-55.063369	3.112178	
110	1.212848	3.835633	2.176615	-136.611484	-87.102213	136.611484	114.553761	-149.551688	54.472416	149.551688	-56.807877	3.095914	
111	1.419575	4.036980	2.140198	-141.602957	-89.438915	141.602957	119.145432	-157.825481	57.252763	157.825481	-59.440597	3.078172	
112	1.566427	4.200890	2.104989	-145.942929	-91.868406	145.942929	123.890100	-165.649529	59.872704	165.649529	-62.123687	3.059143	
113	1.681493	4.308401	2.072644	-149.866961	-94.428027	149.866961	128.667723	-172.906419	62.018397	172.906419	-64.408122	3.038809	
114	1.855832	4.422698	2.045560	-153.975108	-97.288376	153.975108	133.123133	-180.954764	64.536017	180.954764	-67.010358	3.016387	
115	2.108515	4.584687	2.025928	-158.160087	-100.465860	158.160087	137.025194	-190.411650	67.957322	190.411650	-70.453325	2.990628	
116	2.379535	4.768277	2.014667	-161.579448	-103.720632	161.579448	140.327148	-200.273550	71.849858	200.273550	-74.350358	2.960445	
117	2.608244	4.924674	2.011657	-163.696758	-106.834337	163.696758	143.219402	-209.187908	75.440121	209.187908	-77.965114	2.925559	
118	2.765859	5.012912	2.016605	-164.752143	-109.753869	164.752143	146.094062	-216.287343	78.151945	216.287343	-80.738570	2.887048	
119	2.865814	5.041614	2.029441	-165.284251	-112.533389	165.284251	149.050497	-221.947514	80.193707	221.947514	-82.880717	2.846811	
120	2.954581	5.078124	2.050897	-165.167670	-115.191782	165.167670	151.605385	-228.000049	82.559452	228.000049	-85.368546	2.806517	
121	3.068560	5.185101	2.082657	-163.466018	-117.651730	163.466018	153.183963	-236.084584	86.130723	236.084584	-89.044880	2.767242	
122	3.207294	5.380174	2.126415	-159.594166	-119.956791	159.594166	153.816560	-246.421366	91.078733	246.421366	-94.043786	2.729032	
123	3.352935	5.663974	2.183739	-154.095000	-122.505621	154.095000	154.273803	-258.735024	97.084565	258.735024	-100.035042	2.690551	
124	3.500233	6.043830	2.257068	-148.280616	-125.829855	148.280616	155.465944	-273.014714	103.761068	273.014714	-106.644342	2.649896	
125	3.656017	6.521986	2.349656	-143.444190	-130.179166	143.444190	157.818595	-289.163069	110.870676	289.163069	-113.690567	2.605676	
126	3.811793	7.065204	2.464393	-140.081278	-135.424431	140.081278	161.405803	-306.550334	117.950845	306.550334	-120.807625	2.557167	
127	3.935918	7.592128	2.602633	-137.629905	-141.136055	137.629905	166.286985	-323.781614	123.918101	323.781614	-126.963139	2.504211	
128	4.015358	8.046891	2.763385	-135.135448	-146.744466	135.135448	172.087280	-339.705608	128.168261	339.705608	-131.531102	2.447865	
129	4.103032	8.471947	2.943971	-132.119185	-151.554391	132.119185	177.190574	-354.535305	131.730160	354.535305	-135.496630	2.390484	
130	4.275980	8.948712	3.141699	-128.620016	-155.115310	128.620016	179.941923	-369.194893	136.050006	369.194893	-140.273371	2.334017	
131	4.549603	9.507177	3.354550	-124.786028	-157.761531	124.786028	180.550470	-384.308164	141.337749	384.308164	-146.051183	2.278756	
132	4.891101	10.119824	3.581031	-120.696318	-160.011827	120.696318	180.081715	-399.916518	146.964831	399.916518	-152.155240	2.224064	
133	5.271292	10.746477	3.819947	-116.520613	-162.145377	116.520613	179.261494	-415.841680	152.400458	415.841680	-157.927389	2.169400	
134	5.649318	11.376066	4.070015	-112.511868	-164.251699	112.511868	178.275316	-431.363743	156.954737	431.363743	-162.438676	2.114590	
135	5.974835	12.021667	4.329682	-108.512153	-166.002102	108.512153	176.540392	-444.905352	159.685296	444.905352	-164.494126	2.059978	
136	6.239647	12.684451	4.597594	-104.202336	-167.370289	104.202336	174.244172	-456.123218	160.225742	456.123218	-163.619136	2.006555	
137	6.480309	13.363230	4.872824	-99.789671	-168.972704	99.789671	172.720162	-466.308219	158.857402	466.308219	-160.129163	1.955286	
138	6.726848	14.077714	5.154187	-96.092891	-171.210805	96.092891	172.810417	-475.845227	155.688242	475.845227	-154.275142	1.905884	
139	6.957624	14.821844	5.440329	-94.245782	-174.029371	94.245782	174.884218	-483.658470	150.007004	483.658470	-145.567505	1.855953	
140	7.125082	15.534915	5.730595	-94.298957	-176.921318	94.298957	178.901595	-488.477491	140.753595	488.477491	-133.239213	1.801356	
141	7.214267	16.142433	6.025098	-94.372049	-179.087505	94.372049	184.156379	-489.786077	127.616497	489.786077	-117.366510	1.738829	
142	7.222084	16.579975	6.324453	-92.187221	-180.114120	92.187221	190.153658	-487.995984	110.929335	487.995984	-98.501459	1.668578	
143	7.152670	16.826780	6.629021	-86.690361	-180.062447	86.690361	196.655196	-483.839271	91.517179	483.839271	-77.460744	1.593670	
144	7.077007	16.944846	6.937348	-77.984310	-178.788271	77.984310	202.718846	-477.267084	71.095985	477.267084	-56.349218	1.517899	
145	7.095562	17.018957	7.245982	-65.983422	-175.484935	65.983422	206.682349	-466.915087	51.380896	466.915087	-37.813888	1.444260	
146	7.239067	17.066722	7.551092	-50.102434	-169.081916	50.102434	207.218620	-451.026558	32.908160	451.026558	-23.152158	1.374109	
147	7.503527	17.052534	7.848240	-30.127336	-158.505664	30.127336	203.347182	-427.928240	15.796885	427.928240	-13.265936	1.307641	
148	7.927100	16.953429	8.129791	-5.930357	-142.592803	5.930357	193.864245	-395.688996	0.666150	395.688996	-10.217527	1.245080	
149	8.535968	16.786242	8.384229	22.255052	-120.990294	-22.255052	178.854644	-353.303846	-12.282373	353.303846	-15.353967	1.186566	
150	9.303243	16.596582	8.598528	53.083649	-94.751115	-53.083649	160.978846	-301.999219	-23.827241	301.999219	-28.044242	1.131687	
151	10.198606	16.427592	8.761013	84.945984	-65.518346	-84.945984	144.456100	-244.858069	-35.058862	244.858069	-47.246851	1.080018	
152	11.156085	16.286711	8.863762	115.752247	-35.497249	-115.752247	134.605085	-186.669579	-47.380984	186.669579	-70.897768	1.031234	
153	12.017557	16.145847	8.904204	141.825460	-7.896238	-141.825460	137.413738	-133.367368	-62.378794	133.367368	-94.544657	0.984580	
154	12.614591	15.976581	8.885361	159.625838	14.361813	-159.625838	157.217618	-89.710541	-80.437997	89.710541	-114.163370	0.938809	
155	12.847525	15.756495	8.814921	168.023855	30.353909	-168.023855	194.550429	-57.545748	-99.882800	57.545748	-129.049569	0.893076	
156	12.665685	15.429017	8.702911	167.913674	41.583521	-167.913674	244.931333	-35.702111	-117.404856	35.702111	-140.922506	0.848059	
157	12.104809	14.876645	8.556996	163.273691	51.390651	-163.273691	297.873768	-20.447913	-129.505972	20.447913	-152.557917	0.805007	
158	11.400577	13.949137	8.376315	164.366277	63.112828	-164.366277	338.210605	-6.555966	-135.626503	6.555966	-167.092811	0.763838	
159	10.988172	12.521738	8.149246	185.346282	76.592685	-185.346282	352.076653	10.108856	-141.010500	-10.108856	-185.592289	0.723471	
160	11.311209	10.556620	7.862163	231.260764	84.776625	-231.260764	333.864691	29.149044	-153.911512	-29.149044	-202.797957	0.683244	
161	12.530454	8.172181	7.520217	281.845469	75.440716	-281.845469	287.439151	44.671069	-175.744971	-44.671069	-204.006692	0.643572	
162	14.265899	5.641687	7.167914	295.666525	41.777273	-295.666525	222.035981	49.296286	-192.548621	-49.296286	-172.141193	0.605610	
163	15.650051	3.282029	6.885471	246.447603	-7.183299	-246.447603	149.806089	40.757210	-183.278483	-40.757210	-107.026555	0.569952	
164	15.823799	1.305528	6.750967	151.040372	-51.881991	-151.040372	83.596860	24.265049	-140.712986	-24.265049	-32.217958	0.536549	
165	14.436617	-0.257226	6.795182	50.011868	-77.789544	-50.011868	31.534688	8.546823	-77.027029	-8.546823	23.345832	0.506146	
166	11.739723	-1.483914	6.985552	-25.534059	-82.839896	25.534059	-3.692493	0.792085	-11.494588	-0.792085	45.381649	0.480133	
167	8.295727	-2.477807	7.247614	-61.912719	-73.323080	61.912719	-22.320975	4.443343	41.551195	-4.443343	36.296540	0.459097	
168	4.614319	-3.389296	7.500909	-56.748267	-56.529585	56.748267	-30.214346	20.313868	78.009373	-20.313868	4.532167	0.442597	
169	1.034895	-4.447117	7.684560	-18.825812	-37.203123	18.825812	-41.657454	47.811348	102.769143	-47.811348	-41.286129	0.429560	
170	-2.223220	-5.844641	7.765988	33.357256	-17.806563	-33.357256	-70.504053	84.093000	122.909954	-84.093000	-91.462282	0.418127	
171	-5.027785	-7.573953	7.737322	82.281764	0.706726	-82.281764	-118.802799	124.144586	141.786116	-124.144586	-136.273825	0.406132	
172	-7.320401	-9.444564	7.607607	119.851945	18.287787	-119.851945	-177.232599	162.711268	158.533535	-162.711268	-168.907589	0.393183	
173	-9.089397	-11.206244	7.395923	146.671008	34.829249	-146.671008	-232.204783	195.443262	170.141160	-195.443262	-186.661822	0.381711	
174	-10.334604	-12.631391	7.126478	166.544966	49.661977	-166.544966	-272.589245	219.021838	173.644498	-219.021838	-190.063268	0.374777	
175	-11.061485	-13.572867	6.825248	181.492426	61.926621	-181.492426	-294.139248	231.841677	167.944611	-231.841677	-181.587280	0.373639	
176	-11.285513	-13.989488	6.517464	189.693210	70.984697	-189.693210	-299.036666	234.317669	154.030016	-234.317669	-164.548448	0.377435	
177	-11.040029	-13.920582	6.226114	187.298595	76.551039	-187.298595	-292.042982	228.228124	134.048016	-228.228124	-142.393464	0.384243	
178	-10.407019	-13.433733	5.970133	172.234550	78.839161	-172.234550	-277.929112	216.444420	110.702660	-216.444420	-118.471874	0.392332	
179	-9.534787	-12.615057	5.761241	145.942100	78.534012	-145.942100	-261.239948	202.817825	86.978118	-202.817825	-95.727855	0.400435	
180	-8.617760	-11.593086	5.601347	112.845510	76.594416	-112.845510	-246.121234	191.483272	65.580216	-191.483272	-76.315074	0.407712	
181	-7.837007	-10.518069	5.482736	78.842386	74.106693	-78.842386	-235.534523	185.722497	48.244347	-185.722497	-61.374750	0.413901	
182	-7.288916	-9.503366	5.391703	49.320963	72.036135	-49.320963	-230.495176	186.817233	35.480361	-186.817233	-51.053887	0.419007	
183	-6.970899	-8.589265	5.313554	27.737209	70.965283	-27.737209	-230.275185	193.827846	26.975627	-193.827846	-44.837174	0.423098	
184	-6.824672	-7.761037	5.235847	15.094576	71.039173	-15.094576	-233.454465	204.381627	22.149661	-204.381627	-41.917073	0.426462	
185	-6.774514	-7.005481	5.149693	10.446404	72.002825	-10.446404	-238.276422	215.580363	20.275497	-215.580363	-41.258195	0.429346	
186	-6.753177	-6.354876	5.050236	12.438351	73.292463	-12.438351	-242.250148	224.802687	20.371577	-224.802687	-41.657226	0.431537	
187	-6.726067	-5.873393	4.936028	20.598120	74.284181	-20.598120	-242.496201	230.355873	21.355731	-230.355873	-42.103139	0.432560	
188	-6.688850	-5.603558	4.807426	34.929286	74.527143	-34.929286	-237.000426	231.546242	22.386405	-231.546242	-42.046579	0.432487	
189	-6.643266	-5.535335	4.665416	54.706590	73.747199	-54.706590	-225.296594	228.343589	22.990136	-228.343589	-41.293289	0.432317	
190	-6.583308	-5.614969	4.511261	77.984220	71.744680	-77.984220	-208.076167	221.135234	22.942518	-221.135234	-39.779682	0.433178	
191	-6.495450	-5.769530	4.346513	101.817016	68.391054	-101.817016	-186.585760	210.583663	22.126209	-210.583663	-37.450243	0.435537	
192	-6.363052	-5.924634	4.173503	122.614280	63.757361	-122.614280	-162.494675	197.565210	20.480835	-197.565210	-34.272848	0.439390	
193	-6.170664	-6.006178	3.995980	136.342718	58.234282	-136.342718	-138.124284	183.156831	18.049864	-183.156831	-30.336856	0.444270	
194	-5.904429	-5.943727	3.819110	139.465521	52.485519	-139.465521	-116.225563	168.441146	15.016993	-168.441146	-25.879255	0.449276	
195	-5.549970	-5.686771	3.648937	131.169304	47.210036	-131.169304	-99.019223	154.190788	11.684079	-154.190788	-21.216209	0.453989	
196	-5.097087	-5.220932	3.491764	114.811332	42.866490	-114.811332	-87.382527	140.789510	8.471309	-140.789510	-16.708840	0.458491	
197	-4.553890	-4.575603	3.353301	96.407449	39.588482	-96.407449	-80.865608	128.476302	5.855039	-128.476302	-12.748586	0.462390	
198	-3.953868	-3.821338	3.237534	81.402656	37.282293	-81.402656	-78.239498	117.565539	4.160675	-117.565539	-9.652121	0.465044	
199	-3.344027	-3.051951	3.145857	72.508493	35.730004	-72.508493	-78.039244	108.378567	3.435851	-108.378567	-7.551918	0.466731	
200	-2.768906	-2.348205	3.076928	69.535467	34.681235	-69.535467	-78.895210	101.041165	3.517803	-101.041165	-6.401865	0.468727	
201	-2.262955	-1.752828	3.027303	70.651527	33.918533	-70.651527	-79.700305	95.403201	4.125237	-95.403201	-6.020113	0.471832	
202	-1.842168	-1.286006	2.992399	73.875009	33.233056	-73.875009	-79.757032	91.150531	4.946282	-91.150531	-6.143998	0.475490	
203	-1.498040	-0.957964	2.967389	77.834437	32.420762	-77.834437	-78.773033	87.930536	5.739274	-87.930536	-6.529894	0.478642	
204	-1.205399	-0.756259	2.947947	81.646358	31.338143	-81.646358	-76.693475	85.367222	6.346916	-85.367222	-7.002367	0.480443	
205	-0.935683	-0.653507	2.930819	84.531879	29.932227	-84.531879	-73.645311	83.102302	6.653219	-83.102302	-7.435856	0.480385	
206	-0.667836	-0.626112	2.913965	85.861544	28.181033	-85.861544	-69.822008	80.819981	6.582132	-80.819981	-7.753605	0.478358	
207	-0.393710	-0.651222	2.896213	85.351721	25.997368	-85.351721	-65.284871	78.216407	6.138190	-78.216407	-7.947922	0.474416	
208	-0.120433	-0.700554	2.876964	83.159201	23.374883	-83.159201	-60.138584	75.159025	5.426789	-75.159025	-8.064205	0.468533	
209	0.134253	-0.732978	2.856371	79.759683	20.545407	-79.759683	-54.760411	71.717088	4.598778	-71.717088	-8.123930	0.461005	
210	0.360023	-0.705738	2.835683	75.577855	17.763564	-75.577855	-49.579166	67.955396	3.770001	-67.955396	-8.107514	0.453192	
211	0.548303	-0.638237	2.816701	71.042944	15.242690	-71.042944	-45.027211	64.233029	3.067161	-64.233029	-8.064380	0.446934	
212	0.674120	-0.626463	2.799877	66.871456	13.301962	-66.871456	-41.663586	61.368512	2.683489	-61.368512	-8.129687	0.442677	
213	0.729751	-0.725785	2.783284	63.591778	12.079342	-63.591778	-39.689835	59.677333	2.694187	-59.677333	-8.357010	0.438970	
214	0.755226	-0.862114	2.764727	60.923088	11.260671	-60.923088	-38.522348	58.359816	2.889659	-58.359816	-8.613042	0.434251	
215	0.786406	-0.941846	2.744337	58.367938	10.526926	-58.367938	-37.509803	56.675473	3.040894	-56.675473	-8.748905	0.428524	
216	0.811318	-0.989222	2.723575	56.065869	9.937277	-56.065869	-36.669700	54.949124	3.194836	-54.949124	-8.817517	0.422857	
217	0.814393	-1.063451	2.702726	54.359583	9.584518	-54.359583	-36.119166	53.618160	3.452526	-53.618160	-8.922702	0.418076	
218	0.804513	-1.140154	2.681224	53.201667	9.403048	-53.201667	-35.626307	52.469446	3.740253	-52.469446	-9.004284	0.414268	
219	0.783759	-1.169780	2.659216	52.356612	9.394160	-52.356612	-35.125024	51.260617	3.986444	-51.260617	-8.984122	0.411097	
220	0.742315	-1.146476	2.637497	51.610202	9.610539	-51.610202	-34.835910	50.017219	4.212457	-50.017219	-8.891754	0.408197	
221	0.674537	-1.095064	2.616739	50.848954	10.043025	-50.848954	-34.912141	48.844855	4.437723	-48.844855	-8.777259	0.405223	
222	0.578829	-1.053384	2.596985	50.049317	10.629767	-50.049317	-35.374790	47.879235	4.686569	-47.879235	-8.698088	0.401933	
223	0.459849	-1.045626	2.577547	49.125391	11.264965	-49.125391	-36.152988	47.167285	4.988465	-47.167285	-8.717862	0.398304	
224	0.331724	-1.060523	2.557648	48.003814	11.861879	-48.003814	-37.137086	46.654825	5.319825	-46.654825	-8.835297	0.394322	
225	0.216246	-1.070368	2.537120	46.727250	12.349113	-46.727250	-38.152808	46.261682	5.595373	-46.261682	-8.974794	0.389968	
226	0.139761	-1.060750	2.516345	45.373601	12.579537	-45.373601	-38.805437	45.826051	5.696463	-45.826051	-9.029194	0.385576	
227	0.119202	-1.041796	2.495768	44.082085	12.420622	-44.082085	-38.664214	45.179104	5.539903	-45.179104	-8.918994	0.381729	
228	0.141106	-1.035267	2.475497	43.103757	11.932335	-43.103757	-37.702801	44.339907	5.186919	-44.339907	-8.671147	0.378687	
229	0.167517	-1.055281	2.455230	42.618626	11.310573	-42.618626	-36.275973	43.441806	4.824873	-43.441806	-8.401627	0.376122	
230	0.171969	-1.099154	2.434517	42.541222	10.683961	-42.541222	-34.674477	42.492912	4.589155	-42.492912	-8.191100	0.373425	
231	0.154222	-1.146521	2.413212	42.569447	10.073540	-42.569447	-33.017406	41.410507	4.505108	-41.410507	-8.067602	0.370217	
232	0.125215	-1.175986	2.391711	42.381350	9.479608	-42.381350	-31.443996	40.184654	4.568741	-40.184654	-8.068111	0.366464	
233	0.097394	-1.187577	2.370589	41.809006	8.889103	-41.809006	-30.030227	38.835942	4.757960	-38.835942	-8.208542	0.362133	
234	0.082657	-1.194397	2.350185	40.835001	8.258041	-40.835001	-28.699868	37.346685	5.021612	-37.346685	-8.455792	0.357053	
235	0.081579	-1.196815	2.330628	39.414183	7.589475	-39.414183	-27.491966	35.733384	5.332556	-35.733384	-8.764479	0.351263	
236	0.082025	-1.182414	2.311952	37.470952	6.966995	-37.470952	-26.642933	34.104229	5.706877	-34.104229	-9.104969	0.345174	
237	0.077147	-1.140778	2.294070	35.057243	6.455429	-35.057243	-26.302115	32.569769	6.158732	-32.569769	-9.471899	0.339262	
238	0.071354	-1.071601	2.276895	32.355094	6.038409	-32.355094	-26.364016	31.127490	6.665784	-31.127490	-9.850988	0.333781	
239	0.090412	-0.979742	2.260375	29.615393	5.604395	-29.615393	-26.350641	29.616764	7.085817	-29.616764	-10.125172	0.328830	
240	0.170829	-0.863549	2.244349	27.064060	5.020910	-27.064060	-25.677603	27.839108	7.214022	-27.839108	-10.126295	0.324522	
241	0.294296	-0.729656	2.228595	24.776003	4.342265	-24.776003	-24.452344	25.872822	7.096085	-25.872822	-9.887265	0.320966	
242	0.393921	-0.603788	2.213040	22.704642	3.778162	-22.704642	-23.406569	24.052946	7.029193	-24.052946	-9.655111	0.318160	
243	0.442542	-0.505698	2.197787	20.798490	3.421405	-20.798490	-22.972186	22.568618	7.194293	-22.568618	-9.611457	0.316020	
244	0.477938	-0.436200	2.183026	19.023027	3.171945	-19.023027	-22.976368	21.325147	7.514829	-21.325147	-9.740932	0.314440	
245	0.553220	-0.377696	2.169128	17.315544	2.875312	-17.315544	-22.975769	20.089819	7.780304	-20.089819	-9.885087	0.313266	
246	0.685453	-0.292793	2.156972	15.592457	2.461404	-15.592457	-22.666957	18.674000	7.812344	-18.674000	-9.857723	0.312281	
247	0.855888	-0.158913	2.148005	13.873435	1.964520	-13.873435	-22.076922	17.102143	7.582378	-17.102143	-9.595192	0.311265	
248	1.029501	-0.002793	2.143389	12.394555	1.485810	-12.394555	-21.362290	15.603238	7.201332	-15.603238	-9.176314	0.309993	
249	1.169035	0.135365	2.142935	11.388852	1.124655	-11.388852	-20.633931	14.392195	6.819529	-14.392195	-8.727154	0.308203	
250	1.264956	0.248029	2.145182	10.792982	0.892648	-10.792982	-19.989377	13.511478	6.533712	-13.511478	-8.358052	0.305478	
251	1.324113	0.353755	2.148306	10.427143	0.760553	-10.427143	-19.454969	12.898371	6.354902	-12.898371	-8.111182	0.301232	
252	1.344475	0.462017	2.150540	10.174765	0.715132	-10.174765	-18.963729	12.484636	6.236184	-12.484636	-7.964357	0.295287	
253	1.345780	0.546965	2.150294	9.873489	0.715325	-9.873489	-18.422964	12.173857	6.104792	-12.173857	-7.877117	0.288259	
254	1.371997	0.578351	2.146646	9.439330	0.691079	-9.439330	-17.735143	11.853914	5.903921	-11.853914	-7.808160	0.281114	
255	1.443448	0.566141	2.139554	8.956372	0.594493	-8.956372	-16.833371	11.461626	5.616810	-11.461626	-7.712195	0.274885	
256	1.553253	0.537140	2.129655	8.530663	0.402322	-8.530663	-15.599900	10.941712	5.204021	-10.941712	-7.495564	0.270333	
257	1.672125	0.492240	2.117962	8.290735	0.131224	-8.290735	-13.927854	10.265913	4.656309	-10.265913	-7.086746	0.267373	
258	1.736303	0.404801	2.105490	8.319646	-0.115423	-8.319646	-12.128744	9.562357	4.167243	-9.562357	-6.624792	0.265362	
259	1.707455	0.273855	2.092909	8.528984	-0.226198	-8.528984	-10.766649	9.038314	3.957057	-9.038314	-6.335471	0.263717	
260	1.614031	0.173382	2.080568	8.679999	-0.190221	-8.679999	-9.973371	8.739595	3.947856	-8.739595	-6.189669	0.262026	
261	1.496363	0.159666	2.068880	8.559656	-0.083532	-8.559656	-9.440196	8.501582	3.912441	-8.501582	-5.983417	0.259965	
262	1.375274	0.179941	2.058261	8.221504	0.003985	-8.221504	-8.902447	8.159405	3.779839	-8.159405	-5.652991	0.257301	
263	1.261143	0.165317	2.048585	7.850879	0.044892	-7.850879	-8.394948	7.728355	3.637138	-7.728355	-5.302050	0.253917	
264	1.157037	0.108340	2.039258	7.491030	0.068119	-7.491030	-8.076790	7.294323	3.566807	-7.294323	-5.024957	0.249927	
265	1.063384	0.029095	2.029903	7.073618	0.095844	-7.073618	-7.977427	6.865106	3.562300	-6.865106	-4.819524	0.245659	
266	0.976108	-0.047504	2.020554	6.518591	0.138567	-6.518591	-8.101711	6.455464	3.606528	-6.455464	-4.677991	0.241357	
267	0.888240	-0.095492	2.011259	5.766153	0.202367	-5.766153	-8.469779	6.108243	3.699337	-6.108243	-4.614495	0.237061	
268	0.804610	-0.107163	2.001953	4.824066	0.270681	-4.824066	-8.983329	5.798500	3.803765	-5.798500	-4.602767	0.232792	
269	0.735932	-0.097808	1.992579	3.768886	0.320897	-3.768886	-9.536917	5.496510	3.903444	-5.496510	-4.623801	0.228679	
270	0.676987	-0.086621	1.982978	2.710313	0.357955	-2.710313	-10.102231	5.235465	4.046128	-5.235465	-4.708933	0.224857	
271	0.611340	-0.087733	1.972763	1.818291	0.404067	-1.818291	-10.624776	5.065643	4.289211	-5.065643	-4.907639	0.221305	
272	0.531700	-0.106488	1.961492	1.241102	0.470132	-1.241102	-11.034712	4.998501	4.629193	-4.998501	-5.229524	0.217847	
273	0.450728	-0.141932	1.948921	0.936581	0.543341	-0.936581	-11.294432	4.971257	4.967376	-4.971257	-5.590378	0.214305	
274	0.393614	-0.201869	1.935067	0.770804	0.598989	-0.770804	-11.401807	4.898091	5.194762	-4.898091	-5.879421	0.210660	
275	0.371294	-0.287838	1.920149	0.648107	0.628663	-0.648107	-11.376918	4.737324	5.278791	-4.737324	-6.043964	0.207071	
276	0.369360	-0.371226	1.904545	0.468540	0.639549	-0.468540	-11.221344	4.494323	5.242306	-4.494323	-6.077301	0.203749	
277	0.367774	-0.417063	1.888581	0.125465	0.639316	-0.125465	-11.027592	4.231528	5.157470	-4.231528	-6.038538	0.200760	
278	0.359384	-0.404308	1.872373	-0.434579	0.629590	0.434579	-10.945749	4.026504	5.104263	-4.026504	-6.019336	0.198001	
279	0.352571	-0.344363	1.855891	-1.113879	0.609136	1.113879	-11.027964	3.919008	5.100071	-3.919008	-6.053815	0.195371	
280	0.353847	-0.311459	1.838769	-1.694496	0.599390	1.694496	-11.385779	3.935772	5.150734	-3.935772	-6.153032	0.192866	
281	0.351482	-0.361222	1.820233	-2.097568	0.622904	2.097568	-12.116271	4.043917	5.264839	-4.043917	-6.300205	0.190507	
282	0.333996	-0.451602	1.799716	-2.504866	0.663960	2.504866	-13.082827	4.148466	5.419000	-4.148466	-6.423882	0.188340	
283	0.299526	-0.525723	1.777220	-3.106101	0.705278	3.106101	-14.157049	4.228078	5.628234	-4.228078	-6.514702	0.186434	
284	0.238801	-0.571702	1.752976	-3.919034	0.759566	3.919034	-15.359721	4.340868	5.955835	-4.340868	-6.649023	0.184781	
285	0.140504	-0.591306	1.727073	-4.852368	0.840687	4.852368	-16.673962	4.518875	6.407862	-4.518875	-6.864031	0.183276	
286	0.008351	-0.589657	1.699275	-5.755398	0.940110	5.755398	-17.971438	4.740787	6.909059	-4.740787	-7.118802	0.181743	
287	-0.139491	-0.583922	1.669018	-6.478509	1.036611	6.478509	-19.143711	4.976506	7.397913	-4.976506	-7.378063	0.179998	
288	-0.277120	-0.598018	1.635525	-6.938369	1.107950	6.938369	-20.146442	5.195776	7.853604	-5.195776	-7.624290	0.177958	
289	-0.369867	-0.654244	1.598267	-7.078608	1.123753	7.078608	-20.846949	5.326023	8.203020	-5.326023	-7.766183	0.175580	
290	-0.386562	-0.770399	1.557507	-6.863698	1.058390	6.863698	-21.079709	5.293769	8.331122	-5.293769	-7.673723	0.172760	
291	-0.329363	-0.938668	1.514230	-6.385457	0.927743	6.385457	-20.858361	5.119908	8.210096	-5.119908	-7.326650	0.169606	
292	-0.244010	-1.097587	1.469637	-5.865335	0.793436	5.865335	-20.322086	4.908604	7.925822	-4.908604	-6.846372	0.166606	
293	-0.199672	-1.142742	1.424616	-5.449960	0.724292	5.449960	-19.509499	4.741534	7.574509	-4.741534	-6.405450	0.164166	
294	-0.233596	-1.010766	1.379585	-5.066262	0.738702	5.066262	-18.365682	4.602294	7.201736	-4.602294	-6.113728	0.162243	
295	-0.307078	-0.774845	1.334849	-4.626723	0.782119	4.626723	-16.986256	4.412764	6.849079	-4.412764	-5.944771	0.160502	
296	-0.355055	-0.581342	1.290798	-4.197746	0.784735	4.197746	-15.618936	4.134457	6.562054	-4.134457	-5.800455	0.158589	
297	-0.355662	-0.497881	1.247791	-3.826451	0.727584	3.826451	-14.399739	3.790963	6.330901	-3.790963	-5.620369	0.156318	
298	-0.322182	-0.499082	1.206308	-3.479371	0.635083	3.479371	-13.272740	3.410712	6.097983	-3.410712	-5.385353	0.153697	
299	-0.270619	-0.542183	1.167094	-3.124198	0.541486	3.124198	-12.156649	3.010058	5.823109	-3.010058	-5.095378	0.150798	
300	-0.217850	-0.598750	1.130701	-2.763552	0.475611	2.763552	-11.060232	2.615202	5.517104	-2.615202	-4.785897	0.147743	
301	-0.187071	-0.650320	1.096853	-2.431622	0.453737	2.431622	-10.040802	2.255146	5.223660	-2.255146	-4.526525	0.144767	
302	-0.191438	-0.685909	1.064390	-2.163246	0.470306	2.163246	-9.118001	1.933167	4.971835	-1.933167	-4.354698	0.142210	
303	-0.218997	-0.701037	1.031822	-1.957988	0.497094	1.957988	-8.257413	1.629930	4.749452	-1.629930	-4.224356	0.140430	
304	-0.248044	-0.698373	0.998108	-1.787534	0.509123	1.787534	-7.438199	1.332507	4.537619	-1.332507	-4.067586	0.139671	
305	-0.271470	-0.697972	0.962944	-1.616148	0.511397	1.616148	-6.731440	1.050973	4.362147	-1.050973	-3.890754	0.139796	
306	-0.296792	-0.732241	0.926272	-1.401911	0.526889	1.401911	-6.250797	0.802845	4.269144	-0.802845	-3.751688	0.140091	
307	-0.325951	-0.823746	0.887969	-1.099276	0.568916	1.099276	-6.032429	0.592656	4.254133	-0.592656	-3.660552	0.139622	
308	-0.348176	-0.988225	0.848081	-0.661072	0.642645	0.661072	-6.052094	0.421438	4.266156	-0.421438	-3.574839	0.137896	
309	-0.354859	-1.245096	0.806848	-0.069914	0.762151	0.069914	-6.277489	0.294113	4.252689	-0.294113	-3.463530	0.135020	
310	-0.352889	-1.563390	0.764421	0.519602	0.934751	-0.519602	-6.489247	0.189526	4.134364	-0.189526	-3.306152	0.131430	
311	-0.365076	-1.827778	0.720887	0.789165	1.122014	-0.789165	-6.266584	0.055714	3.826681	-0.055714	-3.093963	0.127674	
312	-0.417017	-1.947985	0.676468	0.624893	1.254244	-0.624893	-5.474719	-0.127495	3.358838	0.127495	-2.878717	0.124253	
313	-0.507996	-1.941098	0.631468	0.233283	1.293589	-0.233283	-4.384043	-0.329402	2.838781	0.329402	-2.705457	0.121496	
314	-0.599616	-1.862973	0.586385	-0.157749	1.250462	0.157749	-3.277394	-0.515752	2.332118	0.515752	-2.523664	0.119523	
315	-0.650912	-1.750333	0.542240	-0.463632	1.157847	0.463632	-2.312670	-0.668808	1.871752	0.668808	-2.266695	0.118177	
316	-0.654410	-1.627131	0.500359	-0.699732	1.053173	0.699732	-1.575222	-0.782599	1.491745	0.782599	-1.944245	0.117052	
317	-0.629045	-1.505948	0.461587	-0.906097	0.961764	0.906097	-1.078097	-0.862537	1.212373	0.862537	-1.611584	0.115897	
318	-0.593477	-1.390816	0.425891	-1.104248	0.891218	1.104248	-0.782545	-0.921143	1.031333	0.921143	-1.307301	0.114874	
319	-0.556330	-1.288333	0.392704	-1.293614	0.841098	1.293614	-0.638911	-0.969984	0.931573	0.969984	-1.041860	0.114224	
320	-0.523404	-1.209173	0.361294	-1.460079	0.808027	1.460079	-0.594462	-1.018874	0.888137	1.018874	-0.815978	0.113942	
321	-0.498841	-1.160216	0.330981	-1.585947	0.782905	1.585947	-0.588880	-1.076346	0.871465	1.076346	-0.622990	0.113896	
322	-0.473945	-1.134030	0.301616	-1.670195	0.750492	1.670195	-0.569724	-1.139780	0.849884	1.139780	-0.439844	0.113983	
323	-0.429096	-1.111194	0.273985	-1.733712	0.696350	1.733712	-0.514973	-1.191809	0.797764	1.191809	-0.249191	0.114104	
324	-0.358974	-1.082634	0.249279	-1.799063	0.615817	1.799063	-0.434168	-1.221899	0.711153	1.221899	-0.068765	0.114087	
325	-0.284022	-1.059334	0.228119	-1.872597	0.512261	1.872597	-0.336084	-1.243551	0.604751	1.243551	0.069301	0.113778	
326	-0.228227	-1.054491	0.210441	-1.947719	0.390394	1.947719	-0.203706	-1.280175	0.488927	1.280175	0.154242	0.113299	
327	-0.199548	-1.071102	0.196325	-2.018557	0.258397	2.018557	-0.013196	-1.346373	0.363658	1.346373	0.199773	0.112830	
328	-0.193762	-1.105809	0.186871	-2.081429	0.134252	2.081429	0.242151	-1.445222	0.227343	1.445222	0.232209	0.112061	
329	-0.198973	-1.147089	0.184217	-2.130823	0.042331	2.130823	0.543705	-1.562136	0.079410	1.562136	0.280699	0.110384	
330	-0.197882	-1.172776	0.189985	-2.165226	-0.002174	2.165226	0.844146	-1.661445	-0.075462	1.661445	0.360609	0.107659	
331	-0.176141	-1.164918	0.203396	-2.194223	-0.003379	2.194223	1.086594	-1.711058	-0.222859	1.711058	0.461032	0.104470	
332	-0.125035	-1.122667	0.221795	-2.232242	0.023641	2.232242	1.237885	-1.706471	-0.346337	1.706471	0.556191	0.101641	
333	-0.036836	-1.051530	0.242553	-2.283712	0.064634	2.283712	1.298395	-1.661965	-0.436547	1.661965	0.621368	0.099680	
334	0.101397	-0.945614	0.263749	-2.337937	0.109611	2.337937	1.273757	-1.588643	-0.487299	1.588643	0.632497	0.098664	
335	0.312168	-0.788342	0.283819	-2.383361	0.156646	2.383361	1.141148	-1.486409	-0.486301	1.486409	0.560756	0.098497	
336	0.624405	-0.567606	0.301203	-2.430576	0.214429	2.430576	0.852232	-1.349775	-0.416196	1.349775	0.376537	0.099116	
337	1.056735	-0.284599	0.314249	-2.512459	0.292533	2.512459	0.374696	-1.175680	-0.268129	1.175680	0.067973	0.100427	
338	1.601759	0.047512	0.321329	-2.654782	0.386352	2.654782	-0.265933	-0.969477	-0.055230	0.969477	-0.336801	0.102204	
339	2.206683	0.393162	0.321251	-2.847126	0.472709	2.847126	-0.970855	-0.751285	0.179848	0.751285	-0.750147	0.104115	
340	2.820845	0.721059	0.313808	-3.060722	0.528747	3.060722	-1.661675	-0.533359	0.397872	0.533359	-1.066739	0.105740	
341	3.176642	0.891426	0.300639	-3.175457	0.504075	3.175457	-2.017503	-0.405888	0.492631	0.405888	-1.082978	0.106680	
342	3.508262	1.046815	0.285012	-3.277166	0.452039	3.277166	-2.330653	-0.282416	0.568078	0.282416	-0.967148	0.106852	
