kww	// User ID
11-5-2021	// Evaluation date
p02_e_50_crow_005	12-4-2021	16:30:04:391	// Source file name and timestamp
238.095	// Sampling rate
1.071	// Data capture period

1.880000	// height
93.000000	// mass


Sample #	elbVar	shldrIR	LwristLinVelo	thorJFPd	thorSTPd	UaJFPp	UaSTPp	UaJFPd	UaSTPd	FaJFPp	FaSTPp	RwristLinVelo	
0	0.275680	0.749941	2.174584	4.984070	-2.285066	-4.984070	6.651515	-10.929727	0.413109	10.929727	1.646312	1.590057	
1	0.273973	0.560109	2.158314	6.132474	-1.824542	-6.132474	6.451141	-8.536159	0.389828	8.536159	0.882514	1.610996	
2	0.288381	0.407070	2.140515	7.743583	-1.337306	-7.743583	5.991445	-6.231573	0.474668	6.231573	0.025878	1.624145	
3	0.192844	0.124923	2.123852	7.783597	-0.868142	-7.783597	6.020400	-3.564976	0.424240	3.564976	-0.787188	1.628797	
4	0.062383	-0.154798	2.112696	7.504271	-0.450444	-7.504271	6.217721	-1.166873	0.334433	1.166873	-1.398915	1.624457	
5	-0.098448	-0.415835	2.108567	7.119772	-0.090155	-7.119772	6.625143	0.903581	0.158126	-0.903581	-1.712071	1.612176	
6	-0.268657	-0.636766	2.111810	6.836109	0.204038	-6.836109	7.193418	2.580839	-0.110202	-2.580839	-1.715056	1.593403	
7	-0.432880	-0.816313	2.121564	6.592479	0.422784	-6.592479	7.875777	3.852581	-0.464556	-3.852581	-1.450663	1.569796	
8	-0.581268	-0.961837	2.136265	6.329599	0.570444	-6.329599	8.622834	4.761883	-0.890083	-4.761883	-0.990462	1.542925	
9	-0.707004	-1.081351	2.154038	6.085757	0.662430	-6.085757	9.402834	5.382976	-1.364120	-5.382976	-0.422024	1.513999	
10	-0.803645	-1.176641	2.173288	5.903825	0.708837	-5.903825	10.191160	5.751673	-1.857233	-5.751673	0.175896	1.483828	
11	-0.872979	-1.250136	2.193181	5.742496	0.714332	-5.742496	10.981168	5.882124	-2.354390	-5.882124	0.765421	1.452974	
12	-0.933205	-1.309607	2.213689	5.519490	0.684150	-5.519490	11.832687	5.792191	-2.881034	-5.792191	1.377983	1.421955	
13	-1.007791	-1.357517	2.235294	5.172726	0.623521	-5.172726	12.841013	5.486809	-3.478082	-5.486809	2.072376	1.391504	
14	-1.107825	-1.380620	2.258507	4.608212	0.532826	-4.608212	14.032146	4.922270	-4.147309	-4.922270	2.866945	1.362668	
15	-1.232122	-1.367724	2.283416	3.707121	0.417259	-3.707121	15.338948	4.063637	-4.851083	-4.063637	3.740446	1.336673	
16	-1.362796	-1.339746	2.309477	2.509586	0.307446	-2.509586	16.619011	3.043220	-5.531832	-3.043220	4.626704	1.314485	
17	-1.468994	-1.329898	2.335477	1.155066	0.236328	-1.155066	17.710491	2.081723	-6.130536	-2.081723	5.429729	1.296322	
18	-1.536349	-1.341891	2.359803	-0.264301	0.211000	0.264301	18.559149	1.260757	-6.631382	-1.260757	6.103846	1.281818	
19	-1.571558	-1.361872	2.381040	-1.576643	0.232296	1.576643	19.228257	0.567861	-7.063150	-0.567861	6.666365	1.270509	
20	-1.579652	-1.381971	2.398627	-2.576634	0.300025	2.576634	19.763071	0.017381	-7.444837	-0.017381	7.134313	1.261916	
21	-1.558100	-1.395825	2.413122	-3.178165	0.400630	3.178165	20.153370	-0.371361	-7.766610	0.371361	7.503002	1.255295	
22	-1.508996	-1.400122	2.425625	-3.329722	0.519690	3.329722	20.436356	-0.589368	-8.030802	0.589368	7.788187	1.249535	
23	-1.444563	-1.398183	2.436931	-2.951273	0.653901	2.951273	20.731093	-0.633228	-8.275838	0.633228	8.046969	1.243525	
24	-1.374471	-1.391251	2.447402	-1.979592	0.804367	1.979592	21.127511	-0.514841	-8.530170	0.514841	8.324427	1.236530	
25	-1.297748	-1.375060	2.457391	-0.443599	0.965672	0.443599	21.611852	-0.269821	-8.778715	0.269821	8.618680	1.228082	
26	-1.213106	-1.344836	2.467436	1.442117	1.124353	-1.442117	22.113032	0.041672	-8.997221	-0.041672	8.916470	1.217892	
27	-1.125735	-1.297952	2.477960	3.341395	1.269380	-3.341395	22.574756	0.347654	-9.181744	-0.347654	9.216970	1.206017	
28	-1.042065	-1.233101	2.489183	4.958404	1.397541	-4.958404	22.975640	0.575450	-9.339422	-0.575450	9.520647	1.192890	
29	-0.965642	-1.152495	2.501318	6.081529	1.503842	-6.081529	23.306096	0.666979	-9.479656	-0.666979	9.828454	1.179127	
30	-0.898315	-1.068408	2.514514	6.663184	1.578984	-6.663184	23.586808	0.614094	-9.624605	-0.614094	10.156749	1.165372	
31	-0.845646	-1.001021	2.528831	6.851293	1.619493	-6.851293	23.920185	0.453774	-9.826149	-0.453774	10.550503	1.152280	
32	-0.815873	-0.963960	2.544415	6.810900	1.627793	-6.810900	24.429036	0.198269	-10.134556	-0.198269	11.049648	1.140747	
33	-0.807240	-0.957135	2.561506	6.595460	1.607897	-6.595460	25.108711	-0.162512	-10.542551	0.162512	11.644098	1.131902	
34	-0.807501	-0.976626	2.580229	6.162549	1.567644	-6.162549	25.841668	-0.595036	-11.014189	0.595036	12.314310	1.126543	
35	-0.805805	-1.021906	2.600425	5.479773	1.518084	-5.479773	26.533927	-1.052610	-11.528348	1.052610	13.063373	1.124843	
36	-0.797044	-1.090957	2.621769	4.621735	1.469636	-4.621735	27.158366	-1.534914	-12.063495	1.534914	13.881074	1.126688	
37	-0.778661	-1.175988	2.643877	3.694347	1.430662	-3.694347	27.701487	-2.065642	-12.589040	2.065642	14.734028	1.131969	
38	-0.746890	-1.264686	2.666138	2.725498	1.403465	-2.725498	28.112048	-2.658406	-13.069307	2.658406	15.583456	1.140468	
39	-0.697214	-1.343424	2.687738	1.732976	1.378107	-1.732976	28.328882	-3.309748	-13.466741	3.309748	16.395144	1.151833	
40	-0.622117	-1.402708	2.707976	0.776703	1.338847	-0.776703	28.312129	-3.984727	-13.739724	3.984727	17.137068	1.165658	
41	-0.512392	-1.443558	2.726393	-0.129259	1.279858	0.129259	28.055080	-4.639052	-13.856518	4.639052	17.784133	1.181429	
42	-0.369859	-1.468593	2.742632	-1.011813	1.208980	1.011813	27.616870	-5.271097	-13.829131	5.271097	18.334599	1.198577	
43	-0.208511	-1.470160	2.756399	-1.828668	1.133648	1.828668	27.092654	-5.904252	-13.706719	5.904252	18.810216	1.216690	
44	-0.042358	-1.441840	2.767655	-2.453003	1.051345	2.453003	26.550950	-6.535428	-13.538641	6.535428	19.244332	1.235642	
45	0.119068	-1.388023	2.776810	-2.778565	0.958830	2.778565	26.036235	-7.133865	-13.359766	7.133865	19.668613	1.255598	
46	0.271692	-1.315142	2.784607	-2.783652	0.860952	2.783652	25.593899	-7.664759	-13.195923	7.664759	20.112185	1.276903	
47	0.417997	-1.226258	2.791747	-2.526086	0.766149	2.526086	25.236733	-8.109863	-13.061812	8.109863	20.600950	1.299864	
48	0.560436	-1.126529	2.798619	-2.138754	0.680177	2.138754	24.938809	-8.474041	-12.968344	8.474041	21.152113	1.324607	
49	0.698961	-1.026412	2.805718	-1.750359	0.601351	1.750359	24.687923	-8.772003	-12.932727	8.772003	21.782054	1.351189	
50	0.835652	-0.935137	2.813955	-1.427753	0.517076	1.427753	24.479697	-9.030846	-12.961018	9.030846	22.500001	1.379705	
51	0.968502	-0.857071	2.823720	-1.236640	0.413654	1.236640	24.327354	-9.304718	-13.059495	9.304718	23.301643	1.410247	
52	1.090198	-0.794403	2.834668	-1.254632	0.288278	1.254632	24.262816	-9.649053	-13.242445	9.649053	24.172513	1.442933	
53	1.203050	-0.747146	2.846916	-1.515561	0.139016	1.515561	24.253296	-10.078266	-13.489083	10.078266	25.085261	1.477873	
54	1.315642	-0.713731	2.860810	-2.020099	-0.042922	2.020099	24.220361	-10.591977	-13.756530	10.591977	26.009829	1.515061	
55	1.424683	-0.692570	2.875964	-2.796756	-0.257161	2.796756	24.122069	-11.226271	-14.031577	11.226271	26.915652	1.554437	
56	1.521451	-0.677680	2.891834	-3.921026	-0.487344	3.921026	23.905073	-12.029515	-14.309605	12.029515	27.763765	1.595913	
57	1.611677	-0.654432	2.908297	-5.481210	-0.711109	5.481210	23.441065	-13.018158	-14.550635	13.018158	28.526455	1.639263	
58	1.712596	-0.609881	2.925335	-7.481758	-0.912236	7.481758	22.621590	-14.172863	-14.698451	14.172863	29.208960	1.684179	
59	1.836944	-0.546236	2.943114	-9.778108	-1.098674	9.778108	21.483387	-15.446120	-14.722287	15.446120	29.836271	1.730457	
60	1.990318	-0.473531	2.962384	-12.183638	-1.304805	12.183638	20.169977	-16.783894	-14.631210	16.783894	30.447715	1.778052	
61	2.178889	-0.395449	2.984111	-14.604273	-1.579393	14.604273	18.840885	-18.141416	-14.476521	18.141416	31.136269	1.827126	
62	2.410067	-0.309309	3.008936	-17.077130	-1.977184	17.077130	17.631517	-19.489454	-14.328502	19.489454	32.035633	1.878333	
63	2.676218	-0.213005	3.037548	-19.761569	-2.517888	19.761569	16.576518	-20.838237	-14.220979	20.838237	33.173428	1.932809	
64	2.946945	-0.110420	3.070737	-22.751937	-3.156514	22.751937	15.631018	-22.218610	-14.147165	22.218610	34.410107	1.991334	
65	3.191419	-0.010234	3.108513	-25.843652	-3.836700	25.843652	14.824990	-23.626542	-14.116322	23.626542	35.601003	2.053715	
66	3.398253	0.083260	3.149831	-28.724861	-4.543913	28.724861	14.242610	-25.024384	-14.160740	25.024384	36.703718	2.119082	
67	3.570563	0.174740	3.193032	-31.365161	-5.292173	31.365161	13.889088	-26.388068	-14.301261	26.388068	37.720880	2.186423	
68	3.715600	0.272464	3.236257	-33.975653	-6.095094	33.975653	13.705158	-27.732346	-14.534922	27.732346	38.638622	2.254902	
69	3.839889	0.381214	3.277766	-36.682930	-6.953471	36.682930	13.650414	-29.095282	-14.844437	29.095282	39.423482	2.323959	
70	3.945237	0.496378	3.316916	-39.412052	-7.850052	39.412052	13.755576	-30.511042	-15.236750	30.511042	40.080573	2.393242	
71	4.028089	0.603778	3.355350	-42.033335	-8.754278	42.033335	14.111062	-31.988256	-15.757581	31.988256	40.685243	2.462612	
72	4.087362	0.688389	3.395429	-44.496751	-9.665375	44.496751	14.820600	-33.511580	-16.450526	33.511580	41.337175	2.532124	
73	4.131268	0.741739	3.437774	-46.753089	-10.658065	46.753089	16.018004	-35.081629	-17.330897	35.081629	42.122891	2.601992	
74	4.170081	0.762428	3.481837	-48.612194	-11.835856	48.612194	17.863234	-36.725371	-18.393085	36.725371	43.099659	2.672612	
75	4.208324	0.756065	3.526496	-49.811736	-13.250801	49.811736	20.450165	-38.461922	-19.609854	38.461922	44.275190	2.744426	
76	4.250027	0.735535	3.569171	-50.245154	-14.902813	50.245154	23.752826	-40.305928	-20.927829	40.305928	45.612679	2.817748	
77	4.299886	0.714122	3.606453	-50.082249	-16.759610	50.082249	27.649398	-42.288164	-22.295571	42.288164	47.075956	2.892826	
78	4.355423	0.699868	3.636649	-49.659424	-18.745324	49.659424	31.925162	-44.419350	-23.669396	44.419350	48.617311	2.969875	
79	4.408299	0.699962	3.661430	-49.243633	-20.766876	49.243633	36.304349	-46.649522	-24.973399	46.649522	50.110153	3.048836	
80	4.452244	0.720190	3.684427	-48.904369	-22.773208	48.904369	40.588546	-48.901388	-26.119081	48.901388	51.397908	3.129224	
81	4.483807	0.759442	3.708951	-48.566548	-24.757451	48.566548	44.724899	-51.114140	-27.062154	51.114140	52.394135	3.210218	
82	4.501040	0.813212	3.736897	-48.132292	-26.710286	48.132292	48.714214	-53.243852	-27.813074	53.243852	53.102821	3.290900	
83	4.505541	0.874993	3.768276	-47.511336	-28.620901	47.511336	52.600925	-55.264602	-28.450465	55.264602	53.650622	3.370661	
84	4.499091	0.925172	3.801689	-46.546014	-30.556964	46.546014	56.654890	-57.161609	-29.125085	57.161609	54.295170	3.449612	
85	4.477175	0.932131	3.835373	-45.079040	-32.691357	45.079040	61.345290	-58.911652	-29.962446	58.911652	55.258402	3.528482	
86	4.436345	0.877078	3.867815	-43.135529	-35.204987	43.135529	67.009095	-60.524481	-30.978839	60.524481	56.595591	3.608060	
87	4.384403	0.764748	3.898113	-41.065365	-38.202563	41.065365	73.702590	-62.086070	-32.161565	62.086070	58.330700	3.689011	
88	4.333927	0.610871	3.925996	-39.545134	-41.679636	39.545134	81.223414	-63.695503	-33.542863	63.695503	60.560303	3.772156	
89	4.293975	0.432798	3.951433	-39.138532	-45.570518	39.138532	89.240280	-65.424903	-35.132722	65.424903	63.328491	3.858430	
90	4.263753	0.233940	3.974049	-39.847368	-49.886669	39.847368	97.651363	-67.314362	-36.871986	67.314362	66.536538	3.948306	
91	4.227905	0.001285	3.992797	-41.430701	-54.654771	41.430701	106.491105	-69.285953	-38.642204	69.285953	69.948637	4.041395	
92	4.174409	-0.260945	4.006585	-43.909489	-59.807873	43.909489	115.575620	-71.250757	-40.285640	71.250757	73.244007	4.136587	
93	4.109561	-0.523412	4.015228	-47.500293	-65.327477	47.500293	124.743208	-73.329851	-41.692769	73.329851	76.180096	4.232587	
94	4.037567	-0.764089	4.019436	-52.371502	-71.181182	52.371502	133.901614	-75.636832	-42.847402	75.636832	78.646499	4.328251	
95	3.952363	-0.972014	4.020032	-58.603212	-77.195099	58.603212	142.791841	-78.131218	-43.758870	78.131218	80.555052	4.422349	
96	3.861542	-1.123386	4.017258	-66.218402	-83.289709	66.218402	151.242196	-81.014501	-44.388396	81.014501	81.789154	4.513590	
97	3.786721	-1.192313	4.010872	-75.147292	-89.551241	75.147292	159.365209	-84.765212	-44.670403	84.765212	82.258925	4.600980	
98	3.741621	-1.179238	4.000847	-85.349416	-96.045894	85.349416	167.424755	-89.703498	-44.626031	89.703498	82.016295	4.683655	
99	3.725771	-1.110813	3.987334	-96.904694	-102.794163	96.904694	175.764203	-95.806499	-44.408301	95.806499	81.289898	4.760705	
100	3.726835	-1.032543	3.970087	-109.748490	-109.812319	109.748490	184.808196	-102.688737	-44.252393	102.688737	80.418031	4.831379	
101	3.730874	-0.988945	3.948723	-123.709920	-117.038875	123.709920	194.820536	-109.767111	-44.383864	109.767111	79.740077	4.895106	
102	3.737226	-0.984323	3.923139	-138.775325	-124.289101	138.775325	205.552341	-116.710290	-44.809673	116.710290	79.307375	4.951334	
103	3.747906	-0.983691	3.893309	-154.792664	-131.329834	154.792664	216.327464	-123.512974	-45.183991	123.512974	78.641781	4.999358	
104	3.758855	-0.949142	3.859128	-171.169725	-138.001185	171.169725	226.511672	-130.265134	-45.088699	130.265134	77.143106	5.038290	
105	3.780174	-0.858341	3.820507	-187.200767	-144.378584	187.200767	235.947163	-137.223016	-44.394770	137.223016	74.705403	5.067778	
106	3.821501	-0.714947	3.777377	-202.446387	-150.618495	202.446387	244.740162	-144.468426	-43.150053	144.468426	71.517900	5.088759	
107	3.858376	-0.549584	3.729615	-216.694140	-156.584939	216.694140	252.659309	-151.341919	-41.354354	151.341919	67.612791	5.102535	
108	3.860695	-0.388558	3.677168	-229.880261	-161.948937	229.880261	259.175982	-157.000778	-39.006035	157.000778	62.971250	5.109339	
109	3.836189	-0.223319	3.620184	-242.137861	-166.479828	242.137861	263.816373	-161.414182	-36.141187	161.414182	57.696097	5.108665	
110	3.832405	-0.026761	3.558595	-253.789455	-170.231927	253.789455	266.584067	-165.507644	-32.898994	165.507644	52.122244	5.100897	
111	3.913604	0.208740	3.491874	-265.535455	-173.702439	265.535455	268.347687	-170.515454	-29.575085	170.515454	46.831599	5.088397	
112	4.116384	0.470515	3.419680	-278.062515	-177.403388	278.062515	269.986722	-177.049585	-26.329364	177.049585	42.162778	5.074874	
113	4.405950	0.754104	3.342358	-290.591778	-181.091782	290.591778	271.016322	-184.544925	-22.816159	184.544925	37.650747	5.063253	
114	4.709865	1.074580	3.260485	-301.402332	-184.102720	301.402332	270.245514	-192.068683	-18.411813	192.068683	32.392725	5.053925	
115	5.003700	1.455524	3.174108	-310.197244	-186.389229	310.197244	267.505575	-199.730758	-12.780998	199.730758	25.914670	5.045547	
116	5.299076	1.904645	3.082601	-317.881898	-188.396901	317.881898	263.414756	-208.176948	-5.921877	208.176948	18.210008	5.037079	
117	5.576116	2.402983	2.985627	-325.039682	-190.399688	325.039682	258.327774	-217.345239	2.067629	217.345239	9.325804	5.028085	
118	5.785228	2.930099	2.884017	-331.270994	-192.359816	331.270994	252.177238	-226.739068	11.060141	226.739068	-0.749992	5.017810	
119	5.906050	3.489281	2.779459	-335.064999	-193.995244	335.064999	244.675959	-236.237255	20.830471	236.237255	-11.897931	5.005435	
120	6.029355	4.118045	2.673910	-335.457442	-195.393054	335.457442	236.042640	-247.160546	31.061464	247.160546	-23.646731	4.992144	
121	6.320836	4.869965	2.569518	-332.940234	-197.440514	332.940234	227.415236	-262.339058	41.682111	262.339058	-35.625810	4.982980	
122	6.843554	5.761072	2.468402	-327.661482	-200.898668	327.661482	219.875438	-283.556488	52.893669	283.556488	-47.996677	4.985434	
123	7.494303	6.741040	2.372023	-318.583227	-205.433988	318.583227	213.588932	-309.267615	64.565862	309.267615	-60.841000	5.005605	
124	8.149783	7.735529	2.280949	-304.992859	-210.209899	304.992859	208.385953	-336.362710	76.094575	336.362710	-73.711339	5.046134	
125	8.791920	8.698377	2.195292	-287.239146	-214.697214	287.239146	204.278385	-363.046703	86.934568	363.046703	-86.091788	5.107396	
126	9.440720	9.598496	2.115200	-265.864079	-218.404202	265.864079	201.129092	-388.238593	96.778968	388.238593	-97.697709	5.188918	
127	10.084212	10.412063	2.041067	-241.443285	-220.709645	241.443285	198.542511	-410.635949	105.497308	410.635949	-108.441172	5.289286	
128	10.720720	11.144948	1.973440	-215.036500	-221.166330	215.036500	196.032094	-429.423116	113.208567	429.423116	-118.496366	5.406292	
129	11.353674	11.808265	1.912644	-187.818335	-219.562138	187.818335	193.164826	-444.046526	120.036302	444.046526	-128.060702	5.537492	
130	11.953573	12.391316	1.858496	-159.895786	-215.696038	159.895786	189.401823	-453.837563	125.879478	453.837563	-137.064161	5.680248	
131	12.493243	12.903054	1.810595	-130.346305	-209.645209	130.346305	184.131202	-459.354272	130.805838	459.354272	-145.496049	5.832165	
132	12.962743	13.380964	1.768718	-98.726140	-201.971696	98.726140	177.020485	-462.339989	135.052869	462.339989	-153.336237	5.992178	
133	13.337284	13.827838	1.732589	-65.286338	-192.934469	65.286338	167.576049	-463.161501	138.462450	463.161501	-159.995087	6.160628	
134	13.587883	14.216576	1.701621	-30.352226	-182.357846	30.352226	155.003576	-460.897070	140.659689	460.897070	-164.629748	6.338262	
135	13.703433	14.540235	1.675066	5.528373	-170.337222	-5.528373	138.952391	-455.252838	141.440770	455.252838	-166.642112	6.525755	
136	13.708130	14.823219	1.652109	41.435457	-157.338339	-41.435457	119.767310	-446.826492	140.829398	446.826492	-165.877354	6.723679	
137	13.650981	15.114070	1.631989	76.352602	-144.033695	-76.352602	98.426045	-436.908989	138.937366	436.908989	-162.493167	6.932277	
138	13.555301	15.447150	1.614158	109.722374	-130.897426	-109.722374	76.124322	-426.469727	135.545089	426.469727	-156.316319	7.151365	
139	13.415157	15.816388	1.598088	141.707843	-117.776195	-141.707843	53.576511	-414.939373	130.089311	414.939373	-146.849244	7.380374	
140	13.223510	16.203980	1.583087	172.511103	-104.500948	-172.511103	31.573875	-401.134300	121.954508	401.134300	-133.696577	7.618298	
141	12.997509	16.610244	1.568687	201.794218	-91.520639	-201.794218	11.942137	-384.732337	110.718655	384.732337	-116.926420	7.863663	
142	12.789161	17.040427	1.554990	229.116694	-79.209865	-229.116694	-3.244549	-365.600700	96.334454	365.600700	-97.463467	8.114168	
143	12.646057	17.466883	1.542415	254.326084	-67.090807	-254.326084	-12.950733	-342.517144	78.931925	342.517144	-76.864065	8.365928	
144	12.590684	17.831903	1.531268	277.364706	-54.320222	-277.364706	-16.873076	-314.181215	58.752991	314.181215	-57.088955	8.613097	
145	12.625377	18.077358	1.521397	297.584489	-40.380842	-297.584489	-14.738525	-280.460012	36.208735	280.460012	-40.407819	8.848405	
146	12.704570	18.127710	1.512023	312.885591	-25.032610	-312.885591	-6.386831	-241.690450	11.772360	241.690450	-28.872875	9.064173	
147	12.757245	17.885352	1.502254	320.840945	-8.233886	-320.840945	7.812114	-198.330160	-13.521557	198.330160	-24.612405	9.252709	
148	12.759066	17.296400	1.491682	321.716381	10.142882	-321.716381	26.343850	-150.983323	-37.657969	150.983323	-30.703774	9.405549	
149	12.715875	16.399299	1.480398	318.133551	29.905850	-318.133551	47.830201	-100.923430	-58.671204	100.923430	-49.661962	9.513185	
150	12.614101	15.299727	1.468893	311.936656	49.448920	-311.936656	72.393095	-50.718776	-75.928212	50.718776	-80.658338	9.566867	
151	12.481696	14.128355	1.457938	304.593429	66.540099	-304.593429	99.894045	-2.207182	-90.309036	2.207182	-120.185800	9.559149	
152	12.442460	13.030482	1.448426	298.955119	79.111738	-298.955119	130.192320	44.272815	-104.557875	-44.272815	-163.130633	9.481964	
153	12.690519	12.151323	1.441297	298.234028	84.297302	-298.234028	166.229294	87.407655	-123.356793	-87.407655	-201.736412	9.327369	
154	13.435681	11.570019	1.437330	302.600358	78.111573	-302.600358	213.480018	123.424690	-150.841486	-123.424690	-226.223957	9.092188	
155	14.725394	11.202254	1.436975	305.008331	56.714981	-305.008331	272.909723	146.775389	-185.333576	-146.775389	-226.119748	8.785517	
156	16.270116	10.782023	1.440468	293.246407	19.648326	-293.246407	334.063841	153.295800	-215.984966	-153.295800	-194.048874	8.437483	
157	17.480018	9.975534	1.447812	260.760310	-26.534605	-260.760310	378.558651	143.939427	-227.121688	-143.939427	-133.591573	8.101992	
158	17.698439	8.550608	1.458388	213.753106	-69.572661	-213.753106	391.122335	124.588053	-208.164993	-124.588053	-62.035778	7.846435	
159	16.606875	6.509923	1.470995	164.948841	-99.304820	-164.948841	368.645768	101.832767	-162.011115	-101.832767	-0.060231	7.728158	
160	14.448450	4.076033	1.484527	122.764731	-113.686437	-122.764731	321.414754	80.118738	-104.313783	-80.118738	42.131948	7.767406	
161	11.647452	1.538994	1.498156	89.463843	-115.287706	-89.463843	264.354373	64.753787	-51.920151	-64.753787	62.626686	7.933814	
162	8.386659	-0.885770	1.510930	66.059934	-105.798538	-66.059934	204.518541	65.032520	-11.047130	-65.032520	57.038042	8.156638	
163	4.805068	-3.128247	1.521777	54.570331	-87.351029	-54.570331	139.515429	88.526459	22.522579	-88.526459	23.261427	8.353770	
164	1.280772	-5.241662	1.529818	58.987675	-64.663152	-58.987675	68.863048	132.428675	54.259872	-132.428675	-28.171921	8.463388	
165	-1.740424	-7.299665	1.534388	86.951559	-42.774860	-86.951559	0.895672	183.837149	85.121771	-183.837149	-79.007073	8.460715	
166	-4.025901	-9.291996	1.534784	145.665414	-24.359498	-145.665414	-52.087082	228.033931	112.078187	-228.033931	-115.640928	8.354776	
167	-5.602803	-11.089022	1.530251	229.861586	-9.490974	-229.861586	-82.475218	256.356943	130.785510	-256.356943	-134.026022	8.173921	
168	-6.639825	-12.504348	1.520270	313.683792	3.045977	-313.683792	-92.157658	268.667371	138.185423	-268.667371	-136.773367	7.951071	
169	-7.286834	-13.401178	1.504633	361.770551	14.045290	-361.770551	-88.400440	270.005854	133.326169	-270.005854	-128.222172	7.715043	
170	-7.580129	-13.747735	1.483503	354.971374	22.881242	-354.971374	-74.994133	265.734184	116.657362	-265.734184	-111.622764	7.488487	
171	-7.486847	-13.594656	1.457754	304.964864	28.147358	-304.964864	-50.165038	260.143702	89.867141	-260.143702	-89.326829	7.287730	
172	-7.003169	-13.018026	1.428891	245.180047	29.162319	-245.180047	-12.556040	257.773361	56.134446	-257.773361	-63.791224	7.121203	
173	-6.196129	-12.069556	1.398315	211.295570	26.855158	-211.295570	32.882584	263.801048	19.807197	-263.801048	-37.816098	6.988145	
174	-5.184038	-10.748806	1.367129	225.703496	23.579998	-225.703496	73.472792	282.487125	-14.069588	-282.487125	-14.303072	6.879817	
175	-4.102420	-9.014065	1.336656	290.456172	22.195431	-290.456172	91.847956	314.844755	-40.171119	-314.844755	4.001444	6.782989	
176	-3.073892	-6.841556	1.308722	388.562461	24.813842	-388.562461	73.327101	356.888633	-54.146361	-356.888633	14.971691	6.684365	
177	-2.178823	-4.302537	1.285224	491.101284	31.739221	-491.101284	15.196821	399.638775	-54.604087	-399.638775	17.908832	6.574819	
178	-1.452073	-1.609534	1.267543	567.688551	41.410191	-567.688551	-68.747044	432.014764	-44.236011	-432.014764	14.106218	6.452133	
179	-0.909956	0.910546	1.256477	598.281467	51.518567	-598.281467	-153.848908	445.891673	-28.712474	-445.891673	6.500562	6.320828	
180	-0.558886	2.926734	1.252287	580.756457	60.200474	-580.756457	-217.472027	439.656266	-13.784921	-439.656266	-1.588547	6.189024	
181	-0.370486	4.232608	1.254537	528.521654	66.287484	-528.521654	-248.981212	417.552221	-2.829111	-417.552221	-7.824292	6.064366	
182	-0.271678	4.807223	1.262326	460.792674	68.936461	-460.792674	-250.495136	386.248302	3.565108	-386.248302	-11.428581	5.951399	
183	-0.174424	4.785041	1.274779	393.591287	67.528953	-393.591287	-231.178586	351.665000	6.403116	-351.665000	-12.748586	5.851154	
184	-0.014315	4.366641	1.291121	336.150980	61.990822	-336.150980	-200.989212	317.710466	6.896853	-317.710466	-12.391359	5.762496	
185	0.229141	3.734791	1.310413	291.881071	53.046639	-291.881071	-167.383275	286.628476	5.865920	-286.628476	-10.764838	5.683956	
186	0.534464	3.024571	1.331605	260.524511	42.131756	-260.524511	-135.027119	259.642653	3.853319	-259.642653	-8.169076	5.614618	
187	0.851695	2.324182	1.353872	239.830188	31.037540	-239.830188	-106.705059	237.301912	1.391787	-237.301912	-5.014617	5.553886	
188	1.109169	1.678040	1.376619	226.904760	21.520438	-226.904760	-84.227122	219.734330	-0.801680	-219.734330	-1.968498	5.500560	
189	1.229800	1.103650	1.399104	218.941782	14.889392	-218.941782	-68.716283	206.694608	-1.919793	-206.694608	0.129373	5.451823	
190	1.172999	0.613935	1.420193	213.488358	11.632880	-213.488358	-60.237798	197.468936	-1.528995	-197.468936	0.695303	5.403472	
191	0.956904	0.212361	1.438581	208.738696	11.317899	-208.738696	-57.567547	190.953801	0.189105	-190.953801	-0.271861	5.351474	
192	0.632337	-0.127674	1.453306	203.581033	12.812139	-203.581033	-58.604671	185.864107	2.745438	-185.864107	-2.376088	5.293137	
193	0.244576	-0.447855	1.464057	197.519562	14.921549	-197.519562	-61.339209	181.181033	5.736131	-181.181033	-5.200712	5.227145	
194	-0.173147	-0.771158	1.471011	190.678960	16.847371	-190.678960	-64.291548	176.435957	8.871726	-176.435957	-8.376880	5.153058	
195	-0.582646	-1.099856	1.474490	183.725844	18.041010	-183.725844	-66.029569	171.406069	11.794162	-171.406069	-11.426047	5.071132	
196	-0.945127	-1.428216	1.474811	177.690831	18.161853	-177.690831	-65.181121	165.929697	14.116908	-165.929697	-13.843180	4.982527	
197	-1.233297	-1.746694	1.472411	173.587204	17.147723	-173.587204	-60.928191	159.950468	15.557402	-159.950468	-15.283763	4.889186	
198	-1.427662	-2.041073	1.467854	171.892247	15.137435	-171.892247	-53.161175	153.471845	15.920979	-153.471845	-15.557915	4.793770	
199	-1.528561	-2.287864	1.461683	172.074780	12.539646	-172.074780	-42.839951	146.686319	15.240578	-146.686319	-14.737072	4.699560	
200	-1.566069	-2.460989	1.454355	172.694802	9.978129	-172.694802	-31.955377	139.997764	13.895566	-139.997764	-13.233794	4.609280	
201	-1.575276	-2.548421	1.446277	172.387894	7.944681	-172.387894	-22.411656	133.764730	12.335384	-133.764730	-11.516871	4.524033	
202	-1.575253	-2.551654	1.437909	170.611700	6.634679	-170.611700	-15.262861	128.210487	10.827073	-128.210487	-9.876045	4.443512	
203	-1.581258	-2.479630	1.429793	167.462370	6.094571	-167.462370	-11.038204	123.537752	9.572639	-123.537752	-8.554468	4.366454	
204	-1.616843	-2.353300	1.422234	163.275642	6.330672	-163.275642	-10.036628	119.936098	8.818084	-119.936098	-7.856921	4.290549	
205	-1.679492	-2.197189	1.415085	158.505187	7.110584	-158.505187	-11.551907	117.196393	8.516728	-117.196393	-7.763480	4.212787	
206	-1.718320	-2.024284	1.407998	153.599228	7.916303	-153.599228	-13.635034	114.545118	8.169236	-114.545118	-7.711687	4.131528	
207	-1.687068	-1.841397	1.400769	148.839667	8.356168	-148.839667	-14.665532	111.333213	7.365722	-111.333213	-7.195306	4.047937	
208	-1.581264	-1.659323	1.393385	144.402204	8.358043	-144.402204	-14.231239	107.487448	6.104314	-107.487448	-6.162351	3.964590	
209	-1.418753	-1.490556	1.385966	140.344791	7.999444	-140.344791	-12.535626	103.188066	4.563653	-103.188066	-4.779273	3.883736	
210	-1.226780	-1.344442	1.378669	136.448713	7.425035	-136.448713	-10.068160	98.634756	2.964032	-98.634756	-3.266766	3.806826	
211	-1.033656	-1.223994	1.371616	132.316919	6.814529	-132.316919	-7.476785	94.026396	1.507975	-94.026396	-1.830294	3.734426	
212	-0.857488	-1.124647	1.364937	127.646382	6.322217	-127.646382	-5.317690	89.519344	0.307904	-89.519344	-0.583157	3.666402	
213	-0.708879	-1.037899	1.358784	122.381119	6.052543	-122.381119	-3.993070	85.248065	-0.579647	-85.248065	0.417867	3.602297	
214	-0.590352	-0.954065	1.353159	116.704003	6.028261	-116.704003	-3.680364	81.319688	-1.151539	-81.319688	1.170091	3.541490	
215	-0.497618	-0.861189	1.347859	110.792563	6.216327	-110.792563	-4.415351	77.777641	-1.439694	-77.777641	1.705376	3.483264	
216	-0.435258	-0.752182	1.342572	104.635074	6.619925	-104.635074	-6.303147	74.637390	-1.413758	-74.637390	1.975362	3.426818	
217	-0.412189	-0.637971	1.336909	98.217623	7.236422	-98.217623	-9.203394	71.835867	-1.051110	-71.835867	1.922694	3.371197	
218	-0.422844	-0.541554	1.330396	91.673375	7.975532	-91.673375	-12.520140	69.180383	-0.452093	-69.180383	1.630790	3.315443	
219	-0.453798	-0.479954	1.322565	85.218386	8.717495	-85.218386	-15.667379	66.502002	0.251758	-66.502002	1.231080	3.258912	
220	-0.494732	-0.460497	1.313053	79.048778	9.368784	-79.048778	-18.307635	63.738344	0.974881	-63.738344	0.808297	3.201429	
221	-0.533155	-0.482062	1.301675	73.249127	9.856971	-73.249127	-20.225378	60.847627	1.634341	-60.847627	0.465920	3.143334	
222	-0.563106	-0.536358	1.288491	67.829270	10.169038	-67.829270	-21.437016	57.845992	2.201640	-57.845992	0.254268	3.085307	
223	-0.596745	-0.614132	1.273830	62.790578	10.379162	-62.790578	-22.258807	54.868959	2.750096	-54.868959	0.066139	3.027763	
224	-0.642825	-0.702304	1.258180	58.062859	10.580710	-58.062859	-23.022092	52.045132	3.317487	-52.045132	-0.190230	2.970536	
225	-0.696606	-0.784341	1.242032	53.501236	10.845302	-53.501236	-23.941838	49.435473	3.871452	-49.435473	-0.501640	2.913416	
226	-0.761639	-0.855333	1.225849	48.994657	11.234937	-48.994657	-25.180427	47.072859	4.434515	-47.072859	-0.904326	2.856381	
227	-0.846399	-0.917751	1.210142	44.486980	11.761826	-44.486980	-26.763756	44.928623	5.048362	-44.928623	-1.462992	2.799175	
228	-0.946164	-0.967519	1.195417	39.956240	12.363694	-39.956240	-28.540587	42.910170	5.685922	-42.910170	-2.150157	2.741395	
229	-1.053955	-1.009427	1.182043	35.463328	12.944015	-35.463328	-30.271309	40.910795	6.321837	-40.910795	-2.913463	2.682861	
230	-1.169018	-1.062386	1.170184	31.147636	13.414211	-31.147636	-31.725960	38.855789	6.963490	-38.855789	-3.727449	2.623446	
231	-1.285828	-1.132409	1.159715	27.085084	13.740072	-27.085084	-32.825664	36.741510	7.588143	-36.741510	-4.539464	2.562965	
232	-1.399076	-1.212841	1.150152	23.238398	13.958119	-23.238398	-33.668316	34.610586	8.172431	-34.610586	-5.313783	2.501396	
233	-1.524302	-1.308437	1.140785	19.546285	14.163375	-19.546285	-34.458183	32.503425	8.781825	-32.503425	-6.144877	2.438628	
234	-1.687910	-1.422663	1.131088	15.952985	14.474991	-15.952985	-35.425053	30.455197	9.512033	-30.455197	-7.177393	2.373961	
235	-1.880028	-1.539324	1.121040	12.464232	14.879087	-12.464232	-36.485262	28.444708	10.303732	-28.444708	-8.318306	2.306583	
236	-2.061317	-1.645923	1.110879	9.132733	15.237013	-9.132733	-37.318501	26.398322	11.011361	-26.398322	-9.302149	2.236686	
237	-2.226837	-1.751159	1.100607	5.923570	15.543312	-5.923570	-37.965936	24.335602	11.643007	-24.335602	-10.100028	2.165276	
238	-2.406414	-1.869666	1.089982	2.795009	15.917879	-2.795009	-38.716797	22.358201	12.308237	-22.358201	-10.902182	2.092788	
239	-2.618778	-2.014204	1.078822	-0.095606	16.390831	0.095606	-39.581912	20.499648	13.046137	-20.499648	-11.809505	2.018624	
240	-2.852684	-2.190118	1.066999	-2.491235	16.867184	2.491235	-40.263069	18.709244	13.779832	-18.709244	-12.723920	1.941866	
241	-3.076302	-2.374127	1.054183	-4.387951	17.263194	4.387951	-40.499517	16.945134	14.364699	-16.945134	-13.449113	1.862161	
242	-3.268632	-2.533651	1.039932	-5.999573	17.566273	5.999573	-40.249138	15.194911	14.731897	-15.194911	-13.892742	1.780034	
243	-3.423234	-2.663360	1.024059	-7.400657	17.715307	7.400657	-39.487327	13.414163	14.911468	-13.414163	-14.056369	1.696511	
244	-3.514717	-2.757741	1.006744	-8.552560	17.567351	8.552560	-38.105176	11.544273	14.887499	-11.544273	-13.850063	1.612909	
245	-3.492801	-2.788747	0.988527	-9.416997	16.962594	9.416997	-35.985479	9.573961	14.565845	-9.573961	-13.096051	1.531038	
246	-3.301721	-2.731501	0.970409	-9.841576	15.713089	9.841576	-32.991221	7.551454	13.841747	-7.551454	-11.625764	1.453152	
247	-2.883487	-2.564824	0.953731	-9.599450	13.611736	9.599450	-28.982425	5.585757	12.606393	-5.585757	-9.268767	1.381839	
248	-2.180251	-2.250932	0.939736	-8.563011	10.505416	8.563011	-23.890738	3.833995	10.745163	-3.833995	-5.861021	1.320229	
249	-1.151009	-1.745418	0.929335	-6.718723	6.323418	6.718723	-17.690697	2.433808	8.161610	-2.433808	-1.312123	1.271887	
250	0.205937	-1.034872	0.923468	-4.073081	1.081296	4.073081	-10.344705	1.411390	4.809919	-1.411390	4.363928	1.240329	
251	1.848062	-0.149916	0.923467	-0.629016	-5.123811	0.629016	-1.738213	0.613288	0.698898	-0.613288	11.105701	1.228729	
252	3.591209	0.798155	0.930609	3.313469	-11.744383	-3.313469	7.798296	-0.253149	-3.843833	0.253149	18.390890	1.239063	
253	5.269759	1.714625	0.945506	7.398091	-18.357554	-7.398091	18.062010	-1.569306	-8.497150	1.569306	25.780917	1.271420	
254	5.959927	2.101606	0.965962	9.439768	-21.439929	-9.439768	23.897099	-2.853516	-10.781185	2.853516	29.319844	1.318195	
