kww	// User ID
11-5-2021	// Evaluation date
p03_warmup_001	11-5-2021	11:59:30:393	// Source file name and timestamp
238.095	// Sampling rate
0.933	// Data capture period

1.850000	// height
100.000000	// mass


Sample #	elbVar	shldrIR	LwristLinVelo	thorJFPd	thorSTPd	UaJFPp	UaSTPp	UaJFPd	UaSTPd	FaJFPp	FaSTPp	RwristLinVelo	
0	-5.070122	-2.968757	2.638070	54.817284	-2.713357	-54.817284	58.679068	2.660527	-24.580246	-2.660527	15.017150	1.626953	
1	-4.182829	-2.507067	2.616718	46.576703	-2.110761	-46.576703	50.213918	0.474080	-21.081737	-0.474080	14.911397	1.645415	
2	-3.420076	-2.074099	2.594751	40.581283	-1.541960	-40.581283	42.552695	-0.791497	-17.813050	0.791497	14.134464	1.660591	
3	-2.195337	-1.501606	2.575049	28.218002	-0.362261	-28.218002	31.427601	-3.772393	-13.023432	3.772393	15.450104	1.673698	
4	-1.045604	-0.999234	2.561845	16.411807	0.832813	-16.411807	21.555771	-6.686508	-8.763783	6.686508	17.544831	1.687978	
5	-0.045378	-0.587631	2.556050	5.804585	1.884010	-5.804585	13.555186	-9.536158	-5.333101	9.536158	20.346397	1.705801	
6	0.735586	-0.288962	2.557736	-2.705737	2.648332	2.705737	7.906313	-12.168973	-2.916298	12.168973	23.522442	1.729114	
7	1.303514	-0.095670	2.566181	-9.014687	3.101915	9.014687	4.418872	-14.565305	-1.409299	14.565305	26.871540	1.758978	
8	1.697092	0.021006	2.580139	-13.348751	3.285238	13.348751	2.589460	-16.684508	-0.572653	16.684508	30.148182	1.795578	
9	1.964201	0.086986	2.597920	-16.210155	3.273017	16.210155	1.886709	-18.528314	-0.158942	18.528314	33.143757	1.838310	
10	2.138445	0.110681	2.617833	-18.008878	3.142424	18.008878	1.980952	-20.138612	-0.023228	20.138612	35.756025	1.886148	
11	2.253522	0.104330	2.638898	-19.017971	2.965990	19.017971	2.567914	-21.561745	-0.041574	21.561745	37.966882	1.937970	
12	2.338520	0.088268	2.660949	-19.524546	2.793487	19.524546	3.351527	-22.845009	-0.115522	22.845009	39.816980	1.992778	
13	2.404820	0.078710	2.683942	-19.819522	2.643875	19.819522	4.169120	-24.032648	-0.222200	24.032648	41.380192	2.049842	
14	2.462314	0.094822	2.707683	-20.127860	2.521545	20.127860	4.875833	-25.143593	-0.330081	25.143593	42.684136	2.108621	
15	2.527622	0.160598	2.732266	-20.575724	2.422278	20.575724	5.297243	-26.178053	-0.365047	26.178053	43.700895	2.168500	
16	2.607646	0.279095	2.757967	-21.155145	2.334272	21.155145	5.430690	-27.106507	-0.310223	27.106507	44.443423	2.228692	
17	2.690899	0.424154	2.784213	-21.794032	2.246503	21.794032	5.494248	-27.878992	-0.258473	27.878992	45.013800	2.288432	
18	2.764503	0.571811	2.809486	-22.476676	2.149952	22.476676	5.683424	-28.482980	-0.312966	28.482980	45.520508	2.347221	
19	2.834406	0.720824	2.832518	-23.214234	2.027634	23.214234	6.002178	-28.943024	-0.474305	28.943024	45.995901	2.404832	
20	2.918534	0.880566	2.852697	-23.950282	1.848725	23.950282	6.357391	-29.262285	-0.677114	29.262285	46.422555	2.461244	
21	3.025030	1.050517	2.869613	-24.516003	1.577904	24.516003	6.729283	-29.393997	-0.895324	29.393997	46.788418	2.516651	
22	3.143734	1.209116	2.883102	-24.601525	1.188901	24.601525	7.240331	-29.273045	-1.176762	29.273045	47.125999	2.571487	
23	3.255775	1.328369	2.893542	-23.878839	0.669813	23.878839	8.052993	-28.870338	-1.584963	28.870338	47.492970	2.626374	
24	3.343213	1.396289	2.901528	-22.237774	0.026910	22.237774	9.234361	-28.201314	-2.134981	28.201314	47.855732	2.681782	
25	3.397035	1.417255	2.907194	-19.802186	-0.716290	19.802186	10.753611	-27.323881	-2.795002	27.323881	48.123682	2.737648	
26	3.419478	1.400055	2.910156	-16.776047	-1.537142	16.776047	12.551996	-26.347147	-3.520557	26.347147	48.264163	2.793590	
27	3.406224	1.350110	2.910216	-13.352706	-2.415407	13.352706	14.562764	-25.338068	-4.264402	25.338068	48.153479	2.849194	
28	3.347218	1.278200	2.907559	-9.679626	-3.329998	9.679626	16.652721	-24.232037	-4.951495	24.232037	47.508538	2.903730	
29	3.253538	1.213860	2.902265	-5.876081	-4.292124	5.876081	18.605114	-22.933715	-5.477102	22.933715	46.122944	2.956018	
30	3.154748	1.189937	2.894141	-2.052925	-5.354934	2.052925	20.248553	-21.450897	-5.761714	21.450897	44.016352	3.004924	
31	3.066102	1.213088	2.883071	1.768095	-6.564994	-1.768095	21.595665	-19.851532	-5.796428	19.851532	41.322432	3.049797	
32	2.977400	1.265875	2.869420	5.648180	-7.928169	-5.648180	22.771302	-18.161902	-5.608924	18.161902	38.104898	3.090220	
33	2.879806	1.334630	2.853926	9.536830	-9.438680	-9.536830	23.853252	-16.416154	-5.208587	16.416154	34.389031	3.125692	
34	2.781083	1.418637	2.837189	13.217229	-11.103145	-13.217229	24.882106	-14.740970	-4.606427	14.740970	30.319658	3.155925	
35	2.691250	1.520736	2.819571	16.466855	-12.926489	-16.466855	25.904066	-13.285670	-3.843753	13.285670	26.122004	3.181075	
36	2.619972	1.648109	2.801266	19.164829	-14.926623	-19.164829	26.941683	-12.134054	-2.954644	12.134054	21.956120	3.201326	
37	2.580388	1.810054	2.782231	21.239791	-17.147957	-21.239791	28.031006	-11.358179	-1.958737	11.358179	17.927108	3.216646	
38	2.579077	2.002870	2.762436	22.606571	-19.622737	-22.606571	29.275798	-11.076063	-0.905459	11.076063	14.166224	3.227146	
39	2.606464	2.204761	2.742343	23.272039	-22.319256	-23.272039	30.817992	-11.376664	0.135906	11.376664	10.771517	3.233321	
40	2.636966	2.386201	2.722996	23.442367	-25.120591	-23.442367	32.737494	-12.222510	1.132989	12.222510	7.694181	3.235881	
41	2.643222	2.523888	2.705511	23.357263	-27.888373	-23.357263	34.984384	-13.484236	2.105205	13.484236	4.791025	3.235551	
42	2.610216	2.604196	2.690652	23.053382	-30.548653	-23.053382	37.439466	-15.045546	3.086071	15.045546	1.964944	3.232987	
43	2.526530	2.613080	2.678584	22.463362	-33.054916	-22.463362	39.982057	-16.784024	4.119371	16.784024	-0.874497	3.228569	
44	2.376615	2.538231	2.668654	21.670510	-35.330613	-21.670510	42.470178	-18.502625	5.302062	18.502625	-3.925180	3.221927	
45	2.160826	2.390449	2.659875	20.837001	-37.362678	-20.837001	44.791154	-20.051864	6.746935	20.051864	-7.354126	3.211813	
46	1.905360	2.204950	2.651210	19.945294	-39.277077	-19.945294	46.972577	-21.488836	8.475828	21.488836	-11.091716	3.196808	
47	1.638262	2.016838	2.641045	18.774535	-41.223081	-18.774535	49.102829	-22.981284	10.424777	22.981284	-14.944400	3.176014	
48	1.371039	1.846551	2.627701	17.081293	-43.287401	-17.081293	51.229525	-24.657337	12.543699	24.657337	-18.821753	3.148905	
49	1.107617	1.702436	2.610656	14.717438	-45.566646	-14.717438	53.475561	-26.659215	14.800316	26.659215	-22.681161	3.114940	
50	0.862536	1.592264	2.590438	11.607176	-48.203175	-11.607176	56.076740	-29.230122	17.112578	29.230122	-26.342536	3.073783	
51	0.662453	1.530472	2.567952	7.727663	-51.326036	-7.727663	59.236804	-32.652047	19.385645	32.652047	-29.559807	3.025812	
52	0.525876	1.528016	2.544124	3.139517	-54.972931	-3.139517	63.026263	-37.091267	21.588450	37.091267	-32.211940	2.971981	
53	0.455061	1.587649	2.519457	-2.030550	-59.053036	2.030550	67.360409	-42.537789	23.729183	42.537789	-34.286136	2.913301	
54	0.451502	1.714209	2.494031	-7.623880	-63.424664	7.623880	72.092723	-48.931060	25.825071	48.931060	-35.799106	2.850808	
55	0.518865	1.909843	2.467942	-13.467783	-67.963231	13.467783	77.149527	-56.217033	27.880812	56.217033	-36.776214	2.785828	
56	0.653425	2.163442	2.441091	-19.429462	-72.544258	19.429462	82.527347	-64.253338	29.824482	64.253338	-37.208226	2.720087	
57	0.848854	2.461060	2.412418	-25.468349	-77.118596	25.468349	88.303590	-72.896856	31.550538	72.896856	-37.112626	2.655739	
58	1.093539	2.788303	2.379877	-31.569101	-81.741806	31.569101	94.677271	-82.083674	33.015580	82.083674	-36.630538	2.595188	
59	1.353099	3.113628	2.341812	-37.591701	-86.410690	37.591701	101.866871	-91.606284	34.197271	91.606284	-35.932839	2.540529	
60	1.578173	3.392887	2.298286	-43.259520	-91.052431	43.259520	110.071889	-101.087441	35.054616	101.087441	-35.103106	2.493063	
61	1.733217	3.594167	2.250918	-48.317343	-95.709115	48.317343	119.575627	-110.269280	35.582615	110.269280	-34.158401	2.453346	
62	1.807456	3.706060	2.201835	-52.659461	-100.574208	52.659461	130.738897	-119.092513	35.826737	119.092513	-33.088330	2.421540	
63	1.805205	3.727611	2.152852	-56.225988	-105.822622	56.225988	143.788943	-127.508157	35.871836	127.508157	-31.882703	2.397663	
64	1.735256	3.661450	2.105138	-58.779439	-111.403692	58.779439	158.512742	-135.298373	35.834829	135.298373	-30.542441	2.381445	
65	1.616202	3.519714	2.058859	-60.050788	-117.079400	60.050788	174.283891	-142.194412	35.786499	142.194412	-29.048598	2.372109	
66	1.493917	3.337913	2.013049	-60.139044	-122.724317	60.139044	190.532657	-148.328254	35.721732	148.328254	-27.439091	2.368732	
67	1.438196	3.175384	1.966641	-59.522624	-128.443314	59.522624	206.982626	-154.406509	35.648036	154.406509	-25.952412	2.371071	
68	1.509160	3.088553	1.919680	-58.789438	-134.372138	58.789438	223.398889	-161.251232	35.598271	161.251232	-24.963437	2.379959	
69	1.732086	3.104215	1.873242	-58.503405	-140.527230	58.503405	239.398003	-169.329594	35.552916	169.329594	-24.782309	2.397003	
70	2.104249	3.221217	1.828562	-59.179393	-146.888081	59.179393	254.617856	-178.776210	35.441582	178.776210	-25.591272	2.424001	
71	2.608844	3.423768	1.786367	-61.244922	-153.464230	61.244922	268.846922	-189.525671	35.224126	189.525671	-27.493894	2.462266	
72	3.213218	3.682468	1.746638	-64.928724	-160.155397	64.928724	281.801652	-201.134827	34.910868	201.134827	-30.480043	2.511972	
73	3.866522	3.951362	1.708623	-70.030413	-166.537529	70.030413	292.822702	-212.521402	34.476228	212.521402	-34.332208	2.571752	
74	4.515682	4.185640	1.671289	-75.759450	-171.958583	75.759450	301.021575	-222.409611	33.929371	222.409611	-38.711222	2.638824	
75	5.121695	4.368247	1.633879	-80.998304	-175.976829	80.998304	305.895451	-230.255758	33.534066	230.255758	-43.330397	2.709949	
76	5.652761	4.499054	1.595924	-84.757963	-178.396652	84.757963	307.458613	-235.977685	33.641900	235.977685	-47.905728	2.782431	
77	6.081957	4.576351	1.557056	-86.609612	-179.045356	86.609612	305.947341	-239.234869	34.403774	239.234869	-52.150021	2.853911	
78	6.405273	4.615541	1.516969	-87.101269	-178.085567	87.101269	302.044658	-240.139196	35.916235	240.139196	-56.009996	2.922134	
79	6.645043	4.651022	1.475297	-87.182778	-176.110621	87.182778	296.829402	-239.838202	38.334580	239.838202	-59.716798	2.985768	
80	6.838713	4.713554	1.431571	-86.955309	-173.511199	86.955309	290.904617	-239.742039	41.746637	239.742039	-63.617961	3.045063	
81	7.029929	4.829944	1.385488	-85.732018	-170.214061	85.732018	284.111249	-240.794686	46.147210	240.794686	-68.057258	3.101844	
82	7.263778	5.033313	1.337094	-82.972775	-166.187700	82.972775	276.319751	-243.734785	51.580133	243.734785	-73.403430	3.159099	
83	7.587060	5.361429	1.286807	-78.367596	-161.769421	78.367596	267.933808	-249.686359	58.313308	249.686359	-80.161623	3.220225	
84	8.035552	5.839525	1.235198	-71.639907	-157.336700	71.639907	259.425912	-259.684660	66.688663	259.684660	-88.796099	3.288568	
85	8.622939	6.470627	1.182673	-62.834554	-153.013764	62.834554	250.883834	-273.831884	76.838025	273.831884	-99.481559	3.367248	
86	9.338783	7.234836	1.129503	-52.276793	-148.731697	52.276793	242.098224	-291.289820	88.648178	291.289820	-112.059184	3.458619	
87	10.141001	8.079490	1.075809	-40.206544	-144.299580	40.206544	232.761237	-310.444434	101.727960	310.444434	-125.951124	3.563565	
88	10.983881	8.945027	1.021308	-26.770450	-139.515994	26.770450	222.468447	-329.572047	115.630369	329.572047	-140.470919	3.681228	
89	11.858551	9.818464	0.965564	-12.274726	-134.252871	12.274726	210.464332	-347.747524	130.344732	347.747524	-155.379834	3.809689	
90	12.774904	10.734903	0.908682	2.545282	-128.561405	-2.545282	195.897127	-364.768312	146.176550	364.768312	-170.670886	3.947086	
91	13.718617	11.727895	0.851559	16.901580	-122.728288	-16.901580	178.479554	-380.572723	163.071685	380.572723	-185.899498	4.092099	
92	14.644960	12.786802	0.795382	30.816464	-116.865896	-30.816464	158.264309	-394.619411	180.329877	394.619411	-200.089725	4.243884	
93	15.487516	13.854772	0.740816	44.539001	-110.909592	-44.539001	135.601466	-405.839996	196.689451	405.839996	-211.855938	4.401943	
94	16.158510	14.862707	0.687759	57.211698	-105.188911	-57.211698	111.807749	-413.394691	210.368074	413.394691	-219.348371	4.565926	
95	16.629536	15.799716	0.635953	67.333777	-100.167102	-67.333777	88.541428	-417.513499	220.320236	417.513499	-221.751197	4.735683	
96	16.985068	16.745317	0.585651	73.778447	-95.972346	-73.778447	66.938293	-419.450950	227.159745	419.450950	-220.211304	4.911251	
97	17.276094	17.770774	0.537606	75.693630	-92.701420	-75.693630	48.549547	-419.888345	230.855245	419.888345	-215.128181	5.092519	
98	17.450854	18.863974	0.492573	72.629369	-90.482823	-72.629369	35.887237	-418.258831	229.577067	418.258831	-205.129897	5.279369	
99	17.467546	19.983318	0.451023	65.017476	-89.203254	-65.017476	31.368720	-414.034495	221.640261	414.034495	-189.223415	5.472007	
100	17.320693	21.085528	0.413240	53.966238	-88.512515	-53.966238	36.557834	-407.003198	206.119760	407.003198	-167.155589	5.670825	
101	17.000777	22.089514	0.379215	40.973951	-87.783307	-40.973951	51.669714	-396.435544	182.514329	396.435544	-138.905401	5.876095	
102	16.496437	22.880926	0.348115	27.773503	-86.094494	-27.773503	74.905346	-381.188325	151.202287	381.188325	-105.159963	6.087447	
103	15.801951	23.350881	0.318325	15.830873	-82.546853	-15.830873	102.772550	-360.344571	113.728498	360.344571	-67.654471	6.303485	
104	14.925895	23.410737	0.289015	6.092608	-76.587626	-6.092608	131.076542	-333.508774	72.797259	333.508774	-29.212253	6.522056	
105	13.905808	23.004447	0.261278	-0.717196	-68.080369	0.717196	155.537554	-301.060018	32.117351	301.060018	6.399164	6.740428	
106	12.805392	22.126459	0.236969	-3.927446	-57.233793	3.927446	172.473636	-264.235070	-4.215772	264.235070	34.999433	6.954815	
107	11.696813	20.815534	0.217212	-2.970400	-44.464540	2.970400	179.537566	-224.632353	-32.530640	224.632353	52.591235	7.159538	
108	10.650134	19.140615	0.202219	2.744844	-30.267526	-2.744844	175.964782	-183.651464	-50.227557	183.651464	55.872670	7.346290	
109	9.718749	17.191568	0.191633	13.886536	-15.201487	-13.886536	162.583017	-142.465516	-56.421744	142.465516	43.169704	7.504060	
110	8.924356	15.061986	0.184692	30.985081	0.177851	-30.985081	141.240773	-102.085364	-52.179420	102.085364	15.275513	7.620153	
111	8.267377	12.842187	0.180517	54.070416	15.393903	-54.070416	113.970024	-63.361119	-40.128395	63.361119	-24.545025	7.682173	
112	7.747896	10.641504	0.178408	82.183695	29.893185	-82.183695	83.115451	-27.292490	-24.088870	27.292490	-70.714591	7.680496	
113	7.382131	8.598920	0.177498	113.317151	42.960049	-113.317151	51.610550	4.892504	-8.572697	-4.892504	-115.918954	7.610924	
114	7.206624	6.860862	0.176200	144.413235	53.737277	-144.413235	22.938366	31.897201	2.222731	-31.897201	-152.662849	7.476898	
115	7.258598	5.564499	0.172447	170.980396	61.134403	-170.980396	1.394680	52.300093	5.412839	-52.300093	-174.817969	7.290388	
116	7.565256	4.832415	0.164993	188.169502	63.964441	-188.169502	-8.164535	64.747749	-0.184359	-64.747749	-178.755103	7.071161	
117	8.156381	4.741896	0.156581	193.079790	61.364863	-193.079790	-1.775399	68.615461	-14.295972	-68.615461	-164.157302	6.844329	
118	9.059658	5.266078	0.155604	185.989492	53.196834	-185.989492	21.794831	64.705458	-35.641399	-64.705458	-133.787715	6.635997	
119	10.275699	6.254487	0.166513	169.959301	40.214369	-169.959301	60.621406	55.344407	-62.377043	-55.344407	-92.091446	6.468060	
120	11.746703	7.465855	0.182024	149.401558	23.906960	-149.401558	110.474115	43.727132	-92.233762	-43.727132	-43.870470	6.354394	
121	13.313489	8.598229	0.192877	128.420657	6.168512	-128.420657	165.031350	33.007660	-122.072613	-33.007660	6.093919	6.299477	
122	14.698327	9.333456	0.195738	109.384651	-11.118048	-109.384651	215.922269	25.363252	-147.623765	-25.363252	53.033777	6.299263	
123	15.565833	9.417571	0.192106	92.488830	-26.590353	-92.488830	254.371073	21.207293	-164.360920	-21.207293	92.657424	6.344691	
124	15.645298	8.737423	0.184965	76.869949	-39.679742	-76.869949	274.241925	19.351729	-169.158178	-19.351729	121.689425	6.426864	
125	14.830440	7.353044	0.176806	62.313424	-50.213466	-62.313424	274.127526	18.488934	-161.259774	-18.488934	137.660158	6.539989	
126	13.186618	5.464731	0.168923	49.760954	-57.720417	-49.760954	256.435170	18.798338	-141.832139	-18.798338	138.689991	6.679164	
127	10.908640	3.337412	0.161451	40.440392	-61.444878	-40.440392	225.297904	22.058974	-113.412620	-22.058974	124.606372	6.835333	
128	8.272718	1.218540	0.154026	35.192631	-60.998384	-35.192631	185.484061	30.402670	-79.672308	-30.402670	98.059169	6.992772	
129	5.552753	-0.729622	0.146395	34.228589	-56.603980	-34.228589	140.953673	45.160607	-44.176524	-45.160607	63.477045	7.131315	
130	2.946372	-2.460694	0.138612	36.945671	-48.945140	-36.945671	93.623508	66.211643	-9.134359	-66.211643	25.283072	7.231098	
131	0.568422	-4.004813	0.130963	42.424216	-39.104146	-42.424216	44.950731	91.682737	24.154830	-91.682737	-12.647644	7.277359	
132	-1.523355	-5.378240	0.123809	50.010912	-28.312056	-50.010912	-1.930179	118.476129	54.333006	-118.476129	-47.038698	7.263646	
133	-3.314117	-6.543614	0.117569	59.003872	-17.513078	-59.003872	-43.255596	143.443971	80.030512	-143.443971	-75.670797	7.192212	
134	-4.832531	-7.451199	0.112928	68.338715	-7.147281	-68.338715	-77.316749	164.399579	100.539387	-164.399579	-97.866197	7.071733	
135	-6.121274	-8.083347	0.111035	77.162835	2.604942	-77.162835	-104.658549	180.266828	115.752305	-180.266828	-113.974927	6.914006	
136	-7.196593	-8.468213	0.113394	85.310790	11.494732	-85.310790	-126.362449	190.603428	125.660723	-190.603428	-124.472235	6.731487	
137	-8.059041	-8.672541	0.121223	93.423685	19.279036	-93.423685	-143.304227	195.481446	130.456091	-195.481446	-129.893487	6.536085	
138	-8.720847	-8.777945	0.134640	103.091522	25.912859	-103.091522	-155.998291	195.658613	130.674330	-195.658613	-130.996588	6.338330	
139	-9.206074	-8.853582	0.152564	115.379721	31.561725	-115.379721	-164.592130	192.476597	126.956138	-192.476597	-128.575844	6.146532	
140	-9.541470	-8.942914	0.173426	128.377906	36.476883	-128.377906	-169.319971	187.546606	119.886755	-187.546606	-123.317023	5.966348	
141	-9.764070	-9.069273	0.195770	137.588806	40.921096	-137.588806	-170.921075	182.557088	110.185867	-182.557088	-115.959607	5.800640	
142	-9.925312	-9.244570	0.218323	139.319636	45.146600	-139.319636	-170.499017	178.990248	98.862111	-178.990248	-107.374191	5.649221	
143	-10.063825	-9.471209	0.240245	133.370008	49.203212	-133.370008	-168.457134	177.535260	86.874224	-177.535260	-98.218959	5.509218	
144	-10.181610	-9.731903	0.261484	123.193038	52.821909	-123.193038	-163.661847	177.966597	74.730844	-177.966597	-88.670931	5.376570	
145	-10.252991	-9.980384	0.282378	113.952516	55.614346	-113.952516	-154.369119	179.652634	62.555763	-179.652634	-78.601785	5.247484	
146	-10.251552	-10.159402	0.303083	109.807632	57.355206	-109.807632	-139.909711	182.001916	50.424871	-182.001916	-67.921648	5.118835	
147	-10.153028	-10.216990	0.323601	112.407848	57.968728	-112.407848	-120.934216	184.518705	38.505278	-184.518705	-56.665320	4.988288	
148	-9.918554	-10.106303	0.344052	121.175015	57.302177	-121.175015	-98.444519	186.601454	26.936364	-186.601454	-44.907421	4.855148	
149	-9.509885	-9.799815	0.364627	134.337185	55.164143	-134.337185	-73.397599	187.512662	15.766269	-187.512662	-32.828247	4.720955	
150	-8.909279	-9.300259	0.385425	150.015665	51.459436	-150.015665	-46.841353	186.647431	5.054312	-186.647431	-20.776096	4.589026	
151	-8.124318	-8.626917	0.406547	166.876432	46.231384	-166.876432	-20.349290	183.937771	-4.836389	-183.937771	-9.325008	4.463371	
152	-7.195034	-7.804105	0.428204	183.895016	39.773669	-183.895016	3.559781	179.982723	-13.152341	-179.982723	0.760740	4.347247	
153	-6.184644	-6.861977	0.450529	199.959894	32.654783	-199.959894	22.008019	175.672525	-19.163209	-175.672525	8.830465	4.242036	
154	-5.160703	-5.831616	0.473248	213.886677	25.625568	-213.886677	32.599505	171.763280	-22.480194	-171.763280	14.535097	4.146971	
155	-4.177019	-4.744815	0.495638	224.693359	19.447183	-224.693359	34.244856	168.586412	-23.157992	-168.586412	17.837531	4.059660	
156	-3.262285	-3.641341	0.517157	232.018229	14.640394	-232.018229	27.922423	165.973803	-21.741662	-165.973803	19.024573	3.977287	
157	-2.426618	-2.562029	0.538037	236.263148	11.370391	-236.263148	16.261652	163.509696	-19.046814	-163.509696	18.597600	3.897722	
158	-1.673851	-1.539202	0.558952	238.095673	9.522436	-238.095673	2.332726	160.755032	-15.855860	-160.755032	17.108649	3.819996	
159	-1.007177	-0.604029	0.580329	237.785694	8.755586	-237.785694	-11.108021	157.277961	-12.805159	-157.277961	15.115930	3.744416	
160	-0.426286	0.201985	0.602336	235.087727	8.486791	-235.087727	-21.815273	152.698245	-10.352671	-152.698245	13.146177	3.672426	
161	0.068068	0.835062	0.625240	229.638441	8.141159	-229.638441	-28.492399	146.895466	-8.682200	-146.895466	11.520282	3.605942	
162	0.465337	1.270042	0.649416	221.415083	7.500931	-221.415083	-31.158674	140.089211	-7.695025	-140.089211	10.273865	3.546298	
163	0.758586	1.508281	0.675213	211.018198	6.627714	-211.018198	-30.670283	132.645394	-7.181597	-132.645394	9.319023	3.493691	
164	0.959896	1.572077	0.702737	199.647134	5.677477	-199.647134	-28.130370	124.989145	-6.964318	-124.989145	8.574668	3.447411	
165	1.088870	1.507000	0.731457	188.569801	4.894561	-188.569801	-24.782728	117.592463	-6.889013	-117.592463	7.935877	3.406239	
166	1.157380	1.380146	0.760689	178.476228	4.503534	-178.476228	-21.759759	110.832470	-6.805070	-110.832470	7.258808	3.368557	
167	1.177474	1.247165	0.790575	169.350590	4.578352	-169.350590	-19.653939	104.859929	-6.645565	-104.859929	6.466208	3.332543	
168	1.175879	1.129438	0.821673	160.787108	5.065267	-160.787108	-18.485786	99.546921	-6.486817	-99.546921	5.625553	3.296947	
169	1.187018	1.029672	0.854347	152.340802	5.813855	-152.340802	-17.901250	94.584406	-6.473047	-94.584406	4.875845	3.261728	
170	1.235614	0.940376	0.888845	143.730473	6.586281	-143.730473	-17.315343	89.719435	-6.712348	-89.719435	4.330467	3.227823	
171	1.325173	0.847471	0.924560	134.919025	7.189045	-134.919025	-16.276907	84.900426	-7.205597	-84.900426	4.020377	3.196525	
172	1.434901	0.751841	0.959642	126.093122	7.606643	-126.093122	-14.819708	80.233473	-7.812340	-80.233473	3.861587	3.168759	
173	1.540161	0.668252	0.992608	117.523500	7.895698	-117.523500	-13.217155	75.856926	-8.365931	-75.856926	3.739010	3.144543	
174	1.633419	0.605589	1.023616	109.386518	8.017633	-109.386518	-11.612881	71.835183	-8.800282	-71.835183	3.609299	3.123230	
175	1.714423	0.568764	1.053011	101.694299	7.895661	-101.694299	-10.106405	68.152121	-9.097315	-68.152121	3.466356	3.104030	
176	1.779350	0.562007	1.079628	94.407413	7.536661	-94.407413	-8.875691	64.786079	-9.228346	-64.786079	3.285322	3.086276	
177	1.826364	0.584815	1.102803	87.534060	6.977974	-87.534060	-8.030715	61.712841	-9.181568	-61.712841	3.041797	3.069504	
178	1.858650	0.635459	1.124830	81.095250	6.240851	-81.095250	-7.521110	58.868701	-8.973737	-58.868701	2.736881	3.053430	
179	1.880429	0.711291	1.148930	75.110163	5.449486	-75.110163	-7.280449	56.212268	-8.631802	-56.212268	2.391799	3.037953	
180	1.891546	0.804378	1.176270	69.602902	4.852431	-69.602902	-7.390453	53.798190	-8.166567	-53.798190	2.025240	3.023248	
181	1.884904	0.903969	1.206183	64.563097	4.633723	-64.563097	-8.023915	51.724805	-7.554119	-51.724805	1.633860	3.009717	
182	1.847798	1.001891	1.237644	59.932963	4.804561	-59.932963	-9.257040	50.030658	-6.745748	-50.030658	1.192020	2.997616	
183	1.770574	1.091633	1.269935	55.653305	5.268761	-55.653305	-10.950651	48.652233	-5.725115	-48.652233	0.677813	2.986717	
184	1.656289	1.167154	1.302597	51.713417	5.906812	-51.713417	-12.790897	47.463357	-4.553519	-47.463357	0.098660	2.976466	
185	1.516882	1.226923	1.334961	48.179791	6.581986	-48.179791	-14.472101	46.369271	-3.330900	-46.369271	-0.519926	2.966342	
186	1.366081	1.273034	1.366055	45.170423	7.081568	-45.170423	-15.768966	45.320396	-2.151912	-45.320396	-1.142188	2.955991	
187	1.217318	1.303882	1.395169	42.750630	7.110700	-42.750630	-16.513830	44.260633	-1.097325	-44.260633	-1.721047	2.945224	
188	1.079718	1.311951	1.421858	40.856586	6.430734	-40.856586	-16.689926	43.154105	-0.212831	-43.154105	-2.222623	2.933997	
189	0.955587	1.289302	1.445564	39.297287	5.074077	-39.297287	-16.521181	42.034218	0.505872	-42.034218	-2.646282	2.922322	
190	0.843074	1.233361	1.466395	37.845877	3.478512	-37.845877	-16.344320	40.974462	1.095849	-40.974462	-3.015186	2.910117	
191	0.739965	1.149026	1.485371	36.402621	2.388343	-36.402621	-16.322804	40.014252	1.592198	-40.014252	-3.347886	2.897095	
192	0.646950	1.046313	1.502942	35.006420	2.383000	-35.006420	-16.371673	39.127399	2.005956	-39.127399	-3.640067	2.882797	
193	0.569801	0.935929	1.518615	33.677638	3.381807	-33.677638	-16.341393	38.242823	2.327889	-38.242823	-3.866712	2.866859	
194	0.512812	0.828194	1.532139	32.352791	4.819800	-32.352791	-16.180743	37.293657	2.560330	-37.293657	-4.008296	2.849264	
195	0.471758	0.730031	1.543812	30.966015	6.179201	-30.966015	-15.973469	36.272699	2.738162	-36.272699	-4.074959	2.830244	
196	0.440897	0.637925	1.553789	29.517993	7.197702	-29.517993	-15.822371	35.210974	2.896935	-35.210974	-4.081155	2.810158	
197	0.416868	0.538587	1.562046	28.061021	7.787762	-28.061021	-15.733897	34.103810	3.063192	-34.103810	-4.034579	2.789549	
198	0.392882	0.422452	1.569114	26.676137	7.932445	-26.676137	-15.649747	32.913091	3.277692	-32.913091	-3.962314	2.768944	
199	0.359025	0.292636	1.576098	25.436402	7.673798	-25.436402	-15.552203	31.636965	3.581533	-31.636965	-3.908239	2.748549	
200	0.300178	0.153294	1.583853	24.336600	7.181865	-24.336600	-15.626737	30.356289	4.036941	-30.356289	-3.957409	2.728191	
201	0.198680	-0.005342	1.592606	23.325206	6.736940	-23.325206	-16.190102	29.174290	4.730233	-29.174290	-4.232539	2.707231	
202	0.056214	-0.196696	1.602378	22.407699	6.552571	-22.407699	-17.344257	28.129570	5.644669	-28.129570	-4.748979	2.684718	
203	-0.106078	-0.400758	1.613419	21.565822	6.720434	-21.565822	-18.994500	27.288489	6.623965	-27.288489	-5.366831	2.660068	
204	-0.271697	-0.568442	1.626124	20.716634	7.241389	-20.716634	-21.000265	26.758304	7.515239	-26.758304	-5.949912	2.633444	
205	-0.434276	-0.684411	1.640556	19.897710	7.989907	-19.897710	-23.091048	26.483616	8.274432	-26.483616	-6.470154	2.605380	
206	-0.592922	-0.775093	1.656419	19.234920	8.809791	-19.234920	-25.004381	26.289112	8.941472	-26.289112	-6.967325	2.576319	
207	-0.748933	-0.862988	1.673327	18.825436	9.629560	-18.825436	-26.654742	26.087167	9.558014	-26.087167	-7.473536	2.546453	
208	-0.903971	-0.954816	1.690436	18.744714	10.419260	-18.744714	-28.032695	25.866886	10.141005	-25.866886	-7.999117	2.515706	
209	-1.059721	-1.047778	1.706494	18.886617	11.134344	-18.886617	-29.126503	25.604869	10.689670	-25.604869	-8.546694	2.483660	
210	-1.209685	-1.134653	1.720650	18.936108	11.704077	-18.936108	-29.906542	25.244815	11.155185	-25.244815	-9.067963	2.449637	
211	-1.331840	-1.215452	1.732676	18.671982	12.020067	-18.671982	-30.254561	24.692870	11.423152	-24.692870	-9.419508	2.413167	
212	-1.394991	-1.296742	1.742885	18.096100	11.952372	-18.096100	-29.931665	23.831568	11.344986	-23.831568	-9.400548	2.374655	
213	-1.373584	-1.365370	1.751850	17.228328	11.430981	-17.228328	-28.685071	22.580091	10.793319	-22.580091	-8.848754	2.335587	
214	-1.253107	-1.379754	1.759592	15.965697	10.475272	-15.965697	-26.341973	20.897533	9.699525	-20.897533	-7.683869	2.297976	
215	-1.027307	-1.307446	1.765528	14.173519	9.127808	-14.173519	-22.813853	18.699405	8.070477	-18.699405	-5.893793	2.263812	
216	-0.701379	-1.146864	1.769474	11.709072	7.440236	-11.709072	-18.133672	15.850059	5.989640	-15.850059	-3.541234	2.234920	
217	-0.292854	-0.912707	1.772293	8.414921	5.485597	-8.414921	-12.468289	12.258437	3.582319	-12.258437	-0.754078	2.212876	
218	0.176402	-0.628894	1.775872	4.202507	3.323547	-4.202507	-6.032776	7.920061	0.963023	-7.920061	2.333197	2.199005	
219	0.649873	-0.341515	1.782592	-0.759094	1.136360	0.759094	0.552286	3.124835	-1.609696	-3.124835	5.384784	2.194244	
220	1.060366	-0.090252	1.793873	-6.403510	-0.844967	6.403510	6.593887	-1.846315	-3.846735	1.846315	7.997876	2.198339	
221	1.199559	-0.007571	1.808621	-10.254145	-1.691266	10.254145	9.346142	-4.814894	-4.699292	4.814894	8.817985	2.208054	
222	1.258296	0.031512	1.824463	-14.844686	-2.189514	14.844686	11.310472	-7.915371	-5.149181	7.915371	9.072123	2.218379	
