kww	// User ID
11-5-2021	// Evaluation date
p06_warmup_032	11-5-2021	17:57:48:085	// Source file name and timestamp
238.095	// Sampling rate
1.450	// Data capture period

1.880000	// height
95.500000	// mass


Sample #	elbVar	shldrIR	LwristLinVelo	thorJFPd	thorSTPd	UaJFPp	UaSTPp	UaJFPd	UaSTPd	FaJFPp	FaSTPp	RwristLinVelo	
0	-1.379914	-2.935034	0.634641	4.779825	1.266506	-4.779825	5.852783	5.255808	-9.519072	-5.255808	10.093134	0.515496	
1	-0.962417	-2.435200	0.631612	5.042439	1.402078	-5.042439	6.471505	4.194387	-8.636918	-4.194387	9.133651	0.518354	
2	-0.625646	-2.022796	0.627943	5.263819	1.496833	-5.263819	6.766812	3.407754	-7.834540	-3.407754	8.287512	0.519187	
3	-0.000928	-1.300384	0.623359	5.550861	1.704716	-5.550861	7.240557	2.094918	-6.463011	-2.094918	6.849449	0.516877	
4	0.623996	-0.583698	0.617904	5.793552	1.894551	-5.793552	7.562830	0.864572	-5.083676	-0.864572	5.403311	0.510050	
5	1.193102	0.061803	0.611890	5.990231	2.060094	-5.990231	7.902468	-0.269096	-3.849062	0.269096	4.089750	0.498732	
6	1.647553	0.558017	0.605880	6.166059	2.198177	-6.166059	8.396666	-1.233407	-2.932642	1.233407	3.083870	0.484078	
7	1.983585	0.891983	0.600488	6.346192	2.309897	-6.346192	9.050025	-1.995488	-2.367546	1.995488	2.430348	0.467947	
8	2.220776	1.101385	0.596205	6.505228	2.375764	-6.505228	9.654234	-2.532707	-2.067622	2.532707	2.060174	0.451988	
9	2.382951	1.231466	0.593242	6.612012	2.386206	-6.612012	10.047104	-2.853053	-1.935752	2.853053	1.892240	0.437243	
10	2.484808	1.302973	0.591555	6.670302	2.356018	-6.670302	10.251062	-3.001566	-1.914987	3.001566	1.876735	0.424370	
11	2.544175	1.337200	0.591009	6.696281	2.304761	-6.696281	10.330284	-3.055902	-1.931728	3.055902	1.933584	0.413647	
12	2.577597	1.354853	0.591431	6.700306	2.245876	-6.700306	10.315106	-3.076236	-1.928353	3.076236	1.993123	0.404862	
13	2.589219	1.361676	0.592654	6.687732	2.187833	-6.687732	10.230707	-3.085229	-1.895414	3.085229	2.036614	0.397593	
14	2.585267	1.365869	0.594589	6.661612	2.132839	-6.661612	10.098899	-3.105271	-1.824319	3.105271	2.046874	0.391486	
15	2.578159	1.380996	0.597125	6.626506	2.075680	-6.626506	9.937611	-3.158005	-1.707392	3.158005	2.008337	0.386344	
16	2.573711	1.406775	0.600025	6.594125	2.009870	-6.594125	9.777183	-3.235860	-1.567614	3.235860	1.941542	0.382168	
17	2.575145	1.435254	0.602997	6.576347	1.935680	-6.576347	9.657568	-3.322581	-1.429334	3.322581	1.872781	0.379122	
18	2.590310	1.470093	0.605852	6.569522	1.858240	-6.569522	9.582475	-3.426596	-1.287039	3.426596	1.798339	0.377404	
19	2.624218	1.520238	0.608593	6.563818	1.782925	-6.563818	9.496720	-3.563630	-1.131010	3.563630	1.712262	0.377267	
20	2.672263	1.585425	0.611342	6.556663	1.715423	-6.556663	9.363033	-3.729547	-0.967417	3.729547	1.627782	0.379116	
21	2.726788	1.663233	0.614220	6.538666	1.657885	-6.538666	9.205707	-3.923618	-0.790994	3.923618	1.540643	0.383397	
22	2.783258	1.753585	0.617342	6.497617	1.606325	-6.497617	9.068562	-4.167189	-0.583828	4.167189	1.424555	0.390358	
23	2.836174	1.847191	0.620873	6.436243	1.554715	-6.436243	8.997386	-4.457903	-0.356822	4.457903	1.282813	0.399954	
24	2.881037	1.932385	0.625007	6.364060	1.497537	-6.364060	9.005141	-4.756797	-0.137673	4.756797	1.139784	0.411952	
25	2.917947	2.007556	0.629890	6.285567	1.433039	-6.285567	9.069149	-5.035319	0.060366	5.035319	1.005045	0.426099	
26	2.943689	2.067684	0.635635	6.209225	1.366555	-6.209225	9.184775	-5.270352	0.214269	5.270352	0.898639	0.442212	
27	2.952752	2.102224	0.642410	6.145581	1.306452	-6.145581	9.323033	-5.433060	0.299369	5.433060	0.845176	0.460075	
28	2.949242	2.115293	0.650431	6.093655	1.257714	-6.093655	9.410097	-5.531939	0.333910	5.531939	0.827934	0.479337	
29	2.945430	2.125519	0.659889	6.053136	1.221139	-6.053136	9.427511	-5.618026	0.363266	5.618026	0.804589	0.499646	
30	2.947908	2.143716	0.670991	6.029492	1.195849	-6.029492	9.420385	-5.725812	0.408927	5.725812	0.759019	0.520845	
31	2.951573	2.161955	0.684042	6.025551	1.181474	-6.025551	9.411862	-5.834969	0.457466	5.834969	0.711407	0.542934	
32	2.949239	2.169814	0.699259	6.042378	1.178543	-6.042378	9.395473	-5.905655	0.491334	5.905655	0.684142	0.565892	
33	2.944566	2.174357	0.716415	6.075368	1.187804	-6.075368	9.376777	-5.939138	0.510855	5.939138	0.676208	0.589657	
34	2.948005	2.189641	0.734932	6.119251	1.209601	-6.119251	9.383183	-5.974700	0.523178	5.974700	0.675410	0.614256	
35	2.959920	2.214101	0.754324	6.183166	1.241335	-6.183166	9.437354	-6.034061	0.528836	6.034061	0.676301	0.639825	
36	2.974917	2.241350	0.774426	6.277838	1.277325	-6.277838	9.547155	-6.123666	0.528714	6.123666	0.677105	0.666572	
37	3.001557	2.282128	0.795360	6.385982	1.313364	-6.385982	9.749512	-6.284592	0.522197	6.284592	0.685265	0.694925	
38	3.046591	2.340029	0.817467	6.472071	1.346786	-6.472071	10.073842	-6.528473	0.488112	6.528473	0.734569	0.725645	
39	3.085224	2.382862	0.841214	6.528200	1.372350	-6.528200	10.423865	-6.735278	0.401110	6.735278	0.854350	0.759193	
40	3.089492	2.379264	0.866910	6.582398	1.385248	-6.582398	10.670413	-6.780243	0.269449	6.780243	1.028146	0.795021	
41	3.066661	2.336252	0.894500	6.663549	1.387183	-6.663549	10.817016	-6.689402	0.126534	6.689402	1.221198	0.831913	
42	3.036350	2.282592	0.923575	6.784531	1.384062	-6.784531	10.911532	-6.542281	0.002619	6.542281	1.405994	0.868722	
43	3.003571	2.243226	0.953578	6.953355	1.379460	-6.953355	10.943419	-6.367258	-0.089018	6.367258	1.554735	0.904701	
44	2.962172	2.222417	0.984088	7.180952	1.371940	-7.180952	10.886510	-6.162486	-0.156614	6.162486	1.649540	0.939566	
45	2.904043	2.202065	1.014767	7.464972	1.355634	-7.464972	10.775810	-5.931808	-0.216190	5.931808	1.688958	0.973266	
46	2.832542	2.164729	1.045118	7.770924	1.325882	-7.770924	10.721628	-5.717620	-0.275582	5.717620	1.685929	1.005675	
47	2.763173	2.115380	1.074584	8.045671	1.288750	-8.045671	10.758619	-5.570690	-0.333580	5.570690	1.662186	1.036674	
48	2.710463	2.076355	1.102835	8.251318	1.262304	-8.251318	10.797276	-5.494691	-0.390141	5.494691	1.636977	1.066531	
49	2.685450	2.062869	1.129813	8.389624	1.266349	-8.389624	10.787705	-5.467297	-0.451036	5.467297	1.627304	1.095964	
50	2.694776	2.071713	1.155707	8.500858	1.308375	-8.500858	10.747531	-5.471157	-0.517418	5.471157	1.643047	1.125748	
51	2.735539	2.094808	1.180923	8.630429	1.378126	-8.630429	10.705965	-5.495160	-0.584791	5.495160	1.680463	1.156406	
52	2.795610	2.129311	1.205904	8.799495	1.458965	-8.799495	10.725406	-5.538401	-0.655556	5.538401	1.730663	1.188257	
53	2.862036	2.173930	1.231125	9.014992	1.540709	-9.014992	10.873684	-5.614539	-0.740533	5.614539	1.790597	1.221486	
54	2.931935	2.230724	1.257264	9.281260	1.620741	-9.281260	11.182108	-5.753326	-0.853593	5.753326	1.870267	1.256115	
55	3.005077	2.298364	1.285073	9.601277	1.701438	-9.601277	11.615711	-5.956013	-1.001591	5.956013	1.982255	1.292056	
56	3.068990	2.353015	1.315188	9.989175	1.790549	-9.989175	12.009299	-6.133884	-1.158131	6.133884	2.111479	1.329112	
57	3.109715	2.363014	1.347773	10.459764	1.897912	-10.459764	12.147445	-6.163073	-1.263945	6.163073	2.217315	1.366859	
58	3.126577	2.320792	1.381985	10.999996	2.022605	-10.999996	11.968813	-5.996033	-1.275687	5.996033	2.275239	1.404642	
59	3.120667	2.235835	1.416330	11.575834	2.148578	-11.575834	11.574177	-5.659115	-1.190156	5.659115	2.286307	1.441641	
60	3.086981	2.121302	1.449610	12.140436	2.250932	-12.140436	11.116765	-5.194150	-1.029176	5.194150	2.256769	1.476959	
61	3.029432	2.005032	1.481255	12.627226	2.297345	-12.627226	10.780429	-4.657415	-0.837540	4.657415	2.199926	1.510042	
62	2.966362	1.920715	1.510915	12.991226	2.267505	-12.991226	10.715592	-4.118661	-0.673655	4.118661	2.138176	1.541189	
63	2.912360	1.876704	1.538142	13.265884	2.182965	-13.265884	10.931317	-3.611597	-0.575699	3.611597	2.082286	1.571294	
64	2.865618	1.853981	1.562899	13.515411	2.093479	-13.515411	11.253715	-3.118506	-0.549196	3.118506	2.023868	1.601023	
65	2.817452	1.832326	1.586004	13.754897	2.034521	-13.754897	11.421736	-2.625905	-0.583466	2.625905	1.954343	1.630555	
66	2.763481	1.803088	1.608544	13.991580	2.010433	-13.991580	11.321401	-2.151812	-0.661727	2.151812	1.872713	1.659877	
67	2.704862	1.765459	1.631199	14.242314	2.006995	-14.242314	11.046455	-1.712007	-0.761919	1.712007	1.775641	1.688884	
68	2.647709	1.723455	1.654365	14.500317	2.012569	-14.500317	10.719421	-1.311704	-0.867861	1.311704	1.661004	1.717394	
69	2.599861	1.682965	1.678554	14.782442	2.032942	-14.782442	10.389770	-0.963282	-0.979288	0.963282	1.538348	1.745284	
70	2.564209	1.645012	1.704169	15.156510	2.092481	-15.156510	10.006172	-0.664772	-1.098730	0.664772	1.419620	1.772554	
71	2.535984	1.600259	1.730655	15.690221	2.220910	-15.690221	9.395043	-0.375344	-1.203062	0.375344	1.295014	1.799273	
72	2.506738	1.535806	1.756269	16.387420	2.425274	-16.387420	8.410450	-0.028415	-1.236890	0.028415	1.125576	1.825573	
73	2.471517	1.448349	1.778965	17.197295	2.683104	-17.197295	7.103322	0.446181	-1.149340	-0.446181	0.870736	1.851609	
74	2.430290	1.340292	1.797388	18.076143	2.973507	-18.076143	5.592646	1.105708	-0.918186	-1.105708	0.508936	1.877313	
75	2.381318	1.210588	1.811296	18.914987	3.272102	-18.914987	3.906019	1.978710	-0.534906	-1.978710	0.030737	1.902194	
76	2.319295	1.060861	1.821366	19.538839	3.526010	-19.538839	2.083127	3.053741	-0.008938	-3.053741	-0.557638	1.925489	
77	2.243272	0.899033	1.828442	19.956967	3.692693	-19.956967	0.261751	4.290952	0.617539	-4.290952	-1.227199	1.946433	
78	2.162252	0.735183	1.833020	20.412827	3.775022	-20.412827	-1.376185	5.637097	1.286699	-5.637097	-1.940144	1.964323	
79	2.088098	0.580350	1.835273	21.139327	3.820984	-21.139327	-2.760315	7.034124	1.952405	-7.034124	-2.664583	1.978588	
80	2.023670	0.442126	1.835024	22.182377	3.922894	-22.182377	-4.083585	8.439117	2.591675	-8.439117	-3.369434	1.989051	
81	1.956501	0.310664	1.831689	23.465031	4.170910	-23.465031	-5.657539	9.841896	3.213635	-9.841896	-4.027921	1.995946	
82	1.860099	0.155029	1.824616	24.883094	4.607899	-24.883094	-7.727088	11.267735	3.859832	-11.267735	-4.638457	1.999437	
83	1.711986	-0.044702	1.813580	26.225165	5.218507	-26.225165	-10.408830	12.710611	4.557663	-12.710611	-5.208487	1.999366	
84	1.511443	-0.274508	1.799069	27.178430	5.907121	-27.178430	-13.561207	14.063764	5.289600	-14.063764	-5.737125	1.995732	
85	1.266825	-0.517846	1.782128	27.503845	6.532364	-27.503845	-16.893632	15.199227	6.054476	-15.199227	-6.263170	1.989081	
86	0.975819	-0.780023	1.763715	27.111182	6.970690	-27.111182	-20.194451	16.053224	6.912475	-16.053224	-6.889713	1.980174	
87	0.623541	-1.073580	1.744137	26.071570	7.121784	-26.071570	-23.261194	16.591869	7.946471	-16.591869	-7.742020	1.969763	
88	0.184216	-1.421019	1.722976	24.649603	6.920831	-24.649603	-25.892009	16.795434	9.243722	-16.795434	-8.953862	1.958636	
89	-0.375002	-1.872982	1.699378	23.165843	6.353119	-23.165843	-28.124320	16.679687	10.927618	-16.679687	-10.688236	1.947184	
90	-1.073333	-2.480292	1.672357	21.801682	5.417249	-21.801682	-30.146393	16.220269	13.113385	-16.220269	-13.066353	1.934998	
91	-1.897309	-3.246118	1.640882	20.593862	4.099556	-20.593862	-31.908229	15.263915	15.789869	-15.263915	-16.033160	1.921472	
92	-2.812589	-4.147826	1.604115	19.518576	2.414286	-19.518576	-33.253989	13.664763	18.897335	-13.664763	-19.436082	1.906622	
93	-3.776276	-5.181405	1.561943	18.552959	0.456442	-18.552959	-34.250029	11.440323	22.466647	-11.440323	-23.175160	1.890587	
94	-4.726909	-6.333916	1.515126	17.710836	-1.612000	-17.710836	-34.919754	8.678384	26.412546	-8.678384	-27.036425	1.872718	
95	-5.579341	-7.537561	1.464846	17.088367	-3.609134	-17.088367	-34.901032	5.498056	30.297118	-5.498056	-30.510408	1.852011	
96	-6.225203	-8.663527	1.412050	16.929012	-5.322915	-16.929012	-33.593525	2.224608	33.438584	-2.224608	-32.926417	1.827889	
97	-6.536870	-9.544423	1.356960	17.552232	-6.476182	-17.552232	-30.633960	-0.540165	35.180125	0.540165	-33.707134	1.800188	
98	-6.401163	-10.021025	1.299217	19.090005	-6.799040	-19.090005	-26.246435	-2.177785	35.167322	2.177785	-32.629370	1.769024	
99	-5.784043	-9.997181	1.239185	21.275817	-6.192296	-21.275817	-21.139764	-2.450989	33.528742	2.450989	-29.990184	1.735273	
100	-4.769022	-9.466001	1.179495	23.546758	-4.793119	-23.546758	-16.159862	-1.586911	30.758636	1.586911	-26.449934	1.701447	
101	-3.524115	-8.501157	1.125071	25.383606	-2.891302	-25.383606	-12.018784	0.005186	27.442204	-0.005186	-22.724817	1.671552	
102	-2.236332	-7.242419	1.081686	26.606245	-0.815058	-26.606245	-9.134199	1.957596	24.124085	-1.957596	-19.409712	1.649285	
103	-1.054221	-5.854055	1.054253	27.406559	1.130399	-27.406559	-7.443650	3.938330	21.222663	-3.938330	-16.836412	1.636180	
104	-0.060325	-4.464498	1.045490	28.090623	2.693370	-28.090623	-6.412720	5.616785	18.900323	-5.616785	-14.987519	1.631392	
105	0.711210	-3.157098	1.055412	28.796680	3.714479	-28.796680	-5.390205	6.720606	17.032104	-6.720606	-13.594440	1.633018	
106	1.259122	-1.981951	1.081710	29.449278	4.128595	-29.449278	-3.883533	7.043135	15.368784	-7.043135	-12.366144	1.639639	
107	1.616952	-0.949278	1.120557	29.905418	3.958032	-29.905418	-1.694296	6.476579	13.723458	-6.476579	-11.130184	1.650992	
108	1.832682	-0.047647	1.167571	30.098001	3.320529	-30.098001	1.031616	5.152869	12.004628	-5.152869	-9.806164	1.667742	
109	1.946720	0.728366	1.218754	30.018360	2.373136	-30.018360	4.024475	3.401322	10.191568	-3.401322	-8.373072	1.691009	
110	1.990857	1.368296	1.270960	29.725771	1.295856	-29.725771	6.952011	1.654886	8.314645	-1.654886	-6.864229	1.721943	
111	1.987220	1.836534	1.321875	29.432341	0.306923	-29.432341	9.312892	0.352281	6.489732	-0.352281	-5.402199	1.761149	
112	1.953448	2.104396	1.369926	29.294379	-0.470087	-29.294379	10.712258	-0.383783	4.958440	0.383783	-4.242887	1.808048	
113	1.908339	2.193886	1.414256	29.253421	-1.065563	-29.253421	11.123476	-0.791846	3.952954	0.791846	-3.649439	1.860883	
114	1.864867	2.158175	1.454632	29.254330	-1.508152	-29.254330	10.728218	-1.120151	3.544672	1.120151	-3.724294	1.917382	
115	1.829880	2.048446	1.491411	29.308633	-1.774963	-29.308633	9.742797	-1.481715	3.654401	1.481715	-4.389081	1.975344	
116	1.803276	1.895431	1.525583	29.316225	-1.880649	-29.316225	8.392381	-1.977679	4.141783	1.977679	-5.473077	2.033033	
117	1.778230	1.708095	1.558613	29.005316	-1.898531	-29.005316	6.818780	-2.715024	4.891607	2.715024	-6.820339	2.089482	
118	1.757987	1.502317	1.592092	28.132676	-1.910903	-28.132676	5.029456	-3.661724	5.844560	3.661724	-8.344719	2.144338	
119	1.752635	1.297831	1.627432	26.723767	-1.920947	-26.723767	3.042855	-4.672214	7.014451	4.672214	-10.065559	2.197278	
120	1.760711	1.094295	1.665768	24.929699	-1.843509	-24.929699	0.920536	-5.664086	8.452342	5.664086	-12.049313	2.247683	
121	1.782150	0.891152	1.707994	22.763219	-1.635528	-22.763219	-1.380419	-6.614470	10.144566	6.614470	-14.280405	2.294919	
122	1.825367	0.701584	1.754734	20.179255	-1.344364	-20.179255	-3.929181	-7.498047	12.010108	7.498047	-16.665101	2.338646	
123	1.888792	0.536009	1.806124	17.227645	-1.020647	-17.227645	-6.653976	-8.303478	13.949320	8.303478	-19.080440	2.378677	
124	1.963088	0.400832	1.861618	14.026046	-0.683498	-14.026046	-9.399087	-9.016610	15.851434	9.016610	-21.388100	2.414847	
125	2.042609	0.299803	1.920065	10.723118	-0.337765	-10.723118	-12.050340	-9.620912	17.643480	9.620912	-23.509219	2.447076	
126	2.120328	0.227958	1.980079	7.494878	0.017230	-7.494878	-14.542409	-10.137876	19.320737	10.137876	-25.456838	2.475267	
127	2.181028	0.185126	2.040458	4.501370	0.326252	-4.501370	-16.590461	-10.667795	20.792683	10.667795	-27.140049	2.499334	
128	2.200706	0.181681	2.100359	1.878029	0.440374	-1.878029	-17.521881	-11.376789	21.740906	11.376789	-28.192992	2.519918	
129	2.154833	0.211575	2.159192	-0.107076	0.246265	0.107076	-16.753192	-12.341577	21.871016	12.341577	-28.288378	2.538937	
130	2.036083	0.247866	2.216503	-1.097351	-0.228865	1.097351	-14.243126	-13.524642	21.234190	13.524642	-27.528851	2.558906	
131	1.855194	0.259703	2.272177	-1.075350	-0.879258	1.075350	-10.394478	-14.941188	20.164713	14.941188	-26.348686	2.581891	
132	1.618228	0.205916	2.326599	-0.287182	-1.534471	0.287182	-5.772674	-16.605804	19.042468	16.605804	-25.204652	2.609134	
133	1.327118	0.053332	2.380244	1.214550	-1.995190	-1.214550	-0.809542	-18.418001	18.094301	18.418001	-24.345145	2.641198	
134	1.005078	-0.176749	2.433373	3.324963	-2.226987	-3.324963	4.282655	-20.265583	17.283768	20.265583	-23.692995	2.678283	
135	0.691903	-0.423260	2.486181	5.597131	-2.397347	-5.597131	9.387945	-22.111225	16.439758	22.111225	-23.006590	2.720436	
136	0.420756	-0.651162	2.538748	7.659117	-2.664835	-7.659117	14.440958	-24.068239	15.661475	24.068239	-22.414963	2.767494	
137	0.220746	-0.858222	2.591050	9.471000	-3.054940	-9.471000	19.390007	-26.361137	15.355925	26.361137	-22.528273	2.818811	
138	0.123141	-1.027773	2.643190	11.033847	-3.503284	-11.033847	23.997416	-28.990913	15.733874	28.990913	-23.777932	2.872931	
139	0.150189	-1.129174	2.695335	12.210589	-3.924779	-12.210589	27.798665	-31.728121	16.769074	31.728121	-26.305487	2.927502	
140	0.302636	-1.150955	2.747568	12.882152	-4.277336	-12.882152	30.499975	-34.456034	18.459896	34.456034	-30.274536	2.979440	
141	0.542273	-1.126221	2.800050	12.977061	-4.512927	-12.977061	32.032872	-37.094054	20.697267	37.094054	-35.574477	3.025290	
142	0.793764	-1.134967	2.853092	12.371303	-4.501038	-12.371303	32.213444	-39.379521	23.194393	39.379521	-41.627426	3.061821	
143	0.997708	-1.232771	2.906997	11.016162	-4.173707	-11.016162	31.016164	-41.066712	25.611322	41.066712	-47.663574	3.086699	
144	1.144641	-1.394911	2.961939	9.084863	-3.648553	-9.084863	28.983776	-42.159470	27.620766	42.159470	-52.953457	3.099005	
145	1.239821	-1.569227	3.017901	6.946899	-3.102240	-6.946899	26.982911	-42.811475	28.972677	42.811475	-56.908240	3.099444	
146	1.274332	-1.733539	3.074672	5.019751	-2.637216	-5.019751	25.695721	-43.141116	29.565328	43.141116	-59.188038	3.090209	
147	1.241917	-1.887315	3.132008	3.492812	-2.278143	-3.492812	25.337499	-43.197256	29.444612	43.197256	-59.786035	3.074493	
148	1.151961	-2.022501	3.189700	2.360990	-2.042499	-2.360990	25.918491	-43.012815	28.658384	43.012815	-58.803488	3.055974	
149	1.027399	-2.109502	3.247412	1.712311	-1.988812	-1.712311	27.573283	-42.659950	27.202932	42.659950	-56.313567	3.038451	
150	0.903532	-2.113206	3.304499	1.628854	-2.162462	-1.628854	30.320946	-42.274994	25.216312	42.274994	-52.689704	3.025252	
151	0.815241	-2.023464	3.360120	2.163566	-2.546829	-2.163566	33.919309	-42.007048	23.021632	42.007048	-48.651722	3.018472	
152	0.782046	-1.857925	3.413723	3.558832	-3.090158	-3.558832	38.117465	-41.955836	20.939067	41.955836	-44.887148	3.018652	
153	0.807229	-1.650742	3.465287	5.778543	-3.694775	-5.778543	42.504722	-42.129415	19.214835	42.129415	-41.924768	3.025065	
154	0.883824	-1.447927	3.514774	8.242664	-4.237656	-8.242664	46.409432	-42.453433	18.046726	42.453433	-40.201682	3.036142	
155	1.007445	-1.272400	3.561494	10.550227	-4.690956	-10.550227	49.526172	-42.923553	17.512137	42.923553	-39.923795	3.049776	
156	1.179315	-1.110752	3.604130	12.447448	-5.091367	-12.447448	51.923885	-43.602203	17.525496	43.602203	-40.951105	3.063507	
157	1.384226	-0.963882	3.641162	13.523044	-5.424779	-13.523044	53.446034	-44.396529	17.917639	44.396529	-42.927024	3.074799	
158	1.586413	-0.850025	3.671333	13.815435	-5.691687	-13.815435	54.077587	-45.136465	18.462967	45.136465	-45.323092	3.081726	
159	1.760081	-0.764078	3.693669	13.752857	-5.953242	-13.752857	54.339294	-45.815771	18.904067	45.815771	-47.496246	3.083442	
160	1.904460	-0.677082	3.707252	13.610789	-6.273622	-13.610789	54.825409	-46.552404	19.066285	46.552404	-48.961560	3.079970	
161	2.029424	-0.553593	3.711393	13.493192	-6.690067	-13.493192	55.825363	-47.444337	18.904581	47.444337	-49.519646	3.072182	
162	2.142588	-0.384675	3.706037	13.281683	-7.165105	-13.281683	57.152373	-48.498168	18.511772	48.498168	-49.322392	3.061661	
163	2.249044	-0.197953	3.692011	12.778458	-7.598378	-12.778458	58.332976	-49.681216	18.085908	49.681216	-48.860639	3.049804	
164	2.350236	-0.013428	3.670993	11.950767	-7.932022	-11.950767	59.160103	-51.038246	17.757402	51.038246	-48.515072	3.037350	
165	2.432749	0.157266	3.645111	10.772396	-8.195190	-10.772396	59.738479	-52.611928	17.491656	52.611928	-48.247668	3.024755	
166	2.469629	0.279246	3.616443	9.159800	-8.463197	-9.159800	60.171632	-54.309156	17.193514	54.309156	-47.871575	3.012415	
167	2.452799	0.329695	3.586704	7.173836	-8.787754	-7.173836	60.500789	-56.050143	16.848082	56.050143	-47.381512	3.000626	
168	2.405766	0.331968	3.557144	5.162296	-9.181837	-5.162296	60.835089	-57.926878	16.540915	57.926878	-46.954934	2.989748	
169	2.352644	0.324744	3.528591	3.433155	-9.661224	-3.433155	61.452795	-60.093009	16.348171	60.093009	-46.710268	2.980500	
170	2.305873	0.329173	3.501483	1.653577	-10.213692	-1.653577	62.583831	-62.670904	16.286703	62.670904	-46.626708	2.973967	
171	2.281937	0.341879	3.475768	-0.823501	-10.751875	0.823501	64.032303	-65.739805	16.387888	65.739805	-46.738162	2.970862	
172	2.301660	0.349066	3.450832	-4.241082	-11.158446	4.241082	65.311888	-69.286175	16.724384	69.286175	-47.181853	2.970750	
173	2.375145	0.346902	3.425737	-8.438262	-11.372163	8.438262	66.219868	-73.232442	17.345411	73.232442	-48.006363	2.972241	
174	2.493673	0.342324	3.399781	-12.971350	-11.436652	12.971350	67.015625	-77.493352	18.231870	77.493352	-49.067051	2.973786	
175	2.639694	0.335603	3.373011	-17.466342	-11.447525	17.466342	67.941286	-81.927030	19.343249	81.927030	-50.171760	2.974167	
176	2.800784	0.311344	3.346396	-22.270252	-11.439126	22.270252	68.835764	-86.292124	20.672059	86.292124	-51.206910	2.972215	
177	2.965633	0.253837	3.321633	-28.090505	-11.358785	28.090505	69.419574	-90.311127	22.202523	90.311127	-52.024314	2.966561	
178	3.121053	0.159265	3.300462	-34.833589	-11.139684	34.833589	69.601675	-93.749441	23.889731	93.749441	-52.430069	2.956263	
179	3.257146	0.041311	3.284024	-41.559038	-10.788454	41.559038	69.518513	-96.482567	25.663077	96.482567	-52.232837	2.941409	
180	3.361662	-0.065916	3.272896	-47.836137	-10.409814	47.836137	69.573089	-98.560010	27.370776	98.560010	-51.169245	2.923096	
181	3.436326	-0.136784	3.267351	-54.416001	-10.065281	54.416001	69.835304	-100.070352	28.923336	100.070352	-49.207249	2.902869	
182	3.519928	-0.176651	3.267109	-62.008196	-9.686323	62.008196	69.524493	-100.926899	30.502137	100.926899	-46.778644	2.881537	
183	3.658743	-0.198454	3.270800	-70.359333	-9.192469	70.359333	67.775324	-100.998851	32.388165	100.998851	-44.304622	2.858756	
184	3.873149	-0.200767	3.275940	-79.032679	-8.553352	79.032679	64.332617	-100.362340	34.717479	100.362340	-41.841324	2.833853	
185	4.157330	-0.168681	3.279775	-87.877014	-7.781374	87.877014	59.478984	-99.289755	37.459297	99.289755	-39.195843	2.806476	
186	4.479877	-0.084101	3.280116	-96.639319	-6.957921	96.639319	53.962249	-98.131367	40.417505	98.131367	-36.077862	2.777038	
187	4.794312	0.062082	3.275242	-105.128120	-6.188779	105.128120	48.703211	-97.233462	43.257570	97.233462	-32.248208	2.747123	
188	5.065370	0.269294	3.263399	-113.821667	-5.514282	113.821667	44.225871	-96.859984	45.647895	96.859984	-27.678066	2.719312	
189	5.291768	0.523844	3.243516	-123.966391	-4.889181	123.966391	40.229702	-96.996328	47.479609	96.996328	-22.608427	2.696340	
190	5.497853	0.801267	3.217362	-136.588017	-4.258709	136.588017	35.943472	-97.322850	48.865207	97.322850	-17.351075	2.679947	
191	5.695041	1.083921	3.190518	-151.397823	-3.629705	151.397823	31.043540	-97.583945	49.829188	97.583945	-12.064259	2.670739	
192	5.877032	1.353049	3.169855	-167.305967	-3.036283	167.305967	25.528463	-97.620446	50.268626	97.620446	-6.826369	2.668907	
193	6.037013	1.582204	3.160369	-183.521405	-2.518211	183.521405	19.282647	-97.168975	50.126516	97.168975	-1.707363	2.674317	
194	6.162488	1.752423	3.164848	-199.519648	-2.128974	199.519648	12.418097	-95.979877	49.357477	95.979877	3.276132	2.686522	
195	6.241608	1.846691	3.183900	-214.594718	-1.907276	214.594718	5.196159	-93.831806	47.937650	93.831806	8.150500	2.704962	
196	6.274566	1.850732	3.215674	-228.069615	-1.879460	228.069615	-2.254453	-90.600631	45.922333	90.600631	12.953939	2.728845	
197	6.266048	1.764891	3.256793	-239.513486	-2.088572	239.513486	-9.795007	-86.380102	43.396819	86.380102	17.728066	2.757260	
198	6.215984	1.589487	3.303739	-248.351429	-2.603648	248.351429	-17.178319	-81.310670	40.432389	81.310670	22.541287	2.789417	
199	6.114332	1.316577	3.354514	-253.803536	-3.503341	253.803536	-24.034320	-75.573428	37.062080	75.573428	27.469209	2.824717	
200	5.945898	0.947278	3.409147	-255.211251	-4.835033	255.211251	-29.950040	-69.495138	33.304059	69.495138	32.508118	2.862844	
201	5.708089	0.498059	3.468316	-251.989608	-6.586236	251.989608	-34.685630	-63.370519	29.243001	63.370519	37.582236	2.903749	
202	5.414757	-0.012912	3.532066	-243.566646	-8.715763	243.566646	-38.202822	-57.259211	25.019689	57.259211	42.663603	2.947475	
203	5.080470	-0.576274	3.599582	-229.419776	-11.189237	229.419776	-40.426285	-51.008328	20.728084	51.008328	47.825345	2.994066	
204	4.712421	-1.191118	3.669856	-209.097275	-13.983745	209.097275	-41.111794	-44.407461	16.370609	44.407461	53.210588	3.043604	
205	4.312698	-1.854377	3.742360	-182.725582	-17.094701	182.725582	-39.968485	-37.381385	11.881424	37.381385	58.924236	3.096403	
206	3.883584	-2.551950	3.816959	-151.414528	-20.510497	151.414528	-36.796664	-30.058246	7.170189	30.058246	64.975209	3.153272	
207	3.432406	-3.267436	3.893801	-116.763761	-24.169421	116.763761	-31.427450	-22.617487	2.128370	22.617487	71.428004	3.215677	
208	2.968577	-3.985035	3.973331	-80.381606	-27.943837	80.381606	-23.644902	-15.180226	-3.388006	15.180226	78.401569	3.285706	
209	2.499147	-4.687820	4.056007	-43.732962	-31.680525	43.732962	-13.246114	-7.816932	-9.552491	7.816932	85.959542	3.365721	
210	2.027722	-5.367264	4.142219	-7.745031	-35.294033	7.745031	-0.035279	-0.581156	-16.585797	0.581156	94.214530	3.457903	
211	1.549504	-6.015331	4.232446	27.253143	-38.782930	-27.253143	16.166886	6.403679	-24.721445	-6.403679	103.177202	3.563947	
212	1.047376	-6.606872	4.327187	60.990906	-42.168380	-60.990906	35.316356	12.857066	-34.029596	-12.857066	112.282100	3.684592	
213	0.507391	-7.111310	4.426579	93.074112	-45.510651	-93.074112	57.044198	18.403266	-44.296985	-18.403266	120.557564	3.819217	
214	-0.060509	-7.518429	4.529794	123.389030	-48.983965	-123.389030	80.902192	22.827001	-55.200129	-22.827001	127.550319	3.966012	
215	-0.633442	-7.833542	4.635042	152.051224	-52.847059	-152.051224	106.449268	26.088140	-66.416793	-26.088140	133.318261	4.122545	
216	-1.198397	-8.052109	4.740439	178.796846	-57.264389	-178.796846	132.859632	28.064578	-77.361450	-28.064578	137.402275	4.286036	
217	-1.750578	-8.165931	4.844563	203.073077	-62.152087	-203.073077	158.898619	28.688822	-87.255667	-28.688822	139.042974	4.453204	
218	-2.285063	-8.183759	4.946297	224.502725	-67.243613	-224.502725	183.401744	28.259476	-95.593457	-28.259476	138.121003	4.620191	
219	-2.794034	-8.111631	5.044990	242.368824	-72.253387	-242.368824	205.165240	27.287542	-101.949864	-27.287542	134.660212	4.782707	
220	-3.270445	-7.941067	5.140746	255.342188	-76.939502	-255.342188	222.849142	26.328292	-105.636672	-26.328292	128.180867	4.936268	
221	-3.710246	-7.676132	5.234042	262.563107	-81.138919	-262.563107	235.731692	25.989986	-106.190282	-25.989986	118.535240	5.076564	
222	-4.095341	-7.333244	5.325172	264.256397	-84.845838	-264.256397	244.017834	26.633700	-103.757921	-26.633700	106.621998	5.199710	
223	-4.388393	-6.916179	5.413984	261.313695	-88.309957	-261.313695	248.355422	28.128165	-98.664180	-28.128165	93.622403	5.302488	
224	-4.548291	-6.405628	5.499595	254.880249	-92.090146	-254.880249	249.374827	29.923003	-90.927628	-29.923003	80.076867	5.382675	
225	-4.535373	-5.764121	5.580356	246.158177	-96.961072	-246.158177	247.411638	31.167159	-80.251231	-31.167159	65.874662	5.439018	
226	-4.320133	-4.962280	5.654175	235.910491	-103.789153	-235.910491	242.762143	30.968217	-66.343218	-30.968217	50.633808	5.470974	
227	-3.896717	-4.001191	5.718826	223.515549	-113.418740	-223.515549	236.074018	28.584445	-49.223394	-28.584445	34.000274	5.478604	
228	-3.276390	-2.903548	5.772198	207.432951	-126.425358	-207.432951	228.153876	23.336360	-29.282503	-23.336360	15.851654	5.462387	
229	-2.473962	-1.702799	5.812363	187.564994	-142.979355	-187.564994	220.111048	14.538688	-7.382797	-14.538688	-3.428769	5.423047	
230	-1.494068	-0.427524	5.837317	165.473639	-163.113157	-165.473639	213.590076	1.314939	15.375016	-1.314939	-23.176844	5.361882	
231	-0.322602	0.916780	5.844935	141.148878	-187.185570	-141.148878	210.478396	-17.654326	38.183499	17.654326	-43.035722	5.280985	
232	1.041833	2.317987	5.833577	112.319710	-215.763833	-112.319710	213.204842	-43.800286	60.250180	43.800286	-62.673870	5.183046	
233	2.542502	3.725236	5.803133	77.401233	-248.702234	-77.401233	224.353857	-77.847766	80.423775	77.847766	-81.330390	5.071263	
234	4.114133	5.108759	5.755786	35.500127	-285.029989	-35.500127	244.767386	-120.117658	98.299309	120.117658	-98.743211	4.949091	
235	5.759088	6.504450	5.695429	-15.457099	-323.765560	15.457099	273.558959	-171.812265	115.197801	171.812265	-116.086429	4.819617	
236	7.468396	7.918168	5.626371	-77.376327	-363.716745	77.376327	310.124094	-234.060309	132.753129	234.060309	-134.690918	4.685201	
237	9.129246	9.260517	5.553266	-150.211939	-403.097847	150.211939	354.370184	-305.628775	151.419534	305.628775	-154.648588	4.547439	
238	10.577174	10.399383	5.481221	-232.398721	-439.937082	232.398721	405.376595	-382.786213	170.637048	382.786213	-175.109967	4.406912	
239	11.669662	11.204547	5.414162	-321.484902	-472.286718	321.484902	460.811656	-460.539922	189.191874	460.539922	-194.754688	4.262833	
240	12.327926	11.585735	5.352868	-414.638926	-498.667223	414.638926	517.236913	-534.085452	205.879454	534.085452	-212.396498	4.113121	
241	12.580642	11.549963	5.294245	-509.497736	-518.673413	509.497736	570.460627	-600.601019	220.374041	600.601019	-227.707404	3.955299	
242	12.556481	11.208422	5.231610	-604.316144	-532.750117	604.316144	616.086592	-660.163675	233.160397	660.163675	-241.017376	3.788700	
243	12.414987	10.721208	5.156310	-696.969025	-541.742507	696.969025	650.784604	-714.890474	245.049266	714.890474	-252.871741	3.617133	
244	12.314816	10.261874	5.060445	-784.510951	-546.669591	784.510951	672.881846	-768.069871	257.409263	768.069871	-264.441434	3.450021	
245	12.414881	10.007440	4.939018	-863.670344	-548.281725	863.670344	681.546136	-824.020964	272.556426	824.020964	-277.965708	3.302267	
246	12.830313	10.095263	4.790770	-931.336578	-547.072965	931.336578	676.870619	-887.010326	293.315722	887.010326	-296.302946	3.193370	
247	13.570926	10.570302	4.618120	-985.684497	-544.120852	985.684497	661.229686	-959.163485	321.840365	959.163485	-321.899440	3.143670	
248	14.524983	11.370094	4.426270	-1026.641317	-541.332494	1026.641317	639.337065	-1038.816814	358.183865	1038.816814	-355.612715	3.167463	
249	15.545346	12.387638	4.221445	-1056.081465	-541.139068	1056.081465	616.764957	-1122.586541	400.564245	1122.586541	-396.956168	3.268191	
250	16.554396	13.543811	4.008996	-1077.934390	-546.227210	1077.934390	598.403415	-1209.156391	447.172976	1209.156391	-445.433837	3.440234	
251	17.536072	14.791124	3.792368	-1094.305241	-558.036358	1094.305241	586.208121	-1298.972624	496.796994	1298.972624	-500.657810	3.674648	
252	18.518042	16.125111	3.573474	-1101.433179	-575.362026	1101.433179	577.500570	-1394.194998	549.003031	1394.194998	-562.010703	3.964885	
253	19.584926	17.592155	3.353601	-1093.808733	-595.956060	1093.808733	567.605630	-1499.676692	604.485497	1499.676692	-628.664402	4.310488	
254	20.833332	19.263345	3.133582	-1075.368344	-620.186855	1075.368344	554.991664	-1620.045804	664.190704	1620.045804	-699.408902	4.716076	
255	22.321398	21.212344	2.913621	-1059.694858	-651.112100	1059.694858	541.264283	-1756.956004	728.191867	1756.956004	-772.584459	5.186790	
256	24.063405	23.492451	2.693653	-1054.651592	-690.538796	1054.651592	526.870152	-1909.811391	795.531119	1909.811391	-846.232812	5.724568	
257	26.012606	26.115093	2.473952	-1057.230255	-737.853515	1057.230255	510.663828	-2075.910790	863.513208	2075.910790	-917.090963	6.327051	
258	28.061708	29.050211	2.255676	-1060.441679	-791.240142	1060.441679	492.200659	-2249.781114	927.093164	2249.781114	-979.821405	6.988389	
259	30.126694	32.267461	2.041123	-1059.249010	-848.790971	1059.249010	473.390030	-2426.026894	980.838701	2426.026894	-1029.520458	7.700621	
260	32.160644	35.739822	1.833587	-1053.173716	-908.675781	1053.173716	458.905736	-2599.030061	1019.411860	2599.030061	-1062.767205	8.453842	
261	34.093222	39.400412	1.637121	-1040.234141	-966.636395	1040.234141	453.687964	-2757.864961	1036.352201	2757.864961	-1075.902235	9.235160	
262	35.862272	43.144033	1.456360	-1014.406192	-1015.443050	1014.406192	461.203941	-2886.372830	1025.617848	2886.372830	-1065.631446	10.028832	
263	37.448267	46.833213	1.296092	-971.914688	-1047.589876	971.914688	483.755188	-2967.396792	983.064656	2967.396792	-1030.286327	10.817981	
264	38.882251	50.320870	1.160523	-911.781635	-1056.238115	911.781635	520.097756	-2986.419830	907.350232	2986.419830	-970.968636	11.585595	
265	40.267797	53.539703	1.052728	-832.345426	-1034.740967	832.345426	562.156438	-2932.448606	800.604176	2932.448606	-892.034062	12.313671	
266	41.718573	56.522081	0.974469	-731.109275	-978.632478	731.109275	598.786743	-2797.923166	665.394177	2797.923166	-797.272701	12.983214	
267	43.271758	59.303983	0.926164	-608.456897	-891.041359	608.456897	627.463169	-2586.213682	501.349113	2586.213682	-686.528306	13.579141	
268	44.891498	61.874842	0.906898	-472.665716	-787.063617	472.665716	665.074625	-2322.593313	305.548510	2322.593313	-557.457716	14.099240	
269	46.466283	64.176711	0.913979	-340.146205	-692.510978	340.146205	751.192846	-2055.271874	73.784985	2055.271874	-407.544734	14.562201	
270	47.781405	66.053317	0.941875	-228.104601	-635.783938	228.104601	939.099354	-1843.051308	-196.653245	1843.051308	-236.718111	15.009966	
271	48.555173	67.104682	0.981899	-144.720885	-633.640013	144.720885	1269.433437	-1728.710851	-497.815140	1728.710851	-57.957139	15.496507	
272	48.440370	66.446049	1.023329	-75.537903	-673.185018	75.537903	1724.431712	-1701.314395	-795.135461	1701.314395	84.341505	16.054754	
273	47.116157	62.732262	1.055217	39.116604	-693.892649	-39.116604	2169.373826	-1660.062884	-1013.649998	1660.062884	94.515669	16.644400	
274	44.794865	55.132734	1.068141	304.500503	-596.479694	-304.500503	2360.837238	-1420.233751	-1069.741831	1420.233751	-154.785847	17.103910	
275	42.580643	44.967041	1.056032	784.762767	-325.145418	-784.762767	2161.332129	-858.190130	-990.181939	858.190130	-666.516905	17.174137	
276	41.556298	35.366995	1.018075	1343.976644	26.764017	-1343.976644	1792.178093	-148.334022	-957.896588	148.334022	-1111.947189	16.679691	
277	41.348974	28.152585	0.958699	1658.540713	270.267558	-1658.540713	1619.642365	321.178250	-1076.318256	-321.178250	-1026.739838	15.785579	
278	40.600733	22.813267	0.884857	1562.329845	317.738283	-1562.329845	1733.833580	411.637328	-1221.841606	-411.637328	-373.458724	14.990908	
279	38.445169	18.386256	0.803027	1227.044815	236.898718	-1227.044815	1987.846018	348.891533	-1262.075499	-348.891533	426.055450	14.730884	
280	34.772193	13.866436	0.717836	877.558354	134.834209	-877.558354	2196.336478	385.965708	-1180.181085	-385.965708	982.265340	15.026348	
281	30.314040	8.032286	0.634766	583.923749	63.011508	-583.923749	2229.736355	589.166373	-1019.396248	-589.166373	1198.976177	15.555198	
282	26.052965	0.524260	0.569001	387.469286	7.847045	-387.469286	2051.739516	908.647459	-840.451961	-908.647459	1160.581925	15.932890	
283	21.580374	-7.599699	0.554558	433.532135	-45.178008	-433.532135	1661.770665	1297.874453	-657.271772	-1297.874453	927.128541	15.905822	
284	16.004727	-14.966155	0.630039	844.633986	-75.611871	-844.633986	1113.491072	1672.423749	-437.726243	-1672.423749	570.311933	15.413643	
285	9.689186	-20.824668	0.798487	1522.176917	-70.105100	-1522.176917	555.527635	1903.062332	-194.595387	-1903.062332	225.772697	14.563080	
286	3.851036	-24.944036	1.029762	2183.097506	-42.975947	-2183.097506	132.497857	1932.448869	4.309777	-1932.448869	-3.714620	13.556646	
287	-0.348775	-27.246673	1.290022	2587.013937	-15.874461	-2587.013937	-98.711072	1813.558854	101.847269	-1813.558854	-96.285513	12.607460	
288	-2.301357	-27.787949	1.550704	2669.510452	0.045586	-2669.510452	-159.833078	1637.349003	94.933183	-1637.349003	-86.910834	11.864025	
289	-2.052784	-26.836886	1.787927	2494.339690	5.771726	-2494.339690	-95.725009	1461.116703	19.752947	-1461.116703	-26.182018	11.373008	
290	-0.063436	-24.807173	1.982117	2162.956259	7.773419	-2162.956259	71.545908	1294.355546	-86.584043	-1294.355546	48.871746	11.096959	
291	3.105142	-22.106916	2.119467	1780.741766	11.254678	-1780.741766	349.061148	1123.689314	-205.909907	-1123.689314	122.200412	10.967489	
292	6.879787	-19.012519	2.194665	1455.938433	15.714887	-1455.938433	739.834304	944.564146	-332.300599	-944.564146	192.407115	10.931056	
293	10.632116	-15.633382	2.212736	1279.293910	13.489596	-1279.293910	1194.909774	780.965100	-455.012681	-780.965100	265.399764	10.964377	
294	13.696623	-11.992740	2.187972	1287.026117	-6.329663	-1287.026117	1594.961816	684.760007	-549.554528	-684.760007	347.967235	11.063053	
295	15.434155	-8.166820	2.139329	1451.784792	-48.664638	-1451.784792	1789.939645	714.871244	-584.942224	-714.871244	437.758341	11.213563	
296	15.301967	-4.394661	2.084583	1707.704564	-102.892877	-1707.704564	1676.239311	901.965562	-542.424130	-901.965562	511.307336	11.363809	
297	13.033326	-1.055275	2.036141	1972.970376	-140.583412	-1972.970376	1260.769919	1212.702264	-432.841799	-1212.702264	526.054771	11.416332	
298	8.990599	1.534313	1.999817	2162.196619	-130.771690	-2162.196619	668.893833	1542.796318	-295.329739	-1542.796318	452.231247	11.262444	
299	4.330423	3.326994	1.976232	2212.804199	-68.209834	-2212.804199	82.725790	1765.812624	-172.205568	-1765.812624	310.895769	10.844718	
300	0.476373	4.522042	1.963524	2121.882033	18.393085	-2121.882033	-353.393363	1812.426443	-84.022819	-1812.426443	163.512272	10.200167	
301	-1.754717	5.333109	1.959932	1950.425742	92.103744	-1950.425742	-586.570284	1703.190734	-29.505578	-1703.190734	58.763879	9.444002	
302	-2.437048	5.845641	1.965205	1779.774781	133.327966	-1779.774781	-640.833549	1508.133334	0.321981	-1508.133334	4.695270	8.709523	
303	-2.089007	6.134451	1.980505	1659.976210	141.079137	-1659.976210	-574.993499	1290.389032	14.005132	-1290.389032	-15.305648	8.094382	
304	-1.121895	6.422945	2.007514	1589.248485	122.424796	-1589.248485	-448.786752	1083.146676	17.934002	-1083.146676	-18.849644	7.642279	
305	0.372015	7.017187	2.047447	1531.354203	84.860480	-1531.354203	-304.530639	897.063413	15.532485	-897.063413	-15.197572	7.353895	
306	2.476476	8.100011	2.100133	1450.162412	34.673357	-1450.162412	-165.357677	735.319000	8.071112	-735.319000	-7.278772	7.205985	
307	5.190150	9.616433	2.163704	1334.622861	-21.847465	-1334.622861	-42.305961	601.480391	-2.916211	-601.480391	4.029996	7.165358	
308	8.288195	11.299509	2.234800	1200.822780	-78.064454	-1200.822780	60.683500	499.100383	-14.739776	-499.100383	18.012989	7.197531	
309	11.358477	12.781003	2.308540	1074.347161	-127.465687	-1074.347161	143.077211	428.791774	-24.557676	-428.791774	33.718423	7.272057	
310	13.935691	13.734685	2.378504	971.672907	-164.214358	-971.672907	204.129873	386.904047	-30.477763	-386.904047	49.542275	7.364457	
311	15.649881	13.971333	2.437388	895.597615	-184.578096	-895.597615	243.028925	366.496322	-32.064354	-366.496322	63.053372	7.455840	
312	16.334954	13.454964	2.478505	840.166142	-188.358412	-840.166142	260.296568	359.488691	-29.815748	-359.488691	71.306985	7.531856	
313	16.049991	12.285574	2.497720	796.274145	-178.417614	-796.274145	257.480454	358.686663	-24.179869	-358.686663	71.681829	7.581774	
314	14.995754	10.650947	2.494936	755.876476	-158.743155	-755.876476	237.316406	359.050622	-15.494817	-359.050622	63.060674	7.598255	
315	13.396106	8.745189	2.474015	713.762128	-132.732527	-713.762128	203.514581	358.079551	-4.278712	-358.079551	46.238964	7.577361	
316	11.438855	6.724173	2.441291	667.396354	-102.672208	-667.396354	159.436451	355.247348	8.963516	-355.247348	23.298509	7.518188	
317	9.289662	4.728855	2.403818	616.633470	-70.290170	-616.633470	108.113082	350.856679	23.695497	-350.856679	-3.035554	7.422266	
318	7.119334	2.919783	2.367567	563.254532	-37.416973	-563.254532	53.419010	345.208926	38.861410	-345.208926	-29.691470	7.293399	
319	5.083838	1.444247	2.336139	509.911346	-6.147605	-509.911346	-0.052872	338.412489	53.099757	-338.412489	-53.976843	7.138233	
320	3.277589	0.345501	2.310956	458.900202	21.642308	-458.900202	-48.742921	330.358796	65.762240	-330.358796	-74.665497	6.965507	
321	1.734117	-0.449557	2.292184	411.676407	44.949653	-411.676407	-90.879130	320.721018	77.022178	-320.721018	-91.936135	6.783174	
322	0.458307	-1.052484	2.279318	369.124279	63.700279	-369.124279	-125.760990	309.185022	87.111497	-309.185022	-106.377064	6.596399	
323	-0.559582	-1.553360	2.271474	331.785737	78.213419	-331.785737	-153.020630	295.619564	95.921645	-295.619564	-118.307342	6.407544	
324	-1.343982	-2.008552	2.267580	299.393732	88.927990	-299.393732	-172.816121	280.069383	103.198887	-280.069383	-127.754969	6.217366	
325	-1.941806	-2.465329	2.266443	270.797570	96.755446	-270.797570	-186.792018	262.845775	109.064961	-262.845775	-134.930713	6.026293	
326	-2.425255	-2.970552	2.266802	245.216504	102.813124	-245.216504	-197.490422	244.575449	113.979683	-244.575449	-140.177608	5.834595	
327	-2.875435	-3.551100	2.267416	222.831102	107.469705	-222.831102	-206.500018	225.994484	118.237229	-225.994484	-143.509983	5.642288	
328	-3.342129	-4.200100	2.267032	204.053915	110.075865	-204.053915	-213.535503	207.576499	121.692169	-207.576499	-144.621030	5.449417	
329	-3.827069	-4.873993	2.264346	189.128692	109.611659	-189.128692	-217.070998	189.520204	123.854135	-189.520204	-143.136425	5.256316	
330	-4.322727	-5.519113	2.258238	178.121419	105.569549	-178.121419	-216.029766	172.103293	124.386219	-172.103293	-139.012509	5.064168	
331	-4.836231	-6.103351	2.248075	170.542634	98.320173	-170.542634	-210.561807	155.632701	123.397179	-155.632701	-132.796472	4.875066	
332	-5.369859	-6.621169	2.233749	165.332876	88.893847	-165.332876	-201.492449	140.194949	121.182881	-140.194949	-125.336096	4.690950	
333	-5.895545	-7.082328	2.215403	161.316187	78.523693	-161.316187	-189.595093	125.696965	117.781580	-125.696965	-117.227497	4.512944	
334	-6.357252	-7.480544	2.193279	156.675240	68.256068	-156.675240	-175.291539	111.948753	112.850535	-111.948753	-108.585244	4.341842	
335	-6.691814	-7.761913	2.167967	148.515804	58.787771	-148.515804	-158.877931	98.707259	105.916074	-98.707259	-99.230569	4.178436	
336	-6.816118	-7.830187	2.140659	134.505927	50.277624	-134.505927	-140.490090	85.723500	96.486938	-85.723500	-88.766915	4.023596	
337	-6.617285	-7.577578	2.113167	114.886091	42.282083	-114.886091	-119.964630	72.795259	84.211574	-72.795259	-76.659240	3.878931	
338	-5.989191	-6.904023	2.087892	92.105033	34.140965	-92.105033	-97.270582	59.814240	69.193543	-59.814240	-62.585179	3.747182	
339	-4.853478	-5.722484	2.067878	68.668205	25.395641	-68.668205	-72.719581	46.594617	51.911639	-46.594617	-46.514662	3.632106	
340	-3.183931	-3.996106	2.056922	45.751300	15.950744	-45.751300	-46.824361	32.726604	33.044866	-32.726604	-28.655501	3.538797	
341	-1.048254	-1.782410	2.059251	22.883017	5.934056	-22.883017	-19.844685	17.597635	13.233652	-17.597635	-9.336299	3.473398	
342	1.287233	0.659039	2.078444	-0.911239	-4.155413	0.911239	7.535492	1.187275	-6.437486	-1.187275	10.422442	3.441150	
343	3.555913	3.047382	2.116237	-27.514731	-14.260749	27.514731	35.638649	-16.611889	-25.628571	16.611889	30.190571	3.444169	
344	4.726369	4.264325	2.170178	-45.958293	-20.845891	45.958293	54.562662	-28.625131	-36.879297	28.625131	41.785353	3.475752	
345	5.565690	5.236112	2.233922	-69.888522	-26.487267	69.888522	70.824774	-41.420011	-46.748011	41.420011	51.754374	3.520202	
