kww	// User ID
12-5-2021	// Evaluation date
p08_e_100_step_004	12-5-2021	11:09:09:627	// Source file name and timestamp
238.095	// Sampling rate
0.750	// Data capture period

1.830000	// height
94.500000	// mass


Sample #	elbVar	shldrIR	LwristLinVelo	thorJFPd	thorSTPd	UaJFPp	UaSTPp	UaJFPd	UaSTPd	FaJFPp	FaSTPp	RwristLinVelo	
0	1.202201	2.358016	3.026329	4.031561	1.532065	-4.031561	-35.765487	17.359205	2.954645	-17.359205	-1.647362	3.298031	
1	1.524524	1.761146	3.085519	4.110934	1.831547	-4.110934	-32.098285	12.085088	9.020014	-12.085088	-14.330750	3.415670	
2	1.718907	1.198717	3.131594	5.409620	2.487880	-5.409620	-30.208231	8.953108	14.046715	-8.953108	-25.135632	3.511363	
3	1.447102	0.160191	3.166653	8.255748	3.020187	-8.255748	-16.211433	-0.703498	16.621613	0.703498	-31.731448	3.589328	
4	1.046742	-0.850275	3.196382	11.897973	3.421476	-11.897973	0.007879	-11.140386	17.721263	11.140386	-35.214092	3.656834	
5	0.616328	-1.725229	3.223651	15.553936	3.498725	-15.553936	17.206501	-21.448516	17.473415	21.448516	-35.954324	3.719046	
6	0.309104	-2.340246	3.250112	18.676141	3.142141	-18.676141	32.878863	-30.364820	16.683076	30.364820	-35.614139	3.779464	
7	0.214484	-2.646034	3.276139	21.227448	2.333572	-21.227448	45.656910	-37.500081	16.176981	37.500081	-35.824882	3.838889	
8	0.368892	-2.643120	3.301475	23.396533	1.151872	-23.396533	54.724895	-42.829545	16.669319	42.829545	-37.848226	3.896156	
9	0.760932	-2.384486	3.325166	25.406537	-0.226921	-25.406537	59.806871	-46.536784	18.636975	46.536784	-42.459043	3.949158	
10	1.354042	-1.947698	3.345789	27.446613	-1.564306	-27.446613	61.029159	-48.831065	22.296875	48.831065	-50.024137	3.995269	
11	2.106529	-1.380234	3.362380	29.801553	-2.740032	-29.801553	59.133624	-50.086386	27.531148	50.086386	-60.280099	4.031807	
12	2.981796	-0.703920	3.375327	32.987840	-3.723792	-32.987840	55.041896	-50.680789	34.073188	50.680789	-72.684105	4.056471	
13	3.936871	0.025249	3.386380	37.430144	-4.394890	-37.430144	49.468444	-50.728453	41.597321	50.728453	-86.771879	4.067028	
14	4.923260	0.738888	3.397911	43.150477	-4.681804	-43.150477	43.251923	-50.350790	49.623200	50.350790	-101.841235	4.061357	
15	5.897928	1.407330	3.412365	49.957781	-4.731403	-49.957781	37.592473	-49.946111	57.575158	49.946111	-116.821982	4.038217	
16	6.813170	2.011842	3.432034	57.562592	-4.768721	-57.562592	33.822016	-49.989940	64.865124	49.989940	-130.552779	3.997616	
17	7.608898	2.506609	3.458151	65.437384	-4.927691	-65.437384	32.951788	-50.811198	70.966625	50.811198	-142.065688	3.940780	
18	8.222700	2.827936	3.490628	72.732019	-5.263635	-72.732019	35.462540	-52.642567	75.537926	52.642567	-150.690602	3.870272	
19	8.605048	2.925154	3.531181	78.336637	-5.846242	-78.336637	41.299324	-55.745167	78.522750	55.745167	-156.033233	3.790003	
20	8.747546	2.782397	3.583937	81.030712	-6.733504	-81.030712	49.522719	-60.347591	80.329774	60.347591	-158.312142	3.704689	
21	8.703424	2.420184	3.648962	79.702622	-7.866764	-79.702622	58.165815	-66.537676	81.867276	66.537676	-158.565762	3.618892	
22	8.565749	1.886914	3.719270	73.582054	-9.056759	-73.582054	64.887585	-74.265536	84.145426	74.265536	-158.046402	3.536187	
23	8.432379	1.250011	3.784720	62.209270	-10.026051	-62.209270	67.692740	-83.342611	87.823418	83.342611	-157.534985	3.458717	
24	8.390468	0.587138	3.834523	45.260208	-10.431883	-45.260208	65.192975	-93.418070	93.061238	93.418070	-157.188254	3.387083	
25	8.502402	-0.033168	3.859744	22.723012	-9.907853	-22.723012	56.764913	-103.992739	99.635832	103.992739	-156.753494	3.320477	
26	8.795496	-0.548420	3.857431	-4.628975	-8.306968	4.628975	43.095748	-114.676494	107.150038	114.676494	-155.799337	3.257141	
27	9.267451	-0.878880	3.829248	-35.327046	-5.956525	35.327046	26.481308	-125.564416	115.122216	125.564416	-153.760111	3.195465	
28	9.877738	-0.981470	3.776364	-68.093361	-3.379677	68.093361	9.429679	-136.978476	123.072853	136.978476	-150.105730	3.135148	
29	10.537732	-0.894310	3.698742	-102.153574	-0.949290	102.153574	-6.479683	-149.033948	130.578355	149.033948	-144.561231	3.077631	
30	11.137242	-0.671301	3.597308	-136.799679	0.999848	136.799679	-19.706852	-161.876895	137.152886	161.876895	-137.129093	3.026251	
31	11.581921	-0.358477	3.474311	-171.595584	2.207433	171.595584	-28.827346	-175.720283	142.285424	175.720283	-128.164504	2.985971	
32	11.813598	-0.026066	3.332758	-206.715436	2.679092	206.715436	-33.644375	-190.446933	145.630144	190.446933	-118.373464	2.962070	
33	11.814024	0.236681	3.176590	-242.496237	2.634346	242.496237	-35.231707	-205.435031	147.126572	205.435031	-108.593116	2.958354	
34	11.598724	0.334657	3.010898	-278.821964	2.432339	278.821964	-35.661269	-219.510736	147.087541	219.510736	-99.584780	2.975598	
35	11.205650	0.202830	2.841459	-314.745665	2.435126	314.745665	-37.118067	-231.306773	146.079906	231.306773	-91.829476	3.010997	
36	10.683505	-0.154251	2.674190	-348.622041	2.837185	348.622041	-40.812640	-239.839881	144.616568	239.839881	-85.368429	3.059303	
37	10.085698	-0.689021	2.515017	-378.692970	3.774369	378.692970	-47.317892	-244.462031	143.024021	244.462031	-79.874602	3.114506	
38	9.462572	-1.351155	2.370294	-403.618079	5.403221	403.618079	-56.957751	-244.684420	141.417706	244.684420	-74.837980	3.170904	
39	8.858140	-2.086453	2.247120	-422.870383	7.766590	422.870383	-69.477309	-240.427925	139.703358	240.427925	-69.723712	3.223835	
40	8.312493	-2.834484	2.152512	-436.733422	10.777090	436.733422	-84.208271	-232.084338	137.711595	232.084338	-64.097143	3.270191	
41	7.851710	-3.536438	2.091519	-445.805229	14.207411	445.805229	-100.174396	-220.359749	135.237567	220.359749	-57.645877	3.308578	
42	7.482017	-4.137673	2.065154	-450.663332	17.620797	450.663332	-115.967664	-206.264100	132.028441	206.264100	-50.191440	3.339380	
43	7.204671	-4.596168	2.069277	-451.868459	20.483918	451.868459	-130.311772	-190.958987	127.981656	190.958987	-41.792077	3.364611	
44	7.019901	-4.890127	2.095369	-449.729951	22.229006	449.729951	-142.288796	-175.552476	123.204547	175.552476	-32.719745	3.387409	
45	6.913127	-5.006569	2.132851	-443.961246	22.219847	443.961246	-150.841195	-161.045347	117.782682	161.045347	-23.301582	3.411586	
46	6.859086	-4.936435	2.171871	-433.886146	20.047953	433.886146	-155.189998	-148.087140	111.752671	148.087140	-13.875844	3.441205	
47	6.842465	-4.701961	2.205515	-419.045249	15.887830	419.045249	-155.780381	-136.744083	105.275935	136.744083	-4.804761	3.479798	
48	6.864954	-4.341030	2.230590	-399.568167	10.300764	399.568167	-153.684412	-126.952527	98.616791	126.952527	3.532990	3.529662	
49	6.943042	-3.845894	2.247325	-376.377507	3.897665	376.377507	-149.780795	-119.124193	92.161142	119.124193	10.632839	3.591824	
50	7.096708	-3.198103	2.258478	-351.017905	-2.732718	351.017905	-145.316769	-113.666102	86.454230	113.666102	15.966430	3.666082	
51	7.320701	-2.439966	2.267770	-324.483374	-9.153657	324.483374	-141.575346	-110.138891	81.786221	110.138891	19.427775	3.750935	
52	7.580476	-1.647197	2.278485	-296.444988	-15.145190	296.444988	-138.801814	-107.568006	77.939022	107.568006	21.408033	3.844015	
53	7.834737	-0.888817	2.293098	-265.933483	-20.608419	265.933483	-136.331167	-105.171939	74.433908	105.171939	22.509247	3.942761	
54	8.041159	-0.225787	2.313966	-232.093384	-25.488566	232.093384	-133.146318	-102.377881	70.716910	102.377881	23.338311	4.044853	
55	8.164944	0.307167	2.344604	-194.331023	-29.744372	194.331023	-128.357124	-98.810423	66.428315	98.810423	24.205762	4.148417	
56	8.193562	0.720544	2.390291	-152.502869	-33.383858	152.502869	-121.533399	-94.585101	61.684499	94.585101	24.903443	4.252077	
57	8.130768	1.054724	2.458056	-107.146802	-36.489515	107.146802	-112.734797	-90.030675	56.952847	90.030675	24.890564	4.354860	
58	7.982342	1.345435	2.556291	-59.107241	-39.197960	59.107241	-102.305500	-85.019921	52.672227	85.019921	23.750934	4.455830	
59	7.748247	1.603987	2.692122	-9.083815	-41.708599	9.083815	-90.469042	-78.950752	48.993282	78.950752	21.445929	4.553771	
60	7.430853	1.834952	2.868893	41.875581	-44.354907	-41.875581	-77.336983	-71.364707	45.991073	71.364707	17.949750	4.647128	
61	7.049241	2.063043	3.087044	91.838518	-47.589555	-91.838518	-63.271982	-62.390775	44.016414	62.390775	12.848998	4.733914	
62	6.631671	2.320903	3.344361	138.855862	-51.821007	-138.855862	-48.690861	-52.642587	43.525718	52.642587	5.651926	4.811663	
63	6.199603	2.618567	3.634667	181.970892	-57.357728	-181.970892	-33.550114	-42.897128	44.711290	42.897128	-3.723296	4.877831	
64	5.768163	2.941818	3.948622	220.743964	-64.526717	-220.743964	-17.332990	-33.944550	47.519714	33.944550	-14.985834	4.930318	
65	5.352549	3.272972	4.275731	254.528504	-73.631031	-254.528504	0.546210	-26.612965	51.914728	26.612965	-27.834500	4.967548	
66	4.963115	3.600816	4.605807	282.628428	-84.704537	-282.628428	20.405080	-21.672935	57.893812	21.672935	-42.021716	4.988447	
67	4.590433	3.904276	4.929970	304.654137	-97.522959	-304.654137	42.513889	-19.541100	65.101746	19.541100	-56.930254	4.992625	
68	4.213949	4.150042	5.241392	320.607401	-111.879291	-320.607401	67.352457	-20.330610	72.874435	20.330610	-71.617793	4.980440	
69	3.841699	4.333329	5.535770	330.632964	-127.594090	-330.632964	94.992427	-24.285494	81.002754	24.285494	-85.616151	4.952884	
70	3.519024	4.493025	5.810876	335.054339	-144.362449	-335.054339	124.745953	-31.792373	89.868121	31.792373	-99.072574	4.911443	
71	3.290241	4.669159	6.064924	335.010989	-161.874871	-335.010989	155.985675	-43.001065	99.712289	43.001065	-112.066986	4.857860	
72	3.167235	4.865739	6.294708	332.152041	-180.037262	-332.152041	188.881923	-57.677263	110.191351	57.677263	-124.248741	4.793966	
73	3.139918	5.056505	6.495013	327.219930	-198.947435	-327.219930	224.195577	-75.381793	120.385148	75.381793	-134.801982	4.721793	
74	3.219932	5.219104	6.659732	319.629638	-218.756721	-319.629638	262.669309	-95.825798	129.050287	95.825798	-142.628511	4.643885	
75	3.450272	5.356022	6.782998	307.913838	-239.641452	-307.913838	304.635129	-119.085834	135.294330	119.085834	-147.171636	4.563261	
76	3.848529	5.478628	6.859249	289.687880	-261.650756	-289.687880	349.634190	-145.328951	139.196903	145.328951	-149.103028	4.482573	
77	4.375459	5.591170	6.882968	261.837018	-284.543856	-261.837018	396.145913	-174.508894	141.689130	174.508894	-149.894984	4.402910	
78	4.971029	5.697467	6.849163	220.989409	-308.126085	-220.989409	442.075828	-206.624725	144.016976	206.624725	-151.017213	4.323396	
79	5.587402	5.812451	6.754993	163.343013	-332.678182	-163.343013	485.266067	-242.095668	147.513953	242.095668	-153.753486	4.242031	
80	6.195558	5.973001	6.601711	84.736735	-358.889127	-84.736735	523.272176	-281.794095	153.716598	281.794095	-159.465599	4.156562	
81	6.782018	6.232429	6.395022	-18.106872	-387.607403	18.106872	553.488154	-326.806976	164.263659	326.806976	-169.606045	4.064524	
82	7.343968	6.639566	6.143330	-146.268551	-419.646339	146.268551	573.802736	-378.132693	180.346471	378.132693	-185.249902	3.963274	
83	7.889855	7.226700	5.855442	-297.859886	-455.728329	297.859886	583.279764	-436.654856	202.243375	436.654856	-206.679340	3.850522	
84	8.449130	8.018979	5.539233	-468.001310	-496.746744	468.001310	582.735548	-503.685854	229.730130	503.685854	-233.785961	3.725249	
85	9.097491	9.066167	5.201080	-650.183357	-543.857799	650.183357	574.371539	-581.967518	263.163827	581.967518	-267.100137	3.588702	
86	9.956255	10.441583	4.845428	-837.898193	-598.094993	837.898193	561.133524	-675.962548	303.732445	675.962548	-307.980549	3.445320	
87	11.138249	12.188071	4.474907	-1025.368790	-659.917283	1025.368790	546.785461	-790.515459	352.478975	790.515459	-357.607013	3.303549	
88	12.700274	14.291901	4.091104	-1207.760273	-728.909155	1207.760273	535.759489	-929.248393	409.659389	929.248393	-416.350242	3.176205	
89	14.644605	16.709590	3.695208	-1380.976360	-803.782948	1380.976360	532.543124	-1094.144142	475.136126	1094.144142	-484.196030	3.079633	
90	16.940903	19.388736	3.288735	-1541.401538	-882.769817	1541.401538	541.187132	-1285.554933	548.626688	1285.554933	-560.997453	3.031495	
91	19.532048	22.260747	2.876062	-1686.280070	-964.040105	1686.280070	564.898091	-1501.777394	629.151168	1501.777394	-645.910240	3.047351	
92	22.322391	25.227009	2.471738	-1813.794542	-1045.963059	1813.794542	605.666442	-1738.355757	714.577096	1738.355757	-736.954719	3.137019	
93	25.185545	28.168122	2.114050	-1922.501149	-1126.790518	1922.501149	663.707445	-1988.203282	802.030571	1988.203282	-831.437048	3.302884	
94	27.998384	30.976198	1.872180	-2011.123244	-1203.054780	2011.123244	736.718776	-2242.988498	888.764260	2242.988498	-926.757400	3.541841	
95	30.647002	33.567739	1.810071	-2079.017781	-1269.339868	2079.017781	820.052694	-2493.822633	972.460469	2493.822633	-1020.573292	3.849143	
96	33.024047	35.884985	1.913808	-2127.238824	-1322.082249	2127.238824	907.847012	-2732.092542	1051.225273	2732.092542	-1110.627583	4.220952	
97	35.074301	37.925584	2.098102	-2157.895776	-1361.870183	2157.895776	992.985792	-2952.361486	1124.216553	2952.361486	-1195.195766	4.655932	
98	36.820850	39.763241	2.284637	-2170.596781	-1390.353241	2170.596781	1065.994729	-3153.342648	1191.700577	3153.342648	-1273.002706	5.156737	
99	38.329923	41.522109	2.437251	-2159.911766	-1407.872387	2159.911766	1116.275082	-3336.230893	1253.891309	3336.230893	-1342.127746	5.729628	
100	39.715308	43.370708	2.553493	-2116.914128	-1414.931462	2116.914128	1135.732439	-3506.426435	1310.951111	3506.426435	-1400.196533	6.382527	
101	41.140535	45.515236	2.646777	-2032.607366	-1412.976861	2032.607366	1121.416491	-3673.152207	1362.580642	3673.152207	-1444.377912	7.123061	
102	42.720741	48.114373	2.732051	-1899.481832	-1402.485529	1899.481832	1075.970836	-3839.489935	1404.712065	3839.489935	-1469.284959	7.955193	
103	44.480172	51.223682	2.817550	-1713.666596	-1382.019724	1713.666596	1007.502563	-3995.897632	1428.376041	3995.897632	-1467.723024	8.874907	
104	46.359538	54.772177	2.902282	-1478.508087	-1349.218946	1478.508087	929.601933	-4121.575290	1420.585730	4121.575290	-1432.806669	9.868279	
105	48.155838	58.488920	2.978697	-1202.895007	-1300.370372	1202.895007	858.494638	-4185.081261	1364.039524	4185.081261	-1357.179476	10.913013	
106	49.592624	61.928766	3.037452	-896.204588	-1229.593421	896.204588	806.588955	-4152.847512	1242.717473	4152.847512	-1236.433085	11.983104	
107	50.540818	64.615122	3.069801	-565.962144	-1130.452463	565.962144	777.838494	-4005.943840	1053.216888	4005.943840	-1077.962546	13.054598	
108	51.166184	66.172471	3.067495	-220.653460	-999.512910	220.653460	769.693828	-3749.486167	811.428027	3749.486167	-907.871739	14.107999	
109	51.933290	66.463174	3.023123	121.919479	-841.707483	-121.919479	781.995397	-3410.642752	548.058418	3410.642752	-770.102278	15.125416	
110	53.354743	65.626291	2.931570	430.366245	-674.559685	-430.366245	828.574812	-3027.617709	290.922990	3027.617709	-709.984224	16.086129	
111	55.519347	63.909276	2.791616	668.450225	-524.337070	-668.450225	940.681023	-2635.543542	46.657295	2635.543542	-748.989198	16.966566	
112	57.753261	61.473345	2.606630	812.080999	-413.067418	-812.080999	1151.348380	-2253.971653	-199.161504	2253.971653	-871.211022	17.744127	
113	58.619879	58.233222	2.384307	871.185907	-339.160542	-871.185907	1454.062457	-1863.566933	-457.904593	1863.566933	-1035.069290	18.392316	
114	56.481300	53.712814	2.136046	922.142030	-254.216435	-922.142030	1745.022096	-1367.878747	-695.626998	1367.878747	-1227.523054	18.846718	
115	50.842440	47.598045	1.875381	1126.933280	-70.303362	-1126.933280	1859.070930	-614.532918	-830.555342	614.532918	-1528.267619	18.938695	
116	43.828881	41.257704	1.615508	1623.482105	243.306932	-1623.482105	1854.239262	378.446925	-870.844823	-378.446925	-1999.373147	18.374758	
117	39.516073	36.564064	1.368090	2168.545641	542.982867	-2168.545641	2139.507404	1130.548311	-1016.391512	-1130.548311	-2284.268397	16.961815	
118	39.896037	30.278823	1.144844	2015.342913	614.661439	-2015.342913	2676.217272	1083.646915	-1277.223065	-1083.646915	-1655.491221	15.135988	
119	42.707493	16.395600	0.962547	830.435313	407.669079	-830.435313	2708.795409	460.735948	-1289.570665	-460.735948	-102.741753	14.104001	
120	43.980807	-3.060244	0.848311	-452.446377	34.480288	452.446377	2123.997982	77.195786	-996.344200	-77.195786	1398.737292	14.610390	
121	41.597478	-18.105014	0.830564	-526.918146	-323.974291	526.918146	1634.582191	467.708417	-790.345727	-467.708417	2035.696252	15.810776	
122	35.523159	-22.983653	0.911566	695.303250	-501.097095	-695.303250	1443.923631	1422.194153	-783.882546	-1422.194153	1791.048046	16.502154	
123	26.250278	-22.014921	1.063665	2249.886202	-466.314905	-2249.886202	1131.872493	2289.166639	-669.459966	-2289.166639	1100.263351	16.302423	
124	16.378444	-20.751001	1.255990	3384.244967	-329.486827	-3384.244967	647.070831	2688.992505	-390.158733	-2688.992505	456.748904	15.469025	
125	8.798541	-20.498758	1.468183	3893.223515	-196.322635	-3893.223515	239.941696	2683.797247	-126.520869	-2683.797247	79.369414	14.409491	
126	4.739710	-20.746011	1.688511	3842.753934	-103.248610	-3842.753934	57.739964	2475.681429	19.179065	-2475.681429	-55.022889	13.427150	
127	3.955061	-21.123343	1.909397	3394.145001	-46.022855	-3394.145001	122.950802	2209.803706	50.451277	-2209.803706	-43.263299	12.664118	
128	5.421852	-21.430849	2.124992	2744.953575	-13.759469	-2744.953575	410.395352	1953.379055	0.832615	-1953.379055	33.337879	12.133919	
129	7.811964	-21.249635	2.331044	2114.668986	-2.528093	-2114.668986	851.902481	1739.193224	-104.595701	-1739.193224	129.386979	11.784828	
130	9.737302	-19.764922	2.525505	1716.163467	-11.735242	-1716.163467	1280.506133	1611.783161	-242.593598	-1611.783161	223.312948	11.548982	
131	10.117616	-15.768944	2.708894	1676.764003	-29.369935	-1676.764003	1394.858809	1640.250905	-361.288678	-1640.250905	293.529227	11.349708	
132	8.790884	-8.630146	2.884086	1951.649625	-22.203361	-1951.649625	945.180406	1848.576516	-383.324279	-1848.576516	308.561695	11.089430	
133	6.605462	-0.101063	3.055073	2330.739193	38.264564	-2330.739193	112.762720	2120.662853	-290.815697	-2120.662853	257.445564	10.679226	
134	4.647402	6.390041	3.225249	2596.942548	134.968996	-2596.942548	-585.584482	2273.783128	-164.197172	-2273.783128	177.744972	10.107183	
135	3.557619	9.094759	3.396371	2674.564890	223.044370	-2674.564890	-878.046739	2231.899080	-78.965788	-2231.899080	116.703577	9.452184	
136	3.509278	9.016523	3.568807	2602.626788	276.472556	-2602.626788	-865.603314	2041.265884	-40.764179	-2041.265884	85.887229	8.818554	
137	4.411335	8.141481	3.742348	2439.343211	295.160182	-2439.343211	-732.804721	1776.077259	-25.122254	-1776.077259	71.807467	8.274455	
138	5.986099	7.898415	3.916260	2219.453996	290.310904	-2219.453996	-589.974394	1489.130526	-15.219237	-1489.130526	62.045710	7.843417	
139	7.828834	8.780173	4.088969	1960.057282	274.872791	-1960.057282	-478.793261	1213.590858	-6.362469	-1213.590858	52.966723	7.523906	
140	9.606039	10.608984	4.258323	1679.171602	257.264378	-1679.171602	-403.379859	969.915083	-0.046675	-969.915083	45.825937	7.305373	
141	11.192969	12.920637	4.421957	1402.146534	238.073890	-1402.146534	-347.707268	766.676051	0.398320	-766.676051	42.906083	7.176232	
142	12.570248	15.155757	4.577583	1151.603366	213.816439	-1151.603366	-290.566567	603.970256	-7.589559	-603.970256	45.622331	7.127280	
143	13.666389	16.785582	4.723413	937.534955	183.744136	-937.534955	-221.582160	478.873294	-23.482306	-478.873294	52.816416	7.150182	
144	14.334413	17.465601	4.857703	758.711535	152.054666	-758.711535	-146.742141	387.814052	-42.782343	-387.814052	60.229269	7.233413	
145	14.396675	17.064607	4.977825	608.540955	125.316069	-608.540955	-82.138149	326.646031	-58.178583	-326.646031	61.533618	7.359646	
146	13.689672	15.587090	5.080868	478.995129	108.865745	-478.995129	-45.373006	290.493294	-61.394523	-290.493294	49.777552	7.505199	
147	12.144934	13.117404	5.164619	363.287123	103.751962	-363.287123	-48.643168	273.110049	-45.345548	-273.110049	19.489621	7.641234	
148	9.873642	9.823475	5.227230	258.046942	106.150725	-258.046942	-94.254851	266.602074	-7.030948	-266.602074	-30.145539	7.737798	
149	7.142982	5.965009	5.266785	164.650940	110.429920	-164.650940	-173.910560	263.151262	50.516993	-263.151262	-93.552668	7.770161	
150	4.257805	1.851775	5.281810	88.919561	112.797152	-88.919561	-271.386293	257.290914	119.021578	-257.290914	-160.606313	7.723952	
151	1.479612	-2.206372	5.271960	38.235608	112.262000	-38.235608	-366.862685	246.572740	187.452439	-246.572740	-220.252215	7.596941	
152	-0.999176	-5.927407	5.237925	17.140774	109.492898	-17.140774	-442.125626	231.039827	245.127408	-231.039827	-263.910189	7.398000	
153	-3.068031	-9.087579	5.181073	24.599066	105.475913	-24.599066	-485.373533	212.354505	284.671341	-212.354505	-287.647922	7.144008	
154	-4.686096	-11.548202	5.103624	53.823750	100.799244	-53.823750	-493.627332	192.762546	303.364544	-192.762546	-292.212700	6.855616	
155	-5.864480	-13.264019	5.008646	93.242049	95.710814	-93.242049	-472.531836	174.272267	302.699235	-174.272267	-281.480060	6.553383	
156	-6.664683	-14.288660	4.899597	129.288063	90.578830	-129.288063	-433.806248	158.329005	286.980433	-158.329005	-260.708615	6.254969	
157	-7.195910	-14.759522	4.780082	150.474269	86.153661	-150.474269	-390.713705	145.830340	261.676640	-145.830340	-235.258796	5.973041	
158	-7.603739	-14.851038	4.653648	149.988968	83.322258	-149.988968	-354.069102	137.240326	232.106903	-137.240326	-209.784995	5.713718	
159	-8.046618	-14.738760	4.523297	126.619630	82.647062	-126.619630	-330.454040	132.642330	202.622475	-132.642330	-187.782093	5.476138	
160	-8.661247	-14.578015	4.391280	84.656110	84.106632	-84.656110	-321.707849	131.664578	176.190719	-131.664578	-171.358464	5.253607	
161	-9.532596	-14.480951	4.259083	32.370889	87.061230	-32.370889	-325.430590	133.441714	154.354006	-133.441714	-161.161803	5.035973	
162	-10.681292	-14.511633	4.127055	-20.358667	90.414797	20.358667	-336.402822	136.768426	137.372626	-136.768426	-156.449839	4.812416	
163	-12.067587	-14.699135	3.994211	-64.183670	92.875752	64.183670	-347.971812	140.313936	124.392326	-140.313936	-155.368369	4.573823	
164	-13.606662	-15.047830	3.858848	-92.536980	93.199927	92.536980	-353.440035	142.786051	113.761541	-142.786051	-155.486458	4.314135	
165	-15.191067	-15.535108	3.719565	-103.794808	90.421461	103.794808	-347.638869	143.100779	103.502148	-143.100779	-154.407995	4.030490	
166	-16.696063	-16.079262	3.575920	-101.473656	84.021965	101.473656	-328.167771	140.432848	91.833346	-140.432848	-150.113789	3.723103	
167	-17.971908	-16.555721	3.428718	-91.229463	73.896719	91.229463	-295.365927	134.106202	77.808230	-134.106202	-141.163042	3.395739	
168	-18.855831	-16.881116	3.280164	-77.120571	60.294754	77.120571	-250.980075	123.862939	61.411928	-123.862939	-126.881203	3.055419	
169	-19.162764	-16.950153	3.133956	-61.436829	44.135505	61.436829	-197.848312	110.117930	43.054541	-110.117930	-107.320582	2.711500	
170	-18.652973	-16.516133	2.995427	-46.114354	27.229176	46.114354	-140.699492	93.554089	23.852351	-93.554089	-83.473778	2.376541	
171	-17.056607	-15.266633	2.871337	-32.887064	11.900657	32.887064	-86.179122	74.953212	6.218544	-74.953212	-57.741901	2.067041	
172	-14.132312	-12.921092	2.769104	-23.431449	0.474594	23.431449	-41.886288	55.179299	-6.490807	-55.179299	-33.691544	1.801478	
173	-9.726740	-9.256424	2.695855	-19.226404	-5.396185	19.226404	-14.252159	34.691199	-11.005697	-34.691199	-14.884810	1.596770	
174	-3.857038	-4.187999	2.657575	-20.501324	-5.553813	20.501324	-4.749724	13.008405	-5.899413	-13.008405	-2.965313	1.464636	
175	3.078936	1.998400	2.658918	-25.108939	-1.918571	25.108939	-5.849964	-11.102808	6.033153	11.102808	4.286597	1.412155	
176	10.355045	8.657186	2.702572	-28.670218	1.416499	28.670218	-1.089997	-39.434870	17.361645	39.434870	13.291252	1.446889	
177	15.887279	13.836965	2.788807	-26.232560	-0.604833	26.232560	24.803540	-67.914558	18.076355	67.914558	29.058051	1.578282	
178	19.403652	17.248067	2.901722	-18.235328	-8.157715	18.235328	69.069131	-94.206977	8.150610	94.206977	50.835826	1.779330	
