kww	// User ID
17-5-2021	// Evaluation date
p12_v_50_crow_004	17-5-2021	19:29:43:733	// Source file name and timestamp
238.095	// Sampling rate
0.925	// Data capture period

1.750000	// height
83.200000	// mass


Sample #	elbVar	shldrIR	LwristLinVelo	thorJFPd	thorSTPd	UaJFPp	UaSTPp	UaJFPd	UaSTPd	FaJFPp	FaSTPp	RwristLinVelo	
0	-5.097025	-1.534299	1.111855	59.915806	-0.604099	-59.915806	37.561884	13.746998	-13.861145	-13.746998	0.648654	2.588340	
1	-4.103101	-1.601371	1.062814	51.634715	-1.041731	-51.634715	34.875476	9.564824	-12.397551	-9.564824	3.375101	2.590640	
2	-3.350146	-1.693715	1.028032	46.532463	-1.275130	-46.532463	32.658679	7.012183	-11.281889	-7.012183	5.163202	2.585420	
3	-1.713746	-1.764882	1.008985	32.439567	-1.416369	-32.439567	26.532573	1.605935	-8.423261	-1.605935	6.948431	2.573947	
4	-0.028380	-1.797494	1.008368	18.216604	-1.553158	-18.216604	20.117556	-3.763190	-5.483639	3.763190	8.127698	2.558176	
5	1.579586	-1.752544	1.025458	5.171979	-1.849073	-5.171979	14.438534	-9.154419	-2.870246	9.154419	9.232126	2.539175	
6	2.910984	-1.603128	1.060355	-4.823675	-2.379444	4.823675	10.535254	-14.096345	-1.067422	14.096345	10.732782	2.517489	
7	3.894132	-1.345538	1.112382	-11.382649	-3.075800	11.382649	8.537529	-18.249051	-0.191608	18.249051	12.837849	2.493135	
8	4.563696	-1.044902	1.179573	-15.321515	-3.834487	15.321515	8.043416	-21.455855	-0.118094	21.455855	15.529771	2.465989	
9	5.013368	-0.823902	1.259569	-17.952174	-4.659710	17.952174	8.724049	-23.802526	-0.698081	23.802526	18.802390	2.436319	
10	5.303731	-0.734099	1.350279	-19.748522	-5.566397	19.748522	10.473463	-25.457056	-1.818908	25.457056	22.535880	2.404997	
11	5.466117	-0.734750	1.449692	-20.651044	-6.478590	20.651044	13.086497	-26.623136	-3.305073	26.623136	26.438447	2.373271	
12	5.523071	-0.784562	1.555838	-20.635941	-7.308556	20.635941	16.350033	-27.479069	-4.988230	27.479069	30.246611	2.342474	
13	5.482572	-0.863708	1.666688	-19.626760	-7.987444	19.626760	20.138852	-28.101216	-6.756305	28.101216	33.757109	2.313933	
14	5.351219	-0.950200	1.779925	-17.601255	-8.442733	17.601255	24.264056	-28.507405	-8.493522	28.507405	36.765699	2.289029	
15	5.143387	-1.027605	1.893007	-14.742231	-8.628657	14.742231	28.499568	-28.706388	-10.094875	28.706388	39.119250	2.269229	
16	4.876705	-1.095409	2.003450	-11.332412	-8.554899	11.332412	32.670984	-28.736694	-11.491749	28.736694	40.747892	2.255730	
17	4.573752	-1.159835	2.109279	-7.623939	-8.279880	7.623939	36.644731	-28.690056	-12.639819	28.690056	41.678493	2.248751	
18	4.263522	-1.224456	2.209475	-3.875985	-7.881438	3.875985	40.318895	-28.692513	-13.521552	28.692513	42.049805	2.247200	
19	3.971275	-1.287776	2.303860	-0.433186	-7.425047	0.433186	43.569531	-28.865485	-14.132691	28.865485	42.006331	2.248935	
20	3.716131	-1.346164	2.392652	2.187833	-6.972048	-2.187833	46.194743	-29.343825	-14.474848	29.343825	41.642859	2.251155	
21	3.520973	-1.402004	2.476635	3.171389	-6.615960	-3.171389	47.959040	-30.371946	-14.578250	30.371946	41.098609	2.250958	
22	3.401795	-1.468843	2.557275	1.579110	-6.480982	-1.579110	48.666985	-32.224786	-14.492888	32.224786	40.513071	2.246419	
23	3.370962	-1.558272	2.636228	-3.641564	-6.699783	3.641564	48.149194	-35.206118	-14.248931	35.206118	39.964010	2.237698	
24	3.427513	-1.655945	2.715323	-13.074057	-7.329342	13.074057	46.526314	-39.421774	-13.881244	39.421774	39.504640	2.227017	
25	3.466642	-1.710985	2.795685	-24.053522	-8.105774	24.053522	44.620960	-43.541184	-13.462172	43.541184	38.867751	2.217787	
26	3.299780	-1.660896	2.874902	-29.979662	-8.446386	29.979662	43.174660	-44.590660	-13.071594	44.590660	37.320042	2.213895	
27	2.865851	-1.494012	2.946706	-26.071554	-8.025084	26.071554	41.980477	-40.773903	-12.739454	40.773903	34.462544	2.218575	
28	2.321212	-1.291241	3.005733	-15.260103	-7.233889	15.260103	40.875100	-34.054862	-12.427273	34.054862	30.987077	2.233144	
29	1.851476	-1.173778	3.051682	-4.663911	-6.776763	4.663911	40.449995	-28.037768	-12.163917	28.037768	28.027610	2.257524	
30	1.496715	-1.201671	3.087841	2.245458	-6.965735	-2.245458	41.199338	-24.224588	-12.063332	24.224588	26.041116	2.291498	
31	1.212757	-1.355455	3.117592	5.962466	-7.718861	-5.962466	43.051491	-22.207934	-12.175189	22.207934	24.854240	2.334433	
32	0.974699	-1.597138	3.143563	7.232307	-8.933380	-7.232307	45.712600	-21.561339	-12.505083	21.561339	24.290679	2.384694	
33	0.772850	-1.899920	3.168138	6.436964	-10.528895	-6.436964	48.886856	-22.005236	-13.076724	22.005236	24.271910	2.440030	
34	0.588668	-2.232671	3.192919	4.268546	-12.344305	-4.268546	52.263364	-23.030928	-13.872511	23.030928	24.618195	2.498137	
35	0.404371	-2.558776	3.218100	1.596220	-14.188601	-1.596220	55.584955	-24.117273	-14.816734	24.117273	25.083007	2.556920	
36	0.218279	-2.857684	3.243255	-0.983925	-15.968313	0.983925	58.799660	-25.045183	-15.861216	25.045183	25.566712	2.614580	
37	0.038748	-3.128916	3.268239	-3.318013	-17.684239	3.318013	62.002037	-25.819468	-17.022371	25.819468	26.133116	2.669716	
38	-0.127875	-3.377859	3.293134	-5.389521	-19.320932	5.389521	65.252950	-26.444862	-18.340037	26.444862	26.870708	2.721470	
39	-0.279267	-3.610609	3.318042	-7.062349	-20.830137	7.062349	68.578948	-26.872833	-19.855925	26.872833	27.843649	2.769438	
40	-0.413237	-3.834751	3.343227	-8.368557	-22.206609	8.368557	72.012631	-27.061888	-21.621126	27.061888	29.119262	2.813597	
41	-0.527244	-4.056864	3.369147	-9.667983	-23.520596	9.667983	75.604459	-27.017470	-23.681264	27.017470	30.750239	2.854463	
42	-0.621648	-4.275856	3.396144	-11.282799	-24.855751	11.282799	79.408715	-26.771467	-26.037982	26.771467	32.716801	2.892753	
43	-0.695716	-4.475875	3.424233	-13.271423	-26.212943	13.271423	83.301085	-26.341757	-28.626774	26.341757	34.923829	2.929036	
44	-0.750212	-4.634299	3.453065	-15.366607	-27.449485	15.366607	86.852599	-25.552776	-31.318603	25.552776	37.213817	2.964204	
45	-0.792044	-4.736458	3.481770	-17.160624	-28.354857	17.160624	89.530455	-24.000006	-33.943727	24.000006	39.396252	2.999575	
46	-0.825652	-4.774162	3.508934	-18.597759	-28.824465	18.597759	90.952836	-21.436487	-36.312558	21.436487	41.291691	3.035971	
47	-0.851794	-4.741791	3.532635	-19.891231	-28.867306	19.891231	90.924496	-17.906877	-38.236970	17.906877	42.740805	3.073252	
48	-0.867802	-4.649446	3.550796	-21.317150	-28.594679	21.317150	89.659203	-13.667979	-39.672910	13.667979	43.748663	3.110750	
49	-0.866558	-4.524047	3.562239	-23.390304	-28.245595	23.390304	87.832654	-9.182041	-40.776873	9.182041	44.533477	3.147531	
50	-0.849370	-4.384200	3.566820	-26.553654	-27.972890	26.553654	85.884089	-4.775694	-41.646914	4.775694	45.207514	3.182517	
51	-0.831942	-4.233576	3.564406	-30.754238	-27.727035	30.754238	83.727363	-0.489302	-42.184165	0.489302	45.628685	3.214744	
52	-0.827667	-4.063414	3.554333	-35.455949	-27.336036	35.455949	80.969037	3.670373	-42.166712	-3.670373	45.516127	3.243383	
53	-0.824955	-3.845709	3.535488	-40.064396	-26.610624	40.064396	77.002537	7.518953	-41.291154	-7.518953	44.526094	3.267559	
54	-0.800352	-3.558611	3.506810	-44.463644	-25.542090	44.463644	71.525073	10.714249	-39.352445	-10.714249	42.429675	3.286467	
55	-0.757279	-3.210350	3.467662	-48.780338	-24.261086	48.780338	64.762940	13.140997	-36.360656	-13.140997	39.194655	3.299732	
56	-0.722256	-2.823579	3.417471	-52.997875	-22.905463	52.997875	57.143801	14.933926	-32.449136	-14.933926	34.905934	3.307354	
57	-0.715275	-2.423103	3.355650	-57.285108	-21.747734	57.285108	49.320896	15.996022	-27.847830	-15.996022	29.782264	3.309365	
58	-0.742729	-2.027296	3.281924	-62.085752	-21.148770	62.085752	41.988031	15.938958	-22.803042	-15.938958	24.091396	3.305948	
59	-0.795359	-1.636105	3.196440	-67.468912	-21.264101	67.468912	35.417215	14.394957	-17.476212	-14.394957	18.044248	3.297694	
60	-0.851023	-1.238422	3.100085	-72.653711	-21.947432	72.653711	29.525684	11.234466	-11.989969	-11.234466	11.848271	3.285453	
61	-0.887893	-0.820780	2.994622	-76.840147	-23.020186	76.840147	24.198797	6.416184	-6.377247	-6.416184	5.621397	3.270054	
62	-0.887292	-0.362340	2.882440	-80.403538	-24.567560	80.403538	19.373478	-0.397213	-0.439651	0.397213	-0.784959	3.252241	
63	-0.836237	0.162105	2.766312	-84.295333	-26.800295	84.295333	14.976430	-9.684134	6.163554	9.684134	-7.694453	3.232750	
64	-0.735565	0.762431	2.649008	-89.001061	-29.785156	89.001061	11.064971	-21.543268	13.595395	21.543268	-15.259742	3.212375	
65	-0.594573	1.421849	2.533198	-94.821014	-33.473056	94.821014	8.023428	-35.629508	21.674213	35.629508	-23.276286	3.191784	
66	-0.420197	2.111752	2.421897	-101.997928	-37.790988	101.997928	6.379872	-51.497300	30.051680	51.497300	-31.377150	3.171063	
67	-0.217009	2.807094	2.318714	-110.424337	-42.653891	110.424337	6.546701	-68.786301	38.394950	68.786301	-39.234860	3.149758	
68	0.011623	3.483689	2.227784	-120.022864	-48.003722	120.022864	8.828994	-87.072308	46.340389	87.072308	-46.512127	3.127720	
69	0.271185	4.120080	2.153703	-131.078240	-53.806253	131.078240	13.379331	-105.864272	53.496613	105.864272	-52.877894	3.105509	
70	0.578203	4.704211	2.101351	-143.891851	-59.978437	143.891851	20.110492	-124.816085	59.561703	124.816085	-58.158307	3.083875	
71	0.945738	5.226220	2.075210	-158.302505	-66.318579	158.302505	28.705138	-143.557523	64.326184	143.557523	-62.338733	3.063332	
72	1.369719	5.671072	2.078284	-173.579230	-72.512729	173.579230	38.548393	-161.425160	67.644933	161.425160	-65.466522	3.044019	
73	1.830522	6.021710	2.111178	-188.715937	-78.249075	188.715937	48.752042	-177.605368	69.478587	177.605368	-67.602175	3.025707	
74	2.301294	6.265644	2.171556	-202.642702	-83.283274	202.642702	58.298046	-191.329969	69.922989	191.329969	-68.812280	3.007902	
75	2.764698	6.410226	2.254420	-214.937501	-87.565727	214.937501	66.266849	-202.339829	69.306429	202.339829	-69.300166	2.989893	
76	3.229921	6.488518	2.354015	-226.685703	-91.395041	226.685703	72.181644	-211.398299	68.201819	211.398299	-69.478012	2.970928	
77	3.718018	6.531080	2.465747	-239.334662	-95.061122	239.334662	75.915260	-219.527790	67.112667	219.527790	-69.666100	2.950477	
78	4.226071	6.544277	2.585934	-252.833223	-98.345479	252.833223	77.264122	-226.772865	66.260436	226.772865	-69.850454	2.928245	
79	4.703215	6.516772	2.710451	-265.548739	-100.578373	265.548739	75.934622	-231.969788	65.645571	231.969788	-69.769891	2.903951	
80	5.069810	6.428120	2.833770	-275.296061	-101.021857	275.296061	71.866149	-233.475780	65.068980	233.475780	-69.097962	2.877263	
81	5.287808	6.272547	2.949377	-280.657520	-99.333326	280.657520	65.483119	-230.815216	64.370860	230.815216	-67.816751	2.847937	
82	5.381000	6.075198	3.052006	-281.646110	-95.784459	281.646110	57.615397	-225.257246	63.697487	225.257246	-66.347570	2.815841	
83	5.377590	5.870005	3.138963	-279.021607	-91.006353	279.021607	49.176894	-218.394378	63.284598	218.394378	-65.158021	2.780917	
84	5.306358	5.701112	3.209658	-274.004927	-85.963552	274.004927	41.115872	-212.133497	63.400219	212.133497	-64.692516	2.743265	
85	5.229993	5.637463	3.266310	-268.499979	-82.052218	268.499979	34.469963	-209.540414	64.544867	209.540414	-65.535433	2.703189	
86	5.200461	5.722276	3.314545	-263.799668	-80.343347	263.799668	29.969216	-212.702443	67.038263	212.702443	-67.959279	2.661085	
87	5.199009	5.925207	3.360524	-258.992792	-80.764992	258.992792	27.680349	-220.287067	70.453710	220.287067	-71.455825	2.617259	
88	5.185010	6.198486	3.407696	-252.408575	-82.802934	252.408575	27.455565	-229.911821	74.110644	229.911821	-75.339049	2.571797	
89	5.173265	6.533016	3.458081	-244.426388	-86.457910	244.426388	29.479719	-241.432653	77.866101	241.432653	-79.490512	2.524613	
90	5.198041	6.913051	3.514836	-236.797851	-91.622434	236.797851	33.915220	-255.160310	81.798492	255.160310	-83.955437	2.475539	
91	5.256002	7.294364	3.580990	-230.258392	-97.501211	230.258392	40.330504	-269.650754	85.738306	269.650754	-88.498217	2.424385	
92	5.337460	7.656540	3.657620	-224.675631	-103.304607	224.675631	47.856648	-283.426289	89.614665	283.426289	-92.996919	2.371005	
93	5.466904	8.026329	3.744862	-220.193627	-108.858712	220.193627	55.752112	-296.872973	93.775326	296.872973	-97.767450	2.315175	
94	5.679030	8.448547	3.843430	-217.179837	-114.411251	217.179837	63.673230	-311.480684	98.688564	311.480684	-103.262328	2.256350	
95	5.983244	8.956818	3.954765	-215.849991	-120.226345	215.849991	71.565141	-328.303383	104.560097	328.303383	-109.678066	2.193665	
96	6.377661	9.569443	4.080434	-216.253654	-126.458369	216.253654	79.527549	-347.799888	111.381724	347.799888	-116.970164	2.126152	
97	6.862999	10.281197	4.221508	-217.888120	-132.956448	217.888120	87.562846	-369.595612	118.896872	369.595612	-124.809957	2.053059	
98	7.427197	11.064884	4.377919	-219.554468	-139.356519	219.554468	95.580957	-392.438814	126.460883	392.438814	-132.522516	1.974164	
99	8.037947	11.893734	4.548507	-221.098009	-145.709799	221.098009	104.139208	-415.374539	133.244828	415.374539	-139.373837	1.889932	
100	8.632848	12.718237	4.731796	-222.811348	-151.878098	222.811348	113.924250	-437.139906	138.254341	437.139906	-144.498577	1.801482	
101	9.130007	13.460937	4.926106	-220.864614	-156.719267	220.864614	124.367104	-455.806826	140.459608	455.806826	-146.829514	1.710191	
102	9.484374	14.086709	5.129627	-210.992572	-159.751949	210.992572	135.180993	-470.978444	139.449408	470.978444	-145.765096	1.616998	
103	9.712761	14.604983	5.341428	-197.090761	-162.145088	197.090761	147.886374	-483.581114	135.517438	483.581114	-141.519731	1.522267	
104	9.854500	15.002206	5.561804	-185.305284	-164.675594	185.305284	163.483298	-493.862930	129.124638	493.862930	-134.677949	1.426518	
105	9.926902	15.239061	5.791268	-175.618951	-166.690010	175.618951	180.853577	-501.221343	120.654354	501.221343	-125.759841	1.330860	
106	9.932879	15.307091	6.029691	-168.007343	-167.674622	168.007343	198.460618	-504.825645	110.555364	504.825645	-115.277905	1.236517	
107	9.895398	15.244261	6.276409	-163.825699	-167.617673	163.825699	215.064463	-504.369676	99.421300	504.369676	-103.941941	1.144282	
108	9.837118	15.079271	6.530287	-158.799559	-165.722280	158.799559	228.480402	-499.922722	87.715424	499.922722	-92.390429	1.054540	
109	9.736631	14.806797	6.789259	-147.084114	-160.994535	147.084114	236.397875	-490.991170	75.517914	490.991170	-80.744729	0.967554	
110	9.543438	14.417824	7.050577	-128.581100	-153.683070	128.581100	238.388593	-476.974507	62.693709	476.974507	-68.714348	0.883576	
111	9.231505	13.911638	7.311849	-108.310493	-145.113258	108.310493	235.833393	-458.240816	49.341558	458.240816	-56.240734	0.802829	
112	8.828585	13.290678	7.571320	-90.146675	-136.163589	90.146675	229.689812	-435.755813	36.103834	435.755813	-44.028946	0.725626	
113	8.405303	12.571914	7.826956	-71.425314	-126.203156	71.425314	218.887893	-410.236531	24.030176	410.236531	-33.467180	0.652494	
114	8.052191	11.807519	8.075315	-45.099125	-113.767830	45.099125	201.558929	-382.062398	14.135334	382.062398	-26.181832	0.584048	
115	7.824007	11.066893	8.311577	-4.949081	-97.911489	4.949081	177.289719	-351.707963	6.716029	351.707963	-23.014957	0.520823	
116	7.701406	10.396171	8.531495	47.828689	-79.439747	-47.828689	148.682323	-320.300405	1.148828	320.300405	-23.273206	0.463326	
117	7.671233	9.820582	8.732779	104.550922	-60.335297	-104.550922	119.797458	-289.084203	-3.181058	289.084203	-26.250688	0.412414	
118	7.763831	9.365053	8.913548	158.348153	-42.127495	-158.348153	93.501579	-258.888631	-6.596227	258.888631	-32.077663	0.369498	
119	7.970527	9.043791	9.071644	204.913028	-26.103851	-204.913028	72.120088	-230.797766	-9.809475	230.797766	-40.112096	0.335784	
120	8.239883	8.837612	9.206437	239.843841	-13.372577	-239.843841	57.655992	-205.539790	-13.641479	205.539790	-49.160280	0.311284	
121	8.543372	8.711086	9.318809	262.920922	-3.969217	-262.920922	50.311194	-182.439052	-18.456104	182.439052	-58.959084	0.294825	
122	8.877555	8.650925	9.409390	277.838488	2.674283	-277.838488	49.224459	-160.348488	-24.542305	160.348488	-69.509088	0.284941	
123	9.239829	8.654970	9.478162	286.912132	6.885477	-286.912132	53.809316	-138.210162	-32.343110	138.210162	-80.279273	0.280456	
124	9.637551	8.713215	9.524481	289.980694	8.875529	-289.980694	63.585156	-114.638032	-42.241330	114.638032	-90.707887	0.280110	
125	10.084177	8.819610	9.546607	286.831142	8.876025	-286.831142	78.299235	-88.534746	-54.751191	88.534746	-99.848480	0.282313	
126	10.576451	8.946183	9.541686	277.803441	7.116740	-277.803441	98.046738	-59.471848	-70.302232	59.471848	-106.217302	0.285956	
127	11.084271	9.023535	9.506127	262.411050	3.793870	-262.411050	122.856286	-27.476536	-88.411025	27.476536	-108.800666	0.291049	
128	11.532570	8.984331	9.436243	240.759256	-0.892596	-240.759256	152.537223	6.947849	-107.265361	-6.947849	-107.170824	0.298093	
129	11.856032	8.793960	9.329343	217.348033	-6.526062	-217.348033	187.019335	42.933049	-124.231455	-42.933049	-101.994866	0.307078	
130	12.055194	8.428286	9.185633	199.298592	-12.542813	-199.298592	226.476610	78.788441	-136.558053	-78.788441	-95.734966	0.317231	
131	12.114443	7.845146	9.010078	191.381688	-18.258649	-191.381688	268.984411	111.909692	-140.807271	-111.909692	-91.875769	0.327481	
132	11.982765	7.003085	8.812702	195.666567	-23.311786	-195.666567	310.207729	139.007936	-133.710358	-139.007936	-92.741811	0.336840	
133	11.616372	5.876981	8.609426	213.217102	-28.041054	-213.217102	346.299184	156.628370	-114.387827	-156.628370	-96.560072	0.344292	
134	10.916447	4.446127	8.422613	243.471383	-32.422405	-243.471383	372.368750	163.853354	-83.782804	-163.853354	-98.370155	0.348608	
135	9.718570	2.716077	8.275248	281.281230	-35.236641	-281.281230	380.079010	164.448821	-43.826402	-164.448821	-94.973933	0.348568	
136	7.921482	0.752283	8.178918	315.927860	-34.856475	-315.927860	361.082802	165.394782	1.547449	-165.394782	-88.403311	0.343205	
137	5.582887	-1.298556	8.124612	336.768057	-30.577821	-336.768057	312.565276	173.780651	46.618189	-173.780651	-84.711127	0.331848	
138	2.912927	-3.236551	8.085122	342.777425	-23.383513	-342.777425	239.974869	193.848367	85.754271	-193.848367	-88.834058	0.314182	
139	0.211432	-4.916282	8.028121	345.101977	-15.389974	-345.101977	155.263406	224.706633	115.190477	-224.706633	-100.432349	0.290434	
140	-2.230269	-6.304025	7.929570	357.497177	-8.225930	-357.497177	71.161855	260.917936	133.767893	-260.917936	-114.644185	0.261834	
141	-4.201718	-7.429008	7.779960	385.636135	-2.084952	-385.636135	-3.269636	295.619684	142.288052	-295.619684	-125.648824	0.231477	
142	-5.606812	-8.323231	7.583269	424.436322	3.823166	-424.436322	-62.811327	323.377681	142.240926	-323.377681	-129.586687	0.204925	
143	-6.434433	-9.009085	7.351915	460.892854	10.266910	-460.892854	-104.886072	340.944721	134.699928	-340.944721	-125.180076	0.188710	
144	-6.692012	-9.495821	7.102561	478.739944	17.447711	-478.739944	-129.325207	346.491576	120.271996	-346.491576	-112.856399	0.186081	
145	-6.411607	-9.775029	6.854096	465.445581	25.039904	-465.445581	-138.046256	339.788873	100.041429	-339.788873	-94.320094	0.194755	
146	-5.695651	-9.839808	6.624743	420.599464	32.271040	-420.599464	-133.314732	323.453294	75.997839	-323.453294	-72.187961	0.210147	
147	-4.717380	-9.678779	6.427329	358.890451	38.069260	-358.890451	-117.188689	303.118305	50.719873	-303.118305	-49.192200	0.229344	
148	-3.668710	-9.245498	6.265504	302.071309	41.507115	-302.071309	-93.592255	285.538082	26.885024	-285.538082	-27.582385	0.252166	
149	-2.698298	-8.467207	6.133633	266.913779	42.246053	-266.913779	-69.791710	275.925177	6.807207	-275.925177	-9.069804	0.280189	
150	-1.891819	-7.299838	6.019748	259.019716	40.790403	-259.019716	-54.960119	276.061462	-7.720729	-276.061462	4.882616	0.315112	
151	-1.277843	-5.777902	5.910089	273.455251	38.223519	-273.455251	-55.548032	283.323366	-15.674221	-283.323366	13.155376	0.357381	
152	-0.837338	-4.021230	5.794291	299.520902	35.436151	-299.520902	-70.827259	291.687582	-17.266925	-291.687582	15.535462	0.405665	
153	-0.545445	-2.205220	5.668781	326.306586	32.820733	-326.306586	-93.916452	295.236569	-13.877472	-295.236569	12.835042	0.457292	
154	-0.396630	-0.501113	5.536638	345.657450	30.558435	-345.657450	-116.944272	291.031784	-7.518499	-291.031784	6.629700	0.509199	
155	-0.362858	0.978413	5.405813	352.068369	28.718131	-352.068369	-134.543653	279.035170	-0.353250	-279.035170	-0.921195	0.558779	
156	-0.374995	2.169542	5.287148	342.194312	27.238738	-342.194312	-144.412604	261.049097	5.836396	-261.049097	-7.693264	0.604119	
157	-0.381625	3.015649	5.190418	315.628244	26.108270	-315.628244	-147.409648	240.288775	10.349746	-240.288775	-12.751697	0.643698	
158	-0.402765	3.466934	5.118315	275.505600	25.390563	-275.505600	-147.179872	220.475450	13.904271	-220.475450	-16.870043	0.676052	
159	-0.497541	3.520464	5.063478	227.632703	24.982695	-227.632703	-148.145102	204.307956	17.920154	-204.307956	-21.538724	0.699607	
160	-0.691068	3.244035	5.012089	178.620407	24.557859	-178.620407	-153.104082	192.693445	23.358815	-192.693445	-27.584215	0.713158	
161	-0.954134	2.745093	4.950203	134.356109	23.754796	-134.356109	-161.868398	184.992151	30.190376	-184.992151	-34.716165	0.716948	
162	-1.222105	2.122452	4.868325	99.183843	22.206814	-99.183843	-171.389652	179.529990	37.515844	-179.529990	-41.839669	0.713009	
163	-1.423215	1.452672	4.763349	75.153275	19.646809	-75.153275	-177.757675	174.358120	44.077862	-174.358120	-47.707232	0.704504	
164	-1.515150	0.795977	4.638006	61.866540	16.288176	-61.866540	-178.580501	168.211736	48.880733	-168.211736	-51.519723	0.694807	
165	-1.496393	0.193637	4.498640	57.391993	12.853909	-57.391993	-173.678346	160.852215	51.486513	-160.852215	-53.086181	0.686625	
166	-1.387311	-0.333210	4.352575	59.138851	10.098139	-59.138851	-164.345062	152.583011	51.953484	-152.583011	-52.644570	0.681567	
167	-1.212717	-0.772566	4.206322	64.242678	8.414753	-64.242678	-152.319775	143.671638	50.629007	-143.671638	-50.595551	0.680237	
168	-0.997588	-1.117413	4.065068	70.251899	7.808981	-70.251899	-138.897762	134.250343	47.919428	-134.250343	-47.285838	0.682569	
169	-0.764274	-1.370769	3.932700	75.698168	8.032826	-75.698168	-124.736689	124.513821	44.184180	-124.513821	-42.983565	0.688065	
170	-0.532334	-1.541620	3.811746	79.828940	8.780309	-79.828940	-110.501456	114.824110	39.811268	-114.824110	-38.019905	0.695838	
171	-0.320320	-1.633861	3.703375	82.295347	9.834595	-82.295347	-97.189930	105.658388	35.217025	-105.658388	-32.807912	0.704724	
172	-0.132222	-1.641483	3.607867	83.126795	10.949501	-83.126795	-85.550802	97.381467	30.661490	-97.381467	-27.655951	0.713463	
173	0.049707	-1.567140	3.525511	82.474635	11.764672	-82.474635	-75.641391	89.977010	26.223275	-89.977010	-22.696500	0.720796	
174	0.235349	-1.439963	3.456758	80.392205	12.133010	-80.392205	-67.306769	83.234899	22.009169	-83.234899	-18.050557	0.725615	
175	0.404749	-1.300050	3.401180	76.833308	12.299395	-76.833308	-60.772870	77.141389	18.239531	-77.141389	-13.940558	0.727227	
176	0.528794	-1.181373	3.356657	71.495578	12.582758	-71.495578	-56.558685	71.786827	15.154343	-71.786827	-10.619509	0.725448	
177	0.591291	-1.096844	3.319653	63.985526	13.125063	-63.985526	-54.975297	67.200311	12.885800	-67.200311	-8.228447	0.720453	
178	0.587438	-1.016265	3.286329	54.401311	13.957517	-54.401311	-55.788853	63.504554	11.379942	-63.504554	-6.728754	0.712668	
179	0.512757	-0.916393	3.253407	43.442447	15.003997	-43.442447	-58.393180	60.725467	10.593385	-60.725467	-6.082342	0.702683	
180	0.354526	-0.846448	3.217640	32.285119	16.042601	-32.285119	-62.232257	58.473967	10.720602	-58.473967	-6.445539	0.691193	
181	0.099149	-0.883770	3.174907	22.478571	16.849076	-22.478571	-66.874160	56.217828	11.994592	-56.217828	-7.997267	0.679162	
182	-0.240769	-1.063715	3.120803	15.631585	17.273243	-15.631585	-71.541656	53.661962	14.248103	-53.661962	-10.540120	0.667689	
183	-0.610327	-1.330378	3.052983	12.313836	17.309753	-12.313836	-74.974579	50.907854	16.699907	-50.907854	-13.319400	0.657609	
184	-0.944129	-1.566846	2.973112	11.395258	17.099477	-11.395258	-76.224726	48.232617	18.479798	-48.232617	-15.505930	0.649512	
185	-1.209851	-1.717825	2.885561	11.607404	16.728639	-11.607404	-75.210782	45.667576	19.326752	-45.667576	-16.803278	0.643771	
186	-1.406080	-1.805693	2.794831	12.457660	16.211245	-12.457660	-72.376567	43.055226	19.443569	-43.055226	-17.335105	0.640304	
187	-1.546255	-1.862160	2.704531	13.548844	15.607153	-13.548844	-68.452702	40.331650	19.128127	-40.331650	-17.345762	0.638580	
188	-1.655681	-1.910718	2.616872	14.314054	15.030971	-14.314054	-64.356343	37.535654	18.688604	-37.535654	-17.132142	0.637875	
189	-1.762885	-1.970781	2.532351	14.313741	14.595755	-14.313741	-60.822275	34.709591	18.367749	-34.709591	-16.960756	0.637445	
190	-1.890832	-2.055597	2.450182	13.441295	14.379053	-13.441295	-58.182033	31.880813	18.288153	-31.880813	-16.996979	0.636759	
191	-2.046791	-2.165673	2.368975	11.848474	14.394003	-11.848474	-56.346151	29.084025	18.411182	-29.084025	-17.240577	0.635732	
192	-2.212559	-2.285692	2.287435	9.808888	14.562717	-9.808888	-54.848921	26.355618	18.531351	-26.355618	-17.487198	0.634540	
193	-2.358495	-2.396469	2.205037	7.598236	14.758355	-7.598236	-53.178177	23.717990	18.428643	-23.717990	-17.482193	0.633227	
194	-2.468324	-2.486049	2.122118	5.383321	14.877755	-5.383321	-51.121801	21.188510	18.021285	-21.188510	-17.118961	0.631649	
195	-2.538217	-2.545735	2.039369	3.227595	14.856268	-3.227595	-48.689395	18.791991	17.323142	-18.791991	-16.412884	0.629595	
196	-2.559531	-2.565516	1.957641	1.168132	14.639079	-1.168132	-45.884027	16.545434	16.347045	-16.545434	-15.368483	0.626869	
197	-2.518348	-2.538547	1.878143	-0.765010	14.178694	0.765010	-42.706443	14.442973	15.119190	-14.442973	-13.974280	0.623400	
198	-2.409316	-2.467309	1.802232	-2.561568	13.463906	2.561568	-39.277134	12.470134	13.728157	-12.470134	-12.275979	0.619291	
199	-2.246377	-2.366544	1.730934	-4.221068	12.545275	4.221068	-35.865182	10.620671	12.316566	-10.620671	-10.417096	0.614711	
200	-2.058128	-2.256260	1.664704	-5.760270	11.516014	5.760270	-32.743045	8.897351	11.008770	-8.897351	-8.596117	0.609725	
201	-1.869635	-2.150213	1.603384	-7.204463	10.453989	7.204463	-30.010941	7.302137	9.852118	-7.302137	-6.957240	0.604288	
202	-1.696720	-2.057960	1.546350	-8.452058	9.400433	8.452058	-27.612805	5.828785	8.848731	-5.828785	-5.558637	0.598462	
203	-1.551735	-1.990215	1.492708	-9.230709	8.386149	9.230709	-25.425058	4.467114	7.991103	-4.467114	-4.410750	0.592509	
204	-1.431292	-1.944875	1.441602	-9.362399	7.433645	9.362399	-23.210391	3.215958	7.212370	-3.215958	-3.442417	0.586702	
205	-1.294741	-1.879618	1.392950	-8.979297	6.517095	8.979297	-20.599762	2.113761	6.350839	-2.113761	-2.457105	0.581202	
206	-1.091837	-1.726389	1.348000	-8.447392	5.598728	8.447392	-17.497025	1.246039	5.310495	-1.246039	-1.307902	0.576052	
207	-0.834231	-1.482210	1.308284	-8.048227	4.723658	8.048227	-14.402771	0.629321	4.255568	-0.629321	-0.132790	0.571102	
208	-0.591189	-1.240388	1.273889	-7.684688	3.974118	7.684688	-11.850272	0.129257	3.442078	-0.129257	0.805535	0.566136	
209	-0.402487	-1.079887	1.243512	-7.091100	3.364099	7.091100	-9.863781	-0.378172	2.926037	0.378172	1.446967	0.561178	
210	-0.252546	-0.999317	1.215831	-6.246081	2.847024	6.246081	-8.196184	-0.896999	2.590316	0.896999	1.926650	0.556448	
211	-0.113089	-0.967238	1.190162	-5.330006	2.358800	5.330006	-6.664193	-1.392730	2.320723	1.392730	2.391169	0.552155	
212	0.037295	-0.960553	1.166358	-4.487555	1.831184	4.487555	-5.174184	-1.846839	2.053006	1.846839	2.949073	0.548482	
213	0.220563	-0.958828	1.144682	-3.744026	1.196361	3.744026	-3.634995	-2.240624	1.734525	2.240624	3.708267	0.545639	
214	0.478541	-0.917228	1.125813	-2.946140	0.337597	2.946140	-1.838042	-2.485328	1.252185	2.485328	4.833456	0.543928	
215	0.870716	-0.766901	1.111120	-1.785797	-0.933522	1.785797	0.510406	-2.414547	0.434360	2.414547	6.526365	0.543768	
216	1.420784	-0.483206	1.102660	-0.048108	-2.746917	0.048108	3.536568	-1.978261	-0.787798	1.978261	8.865552	0.545629	
217	2.057375	-0.131160	1.102285	2.142144	-4.967511	-2.142144	7.003029	-1.376539	-2.252778	1.376539	11.607773	0.549885	
218	2.690905	0.217079	1.110659	4.596622	-7.403005	-4.596622	10.696418	-0.845228	-3.782151	0.845228	14.456257	0.556687	
219	3.034293	0.405175	1.126170	6.263378	-9.036718	-6.263378	13.130905	-0.647561	-4.730061	0.647561	16.160245	0.565709	
220	3.344735	0.583650	1.145429	8.032625	-10.765162	-8.032625	15.739369	-0.529204	-5.682401	0.529204	17.795513	0.576174	
