kww	// User ID
23-6-2021	// Evaluation date
p14_v_50_crow_003	23-6-2021	12:53:33:672	// Source file name and timestamp
238.095	// Sampling rate
1.121	// Data capture period

1.980000	// height
106.900000	// mass


Sample #	elbVar	shldrIR	LwristLinVelo	thorJFPd	thorSTPd	UaJFPp	UaSTPp	UaJFPd	UaSTPd	FaJFPp	FaSTPp	RwristLinVelo	
0	2.698037	5.343497	2.510281	-21.576864	-2.773763	21.576864	-33.495101	-4.224695	11.486100	4.224695	-12.355404	1.600132	
1	2.836698	4.320363	2.496056	-12.950927	-2.331455	12.950927	-26.320757	-2.241187	9.887958	2.241187	-12.094297	1.607398	
2	2.978983	3.513408	2.482934	-5.019354	-1.753737	5.019354	-20.710519	-0.110667	8.634232	0.110667	-12.614688	1.610689	
3	2.684696	1.675379	2.473448	8.164098	-1.067088	-8.164098	-8.884881	3.143208	5.646394	-3.143208	-12.425257	1.609479	
4	2.211417	-0.230873	2.470946	20.453506	-0.406813	-20.453506	2.983004	5.971807	2.566626	-5.971807	-11.862842	1.604956	
5	1.629829	-2.064489	2.476168	30.375023	0.173557	-30.375023	14.225703	7.841897	-0.484546	-7.841897	-10.532429	1.599455	
6	1.066097	-3.630637	2.489229	36.816636	0.651130	-36.816636	24.004829	8.479805	-3.344744	-8.479805	-8.430805	1.595873	
7	0.609643	-4.843711	2.508963	39.983142	1.034242	-39.983142	32.249757	8.040488	-6.025038	-8.040488	-5.774809	1.596623	
8	0.320125	-5.651205	2.533352	40.535145	1.319960	-40.535145	38.883931	6.855412	-8.465628	-6.855412	-2.926787	1.602775	
9	0.214073	-6.074808	2.559926	39.246175	1.481842	-39.246175	43.828703	5.303612	-10.557352	-5.303612	-0.239803	1.613801	
10	0.261608	-6.204495	2.586645	36.863518	1.478795	-36.863518	47.245520	3.693611	-12.267002	-3.693611	2.114124	1.628216	
11	0.395965	-6.148117	2.612751	34.109670	1.256036	-34.109670	49.684047	2.162302	-13.717329	-2.162302	4.241687	1.644726	
12	0.556142	-5.959656	2.638429	31.496899	0.764093	-31.496899	51.623275	0.650439	-15.014315	-0.650439	6.322116	1.662999	
13	0.717502	-5.643823	2.663707	29.175992	0.036452	-29.175992	53.067426	-0.965549	-16.088129	0.965549	8.362390	1.683301	
14	0.875439	-5.231998	2.688114	27.083085	-0.790069	-27.083085	53.863063	-2.729492	-16.834786	2.729492	10.275952	1.705614	
15	1.032069	-4.763758	2.710652	25.097233	-1.568271	-25.097233	53.922324	-4.662525	-17.188283	4.662525	11.963273	1.729179	
16	1.191665	-4.264500	2.730142	22.880457	-2.190877	-22.880457	53.147514	-6.770803	-17.103248	6.770803	13.322469	1.752505	
17	1.337926	-3.848153	2.746662	19.861547	-2.655101	-19.861547	51.841357	-8.818491	-16.821848	8.818491	14.501061	1.774345	
18	1.438503	-3.667348	2.761623	15.910440	-3.104390	-15.910440	50.788891	-10.465400	-16.860475	10.465400	15.908911	1.795269	
19	1.493253	-3.714029	2.775939	11.582108	-3.630375	-11.582108	50.383201	-11.716890	-17.451898	11.716890	17.711600	1.817448	
20	1.548788	-3.844887	2.789962	7.427003	-4.163619	-7.427003	50.230339	-12.821551	-18.355163	12.821551	19.633640	1.842589	
21	1.648722	-3.957917	2.804819	3.702587	-4.622213	-3.702587	49.912171	-13.909376	-19.277397	13.909376	21.386940	1.871115	
22	1.790525	-4.040337	2.821674	0.455043	-4.986258	-0.455043	49.577969	-15.027539	-20.190130	15.027539	22.998092	1.903207	
23	1.925385	-4.113306	2.839937	-2.411699	-5.256131	2.411699	49.627004	-16.258398	-21.255589	16.258398	24.692139	1.939359	
24	2.000104	-4.188436	2.857610	-4.819093	-5.444340	4.819093	50.288640	-17.644281	-22.603671	17.644281	26.633923	1.979876	
25	2.007108	-4.258360	2.873458	-6.452060	-5.577933	6.452060	51.501774	-19.140674	-24.168993	19.140674	28.782199	2.024562	
26	1.971913	-4.310284	2.889707	-7.155129	-5.685545	7.155129	53.013702	-20.680305	-25.759555	20.680305	30.975760	2.072802	
27	1.915145	-4.336260	2.911743	-7.113896	-5.796124	7.113896	54.584493	-22.209728	-27.222807	22.209728	33.084374	2.123565	
28	1.859614	-4.321987	2.941527	-6.608186	-5.929656	6.608186	55.994623	-23.680726	-28.417233	23.680726	34.974925	2.175438	
29	1.836204	-4.243720	2.974633	-5.985462	-6.080897	5.985462	56.964453	-25.047603	-29.166099	25.047603	36.467201	2.226953	
30	1.860246	-4.094039	3.005826	-5.718999	-6.233018	5.718999	57.308084	-26.273345	-29.426789	26.273345	37.492999	2.276948	
31	1.943414	-3.888384	3.031323	-6.091624	-6.385602	6.091624	57.006766	-27.349959	-29.323255	27.349959	38.165552	2.324611	
32	2.104818	-3.639131	3.047634	-7.141596	-6.540561	7.141596	56.022980	-28.317633	-28.932844	28.317633	38.587437	2.369365	
33	2.336854	-3.351172	3.053333	-8.900510	-6.670710	8.900510	54.292032	-29.231453	-28.272118	29.231453	38.773486	2.410886	
34	2.605056	-3.046067	3.050163	-11.379275	-6.743499	11.379275	51.963920	-30.134423	-27.466611	30.134423	38.823731	2.449267	
35	2.868216	-2.781323	3.042191	-14.431160	-6.769936	14.431160	49.597045	-31.090960	-26.815180	31.090960	39.047670	2.485354	
36	3.090093	-2.618776	3.034688	-17.757962	-6.792244	17.757962	47.850966	-32.160472	-26.598793	32.160472	39.774603	2.520936	
37	3.269303	-2.558747	3.033322	-21.070320	-6.830545	21.070320	46.854397	-33.316073	-26.793980	33.316073	41.037373	2.558078	
38	3.432966	-2.546445	3.043017	-24.216187	-6.876620	24.216187	46.255154	-34.482833	-27.171312	34.482833	42.629666	2.598040	
39	3.597046	-2.540164	3.064665	-27.163733	-6.920889	27.163733	45.787311	-35.643381	-27.600773	35.643381	44.402802	2.641108	
40	3.766920	-2.532500	3.093034	-29.934656	-6.953710	29.934656	45.375707	-36.824592	-28.054242	36.824592	46.324926	2.687224	
41	3.956274	-2.525228	3.120079	-32.574819	-6.956507	32.574819	44.889700	-38.025151	-28.456891	38.025151	48.371807	2.736461	
42	4.182224	-2.510078	3.140407	-35.206609	-6.894813	35.206609	44.028403	-39.228052	-28.649650	39.228052	50.474066	2.788942	
43	4.442486	-2.470332	3.154151	-37.970816	-6.745297	37.970816	42.594382	-40.453830	-28.502424	40.453830	52.586176	2.844524	
44	4.706058	-2.391942	3.166841	-40.804746	-6.534542	40.804746	40.806187	-41.732944	-28.040085	41.732944	54.721895	2.902639	
45	4.940417	-2.259648	3.185155	-43.469290	-6.291620	43.469290	38.948671	-43.032521	-27.343475	43.032521	56.811598	2.962271	
46	5.132228	-2.041653	3.208839	-45.813114	-5.998491	45.813114	36.964356	-44.258536	-26.441475	44.258536	58.635760	3.021848	
47	5.282416	-1.706140	3.231019	-47.924929	-5.629709	47.924929	34.614191	-45.314150	-25.424809	45.314150	59.991387	3.079166	
48	5.403087	-1.272359	3.248164	-50.165609	-5.182120	50.165609	31.762641	-46.156166	-24.492413	46.156166	60.854910	3.132024	
49	5.517500	-0.817318	3.261486	-53.070796	-4.650656	53.070796	28.433170	-46.825338	-23.763330	46.825338	61.331153	3.179305	
50	5.645183	-0.425485	3.270951	-56.897990	-4.054807	56.897990	24.896389	-47.419653	-23.247395	47.419653	61.624757	3.221389	
51	5.780574	-0.147577	3.274893	-61.220811	-3.479247	61.220811	21.741248	-48.017977	-23.018876	48.017977	62.061845	3.259879	
52	5.896473	0.002967	3.272483	-65.294631	-2.993417	65.294631	19.467050	-48.623097	-23.147480	48.623097	62.870686	3.297059	
53	5.957908	0.027421	3.263964	-68.606979	-2.564791	68.606979	18.165753	-49.172965	-23.566929	49.172965	64.012130	3.335261	
54	5.944168	-0.047794	3.249585	-70.940941	-2.102027	70.940941	17.559603	-49.570186	-24.051605	49.570186	65.228669	3.376215	
55	5.887249	-0.132885	3.229645	-72.522420	-1.550588	72.522420	16.918757	-49.719329	-24.181734	49.719329	66.110301	3.420224	
56	5.852513	-0.123989	3.205792	-74.050568	-0.937184	74.050568	15.417710	-49.585417	-23.590496	49.585417	66.315823	3.465884	
57	5.857145	-0.002856	3.181509	-76.006801	-0.310060	76.006801	12.955413	-49.179722	-22.362381	49.179722	65.824875	3.511124	
58	5.858635	0.174724	3.161254	-78.250007	0.334134	78.250007	10.143177	-48.507507	-20.930858	48.507507	64.829643	3.554306	
59	5.819059	0.360575	3.149013	-80.426442	1.005179	80.426442	7.527482	-47.571177	-19.627295	47.571177	63.454479	3.594356	
60	5.725740	0.526522	3.147433	-82.203639	1.652174	82.203639	5.329262	-46.359922	-18.539073	46.359922	61.682250	3.630653	
61	5.580552	0.654352	3.157578	-83.229613	2.190345	83.229613	3.597978	-44.847783	-17.591752	44.847783	59.436918	3.663041	
62	5.408165	0.770362	3.178394	-83.366613	2.580646	83.366613	2.132838	-43.040085	-16.583310	43.040085	56.639019	3.691497	
63	5.242340	0.927268	3.206086	-82.821307	2.853938	82.821307	0.583723	-40.976801	-15.349010	40.976801	53.285540	3.715733	
64	5.096918	1.129887	3.234948	-81.894764	3.045107	81.894764	-1.154416	-38.729863	-13.955343	38.729863	49.573540	3.735454	
65	4.959069	1.331552	3.260343	-80.757476	3.169303	80.757476	-2.881893	-36.379949	-12.610953	36.379949	45.792313	3.750834	
66	4.800747	1.493508	3.280204	-79.480358	3.276990	79.480358	-4.440796	-33.927225	-11.429298	33.927225	42.037142	3.762165	
67	4.607359	1.609052	3.293689	-78.206634	3.435735	78.206634	-5.850614	-31.377244	-10.406464	31.377244	38.298071	3.769332	
68	4.391327	1.672584	3.300839	-77.044729	3.615218	77.044729	-6.990527	-28.910995	-9.581835	28.910995	34.772620	3.772471	
69	4.174641	1.659812	3.303238	-75.865697	3.647068	75.865697	-7.462254	-26.807173	-9.080711	26.807173	31.852666	3.772835	
70	3.967915	1.552904	3.303587	-74.505140	3.388096	74.505140	-6.994926	-25.210697	-9.006927	25.210697	29.838234	3.772433	
71	3.764781	1.377426	3.304806	-72.930386	2.883117	72.930386	-5.897974	-23.957834	-9.229447	23.957834	28.544881	3.772826	
72	3.565698	1.202262	3.308706	-71.148614	2.252842	71.148614	-4.865778	-22.704654	-9.358343	22.704654	27.350528	3.774291	
73	3.387838	1.085661	3.314974	-69.156354	1.534982	69.156354	-4.291739	-21.256212	-9.095735	21.256212	25.802002	3.776001	
74	3.235784	1.040735	3.322262	-66.958073	0.733395	66.958073	-4.133210	-19.601077	-8.390350	19.601077	23.781559	3.776663	
75	3.096638	1.061064	3.329738	-64.648160	-0.117994	64.648160	-4.329294	-17.756882	-7.257360	17.756882	21.230638	3.774902	
76	2.972205	1.148521	3.337192	-62.455566	-1.020558	62.455566	-4.906789	-15.803461	-5.710936	15.803461	18.156675	3.769515	
77	2.876215	1.302094	3.344722	-60.549305	-2.062054	60.549305	-5.744465	-13.923150	-3.811345	13.923150	14.687017	3.759789	
78	2.796570	1.495162	3.352435	-58.847179	-3.318245	58.847179	-6.534593	-12.254712	-1.684673	12.254712	10.973105	3.745564	
79	2.700189	1.684670	3.360067	-57.246278	-4.754038	57.246278	-7.009248	-10.849556	0.448319	10.849556	7.250822	3.727014	
80	2.570513	1.836921	3.366667	-55.839449	-6.336333	55.839449	-6.990305	-9.808728	2.342236	9.808728	3.842110	3.704545	
81	2.425501	1.953376	3.370390	-54.692971	-8.163376	54.692971	-6.379924	-9.256874	3.978517	9.256874	0.828310	3.678818	
82	2.298728	2.069011	3.369140	-53.713081	-10.329903	53.713081	-5.291477	-9.179006	5.579961	9.179006	-2.016355	3.650535	
83	2.206323	2.203898	3.361810	-52.854405	-12.812121	52.854405	-3.870183	-9.521729	7.245253	9.521729	-4.782509	3.620207	
84	2.147326	2.349357	3.348411	-52.193028	-15.584863	52.193028	-2.035555	-10.376186	8.878134	10.376186	-7.333667	3.588337	
85	2.106684	2.494501	3.329250	-51.619488	-18.620101	51.619488	0.319765	-11.708389	10.479198	11.708389	-9.709372	3.555324	
86	2.047151	2.619810	3.304938	-50.819649	-21.795771	50.819649	3.141876	-13.154270	12.138902	13.154270	-12.110285	3.520647	
87	1.920494	2.682082	3.276943	-49.824635	-24.978007	49.824635	6.338797	-14.327531	13.812126	14.327531	-14.549330	3.482677	
88	1.700470	2.644739	3.247209	-49.099633	-28.139677	49.099633	9.850249	-15.112659	15.343559	15.112659	-16.831048	3.439464	
89	1.435388	2.535684	3.217412	-49.085057	-31.376494	49.085057	13.661598	-15.924827	16.626607	15.924827	-18.690153	3.389892	
90	1.239643	2.454549	3.188955	-50.110773	-34.724447	50.110773	17.663889	-17.620492	17.677331	17.620492	-19.956165	3.335005	
91	1.196327	2.496562	3.162993	-52.311571	-38.065624	52.311571	21.562902	-20.755071	18.607413	20.755071	-20.721510	3.277974	
92	1.280902	2.653618	3.140027	-55.251509	-41.563968	55.251509	25.531214	-25.166920	19.491475	25.166920	-21.231186	3.222241	
93	1.394742	2.820182	3.120005	-58.210786	-45.680084	58.210786	30.382757	-30.298995	20.265874	30.298995	-21.610783	3.169655	
94	1.473816	2.920767	3.102717	-61.011959	-50.319894	61.011959	36.420854	-35.741693	20.783577	35.741693	-21.787463	3.120237	
95	1.525162	2.964748	3.087674	-64.008187	-54.754132	64.008187	43.072804	-41.402736	20.939633	41.402736	-21.655240	3.073490	
96	1.578685	2.985841	3.074124	-67.294167	-58.666603	67.294167	49.919994	-47.287396	20.784185	47.287396	-21.273702	3.029297	
97	1.660838	3.001597	3.061281	-70.529541	-62.868981	70.529541	57.465283	-53.522805	20.572292	53.522805	-20.924105	2.987596	
98	1.794836	3.021397	3.048117	-73.590594	-68.435574	73.590594	66.485728	-60.447271	20.625943	60.447271	-20.947261	2.948028	
99	1.997986	3.069329	3.033454	-77.092595	-75.245678	77.092595	76.696109	-68.357712	21.136500	68.357712	-21.537202	2.910183	
100	2.273198	3.178532	3.016710	-82.035166	-82.386922	82.035166	87.039245	-77.379373	22.152541	77.379373	-22.731259	2.873938	
101	2.608456	3.365805	2.998098	-88.987175	-89.408308	88.987175	96.940732	-87.627526	23.645941	87.627526	-24.481215	2.839572	
102	2.983057	3.620556	2.977797	-97.917428	-96.378433	97.917428	106.446454	-99.159904	25.554597	99.159904	-26.697414	2.807870	
103	3.388996	3.925867	2.955118	-108.717082	-103.485908	108.717082	115.769319	-112.032369	27.840853	112.032369	-29.309262	2.780084	
104	3.837154	4.284278	2.928412	-121.606547	-110.826045	121.606547	125.030650	-126.482624	30.505086	126.482624	-32.286154	2.757886	
105	4.305863	4.679284	2.895465	-136.860293	-118.324280	136.860293	134.273760	-142.324016	33.479016	142.324016	-35.521203	2.743006	
106	4.748447	5.067057	2.854280	-153.960814	-125.698429	153.960814	143.347050	-158.725859	36.596464	158.725859	-38.819044	2.736293	
107	5.151667	5.430177	2.804116	-171.611028	-132.520150	171.611028	151.801384	-175.018989	39.780760	175.018989	-42.103126	2.737795	
108	5.507053	5.760147	2.745765	-189.119973	-138.696111	189.119973	159.512426	-190.778139	43.058722	190.778139	-45.400105	2.747170	
109	5.787569	6.032672	2.681122	-206.930725	-144.607890	206.930725	166.865417	-205.614319	46.394171	205.614319	-48.676863	2.762859	
110	5.995976	6.253248	2.613169	-225.570007	-150.568669	225.570007	174.015144	-219.664783	49.751165	219.664783	-51.929124	2.782322	
111	6.171946	6.463039	2.545850	-245.011957	-156.638377	245.011957	180.758363	-233.611687	53.182872	233.611687	-55.250184	2.803972	
112	6.350529	6.691943	2.483058	-265.044146	-162.831249	265.044146	186.972778	-248.075328	56.715746	248.075328	-58.692352	2.828047	
113	6.552910	6.950415	2.427504	-285.474572	-169.122731	285.474572	192.660530	-263.426268	60.338348	263.426268	-62.264636	2.855935	
114	6.782640	7.236605	2.380009	-305.677508	-175.296922	305.677508	197.653251	-279.518447	64.060119	279.518447	-65.994622	2.889293	
115	7.006575	7.522622	2.339204	-324.446622	-180.893086	324.446622	201.476835	-295.270196	67.778039	295.270196	-69.775265	2.929251	
116	7.184987	7.768245	2.302508	-341.148389	-185.652015	341.148389	203.899763	-309.552193	71.278896	309.552193	-73.364510	2.975791	
117	7.315776	7.953042	2.268002	-356.719521	-189.990815	356.719521	205.505613	-322.466287	74.481392	322.466287	-76.654476	3.027773	
118	7.416544	8.069017	2.235017	-372.518807	-194.467818	372.518807	207.048301	-334.740483	77.412962	334.740483	-79.657511	3.083551	
119	7.506195	8.117594	2.203296	-388.844829	-199.054017	388.844829	208.534164	-346.743042	80.136101	346.743042	-82.416250	3.141825	
120	7.633599	8.158792	2.172480	-405.587353	-203.709356	405.587353	209.798746	-359.552890	83.109315	359.552890	-85.380002	3.202363	
121	7.860724	8.291318	2.142236	-423.030011	-209.003560	423.030011	211.334757	-375.275707	87.101757	375.275707	-89.344237	3.266389	
122	8.186586	8.534875	2.112251	-440.707846	-215.197798	440.707846	213.545230	-394.374878	92.284798	394.374878	-94.512134	3.336000	
123	8.545109	8.815056	2.081933	-457.174961	-221.931647	457.174961	216.438960	-414.841503	98.043576	414.841503	-100.284097	3.412498	
124	8.905622	9.089685	2.050393	-472.054172	-229.422813	472.054172	220.598384	-435.518221	104.048717	435.518221	-106.353674	3.495754	
125	9.311822	9.389424	2.016892	-485.978065	-238.072215	485.978065	226.423777	-457.216707	110.777155	457.216707	-113.205985	3.585744	
126	9.777269	9.714582	1.981340	-497.635365	-246.503486	497.635365	232.110443	-479.053300	118.467554	479.053300	-121.017769	3.683172	
127	10.244793	10.023289	1.944377	-503.808392	-252.078325	503.808392	234.464104	-497.988435	126.591231	497.988435	-129.177817	3.787873	
128	10.694067	10.329178	1.907048	-502.863282	-253.779897	502.863282	232.201416	-513.514212	134.930396	513.514212	-137.460087	3.898683	
129	11.153723	10.695991	1.870448	-495.791274	-252.889245	495.791274	226.845778	-528.102338	143.782919	528.102338	-146.190746	4.015556	
130	11.602692	11.141343	1.835403	-484.251946	-250.840260	484.251946	220.393198	-542.521798	152.838417	542.521798	-155.057093	4.140116	
131	11.986353	11.624886	1.802249	-469.438959	-247.988424	469.438959	213.678612	-555.047729	161.313868	555.047729	-163.293494	4.273665	
132	12.307715	12.140843	1.770827	-452.409391	-244.457102	452.409391	206.923415	-565.292395	169.092847	565.292395	-170.873807	4.415962	
133	12.622381	12.737164	1.740606	-434.048941	-240.688446	434.048941	200.429564	-575.123830	176.616588	575.123830	-178.368191	4.566214	
134	12.979791	13.438148	1.710785	-414.696261	-236.969626	414.696261	194.514418	-586.285195	184.090657	586.285195	-186.102661	4.724131	
135	13.396543	14.214356	1.680416	-394.194589	-233.206810	394.194589	189.412133	-599.203940	191.281899	599.203940	-193.923938	4.889874	
136	13.828853	14.984322	1.648585	-371.684773	-228.805490	371.684773	185.072828	-612.141697	197.335284	612.141697	-200.987140	5.063434	
137	14.170401	15.623224	1.614440	-345.805125	-222.970599	345.805125	181.394004	-621.459735	200.805958	621.459735	-205.781241	5.243904	
138	14.366132	16.033220	1.577132	-316.356824	-215.919906	316.356824	179.152418	-625.683245	201.240011	625.683245	-207.678988	5.429497	
139	14.519819	16.246250	1.535914	-284.818186	-208.550388	284.818186	178.686594	-627.350150	200.688318	627.350150	-208.448258	5.618433	
140	14.757514	16.414607	1.490137	-252.225131	-200.707696	252.225131	177.920585	-628.479785	201.445199	628.479785	-210.155703	5.809793	
141	15.054855	16.654454	1.439229	-218.025418	-191.550498	218.025418	174.499483	-627.845183	203.084684	627.845183	-212.371480	6.003842	
142	15.351250	17.009993	1.383035	-181.589690	-180.912956	181.589690	167.987648	-623.917375	204.111364	623.917375	-213.853490	6.201736	
143	15.623577	17.480395	1.322372	-143.182162	-168.929526	143.182162	158.848732	-615.499452	203.434628	615.499452	-213.910719	6.404814	
144	15.790848	17.926360	1.259267	-103.319166	-155.276906	103.319166	147.608733	-599.908264	199.421611	599.908264	-211.285020	6.613731	
145	15.812709	18.150022	1.196490	-62.913999	-139.886559	62.913999	135.021738	-576.315268	191.622096	576.315268	-205.805913	6.827803	
146	15.785182	18.079222	1.136492	-23.394029	-123.396496	23.394029	121.632009	-547.999325	182.049557	547.999325	-199.666157	7.044907	
147	15.807136	17.762262	1.080497	14.389861	-106.252581	-14.389861	106.868991	-517.844526	172.901613	517.844526	-195.121703	7.261691	
148	15.893864	17.289077	1.028590	50.314971	-88.529461	-50.314971	89.671767	-486.059063	164.977831	486.059063	-192.877095	7.474030	
149	16.017186	16.733100	0.980358	84.448778	-70.443125	-84.448778	69.833693	-452.171123	158.115027	452.171123	-192.539622	7.677612	
150	16.137486	16.121143	0.935056	117.287742	-52.276778	-117.287742	47.877050	-415.805368	151.835327	415.805368	-193.303926	7.868136	
151	16.212323	15.460964	0.891578	149.837830	-34.123838	-149.837830	24.193366	-376.252646	145.628121	376.252646	-194.267894	8.041247	
152	16.203672	14.775261	0.849501	183.210767	-15.986114	-183.210767	-1.016094	-332.770899	138.984563	332.770899	-194.546389	8.192897	
153	16.093753	14.098507	0.810527	218.014236	1.840852	-218.014236	-26.932160	-285.797187	131.519428	285.797187	-193.583423	8.320102	
154	15.909680	13.468641	0.777404	253.485799	18.839427	-253.485799	-52.229521	-237.056272	123.292205	237.056272	-191.699146	8.421071	
155	15.719371	12.922302	0.751154	287.502740	34.716352	-287.502740	-75.887695	-188.426411	114.777627	188.426411	-190.007236	8.494382	
156	15.576261	12.468541	0.730708	317.582324	49.253338	-317.582324	-96.616684	-141.892464	106.257066	141.892464	-189.345777	8.538369	
157	15.444489	12.050120	0.714744	341.375933	61.854685	-341.375933	-112.033305	-99.962140	97.246852	99.962140	-189.091570	8.551921	
158	15.238392	11.589328	0.702518	357.346698	71.908858	-357.346698	-120.126094	-64.913176	87.099858	64.913176	-187.943246	8.535807	
159	14.944658	11.123416	0.693385	365.502520	79.402010	-365.502520	-120.496834	-37.715029	75.654776	37.715029	-185.381575	8.492641	
160	14.593932	10.786528	0.686624	366.183503	84.383710	-366.183503	-112.541720	-18.560208	62.502154	18.560208	-180.827533	8.426743	
161	14.174484	10.656140	0.681530	358.900388	86.291043	-358.900388	-94.661371	-7.852181	46.824454	7.852181	-173.063120	8.345005	
162	13.698927	10.738552	0.677197	343.394893	84.619452	-343.394893	-66.424860	-5.260629	28.359250	5.260629	-161.884039	8.256321	
163	13.266597	11.027588	0.672476	320.657899	79.621579	-320.657899	-29.431831	-8.809727	7.471618	8.809727	-148.750398	8.168683	
164	12.965778	11.493624	0.666330	292.271386	71.743370	-292.271386	14.225203	-16.082736	-15.667131	16.082736	-134.951580	8.087578	
165	12.820427	12.081364	0.658012	259.903214	61.245181	-259.903214	62.559206	-24.996727	-41.155884	24.996727	-120.831456	8.016983	
166	12.865960	12.738510	0.646814	225.938662	48.704158	-225.938662	113.182378	-33.041637	-69.056985	33.041637	-107.003181	7.959406	
167	13.155366	13.414246	0.632274	193.792885	35.159426	-193.792885	163.824969	-37.252919	-99.426719	37.252919	-94.434018	7.914972	
168	13.677589	14.014579	0.615682	167.478211	21.964326	-167.478211	212.729252	-35.005244	-131.589982	35.005244	-83.952170	7.882055	
169	14.336692	14.386635	0.600222	150.889909	10.776777	-150.889909	258.118146	-24.676808	-163.004684	24.676808	-76.888768	7.858662	
170	15.020919	14.406107	0.587801	146.399936	2.920742	-146.399936	298.919020	-6.420768	-190.066677	6.420768	-74.539173	7.843106	
171	15.634585	14.044493	0.577914	153.324834	-1.539590	-153.324834	335.332180	17.489965	-209.859557	-17.489965	-75.914605	7.834488	
172	16.067495	13.309056	0.569907	168.281317	-3.710282	-168.281317	366.258042	43.648408	-220.041379	-43.648408	-77.900547	7.833648	
173	16.191024	12.175436	0.564241	187.139377	-5.062494	-187.139377	386.792161	69.092018	-217.994398	-69.092018	-77.981023	7.843475	
174	15.866374	10.599115	0.561278	205.883850	-6.952896	-205.883850	389.250176	91.928581	-201.116278	-91.928581	-75.353897	7.867364	
175	14.975014	8.559373	0.560173	220.050731	-10.378349	-220.050731	366.724775	111.056465	-168.257736	-111.056465	-70.438674	7.906601	
176	13.465399	6.081031	0.559400	224.296609	-15.427478	-224.296609	315.708079	126.304011	-120.626143	-126.304011	-65.265241	7.958095	
177	11.334886	3.211951	0.556821	213.298279	-20.783594	-213.298279	235.305841	139.041985	-60.698264	-139.041985	-64.411815	8.012644	
178	8.612429	0.016885	0.551105	185.831102	-24.452429	-185.831102	128.213245	151.508146	8.178251	-151.508146	-73.265256	8.054806	
179	5.418597	-3.380976	0.543802	151.049549	-25.245209	-151.049549	5.636303	165.020047	80.095254	-165.020047	-93.703372	8.066511	
180	1.993731	-6.829598	0.537328	126.889726	-23.343225	-126.889726	-114.737651	179.325146	146.903624	-179.325146	-122.343906	8.032672	
181	-1.369964	-10.193196	0.533322	127.608146	-19.747428	-127.608146	-216.797281	193.255686	200.804792	-193.255686	-152.337529	7.945720	
182	-4.400441	-13.290532	0.532144	154.266925	-15.401323	-154.266925	-288.855973	205.660230	235.858137	-205.660230	-176.109124	7.807796	
183	-6.882453	-15.882948	0.532512	194.404065	-10.678154	-194.404065	-324.814421	216.036896	249.154010	-216.036896	-188.169975	7.629601	
184	-8.704884	-17.744813	0.533650	228.529719	-5.370755	-228.529719	-326.020584	224.815696	242.040712	-224.815696	-186.984439	7.426274	
185	-9.876540	-18.708352	0.534703	241.483956	0.883858	-241.483956	-299.560948	233.123664	219.468530	-233.123664	-174.636841	7.212762	
186	-10.450855	-18.720609	0.534034	231.073782	8.024317	-231.073782	-254.858223	241.417219	187.605965	-241.417219	-154.741813	7.001479	
187	-10.456036	-17.862983	0.531767	207.521823	15.417739	-207.521823	-201.349071	248.444401	151.763597	-248.444401	-130.569651	6.802478	
188	-9.906102	-16.296200	0.528573	185.658518	22.204262	-185.658518	-147.784762	252.002078	115.854570	-252.002078	-104.510839	6.624267	
189	-8.899773	-14.266922	0.523454	176.951028	27.789727	-176.951028	-102.596908	250.945155	83.200392	-250.945155	-78.738109	6.473504	
190	-7.649536	-12.102833	0.516190	185.307852	32.023585	-185.307852	-71.496626	246.616246	56.159697	-246.616246	-55.221859	6.352200	
191	-6.325454	-10.075642	0.507615	205.942931	34.839971	-205.942931	-53.582617	241.621277	34.863740	-241.621277	-34.887301	6.256740	
192	-5.060552	-8.374017	0.497657	228.475560	36.256275	-228.475560	-44.330699	238.838572	18.402552	-238.838572	-18.396526	6.180485	
193	-4.026169	-7.150193	0.485875	244.967016	36.432480	-244.967016	-39.518401	240.949275	6.037324	-240.949275	-6.439462	6.114059	
194	-3.250272	-6.409096	0.471983	256.336169	34.894884	-256.336169	-32.681390	247.608236	-3.532310	-247.608236	1.777616	6.047208	
195	-2.603861	-6.002717	0.457410	270.088475	30.938347	-270.088475	-16.920487	255.595671	-11.776222	-255.595671	7.931787	5.974363	
196	-2.013696	-5.783763	0.447968	292.365884	24.908768	-292.365884	8.507665	262.528978	-19.089817	-262.528978	12.766719	5.895158	
197	-1.474024	-5.636500	0.446238	322.755614	17.833941	-322.755614	38.496530	267.479905	-25.096778	-267.479905	16.357730	5.811278	
198	-0.955262	-5.444918	0.445170	354.863830	10.436804	-354.863830	66.891914	269.612954	-29.545870	-269.612954	19.010572	5.725753	
199	-0.456345	-5.132294	0.439137	379.722302	3.559930	-379.722302	87.035378	268.688492	-31.943503	-268.688492	20.725555	5.642631	
200	-0.088253	-4.694320	0.426230	389.982958	-1.113655	-389.982958	91.098214	266.089050	-31.201771	-266.089050	20.572715	5.564105	
201	0.046712	-4.165998	0.404612	384.531195	-2.269565	-384.531195	75.879284	263.593059	-27.251052	-263.593059	17.974709	5.488662	
202	-0.025919	-3.597256	0.375953	368.665490	0.035950	-368.665490	45.551763	262.064798	-21.484730	-262.064798	13.539648	5.413934	
203	-0.272550	-3.067632	0.345484	349.382304	5.584117	-349.382304	5.638511	262.475366	-15.033145	-262.475366	7.813144	5.338546	
204	-0.701749	-2.628400	0.318640	331.832298	14.485542	-331.832298	-40.014625	265.666780	-8.269149	-265.666780	0.843784	5.260220	
205	-1.276392	-2.193297	0.298944	318.033147	26.343455	-318.033147	-88.847787	270.626923	-1.238935	-270.626923	-7.163623	5.176190	
206	-1.919165	-1.642160	0.286602	307.083223	40.048151	-307.083223	-138.272496	275.208799	6.099391	-275.208799	-15.663239	5.085884	
207	-2.535371	-1.050090	0.279617	296.695094	53.698916	-296.695094	-182.560198	277.896332	13.607335	-277.896332	-23.695242	4.991308	
208	-3.006422	-0.597213	0.275701	285.346887	64.863146	-285.346887	-214.985069	277.792800	20.924503	-277.792800	-30.230607	4.895545	
209	-3.223968	-0.325312	0.273051	273.505906	71.652692	-273.505906	-232.421046	274.008758	27.499859	-274.008758	-34.805736	4.802012	
210	-3.117926	-0.162335	0.270794	262.603868	73.251124	-262.603868	-234.973754	265.881666	32.594420	-265.881666	-37.571726	4.714578	
211	-2.667955	-0.051959	0.269358	253.498086	69.809914	-253.498086	-224.566193	253.528628	35.545374	-253.528628	-39.109601	4.637148	
212	-1.926379	0.039095	0.270061	245.820425	62.413813	-245.820425	-204.915773	237.828897	36.218545	-237.828897	-40.203274	4.572498	
213	-1.009035	0.146173	0.273608	238.047096	52.749365	-238.047096	-180.729936	219.964497	35.161467	-219.964497	-41.430565	4.521487	
214	-0.049879	0.282813	0.279006	228.243652	42.618414	-228.243652	-156.485543	201.283692	33.325889	-201.283692	-42.992688	4.483190	
215	0.828367	0.435293	0.284613	215.003704	33.747247	-215.003704	-135.881748	183.253114	31.700157	-183.253114	-44.860408	4.455251	
216	1.529692	0.599472	0.289768	198.037570	27.512791	-198.037570	-121.482858	167.140213	31.032304	-167.140213	-46.933318	4.434042	
217	2.007832	0.793193	0.294710	178.344782	24.429761	-178.344782	-114.046969	153.607027	31.635651	-153.607027	-49.118518	4.415119	
218	2.273225	1.024795	0.300307	157.788424	24.016478	-157.788424	-112.319437	142.542974	33.357673	-142.542974	-51.309147	4.394051	
219	2.365316	1.267299	0.308722	138.362479	25.357425	-138.362479	-114.029593	133.412108	35.752984	-133.412108	-53.318815	4.367142	
220	2.326323	1.468369	0.322100	121.536253	27.591909	-121.536253	-116.884779	125.565231	38.279598	-125.565231	-54.871199	4.331892	
221	2.201845	1.572795	0.339710	107.794734	29.949661	-107.794734	-118.962705	118.277560	40.423018	-118.277560	-55.684128	4.287164	
222	2.042883	1.544779	0.357591	96.785200	31.800516	-96.785200	-119.128417	110.946516	41.793577	-110.946516	-55.571852	4.233070	
223	1.886439	1.378777	0.369910	87.851726	32.798316	-87.851726	-117.166934	103.325183	42.197069	-103.325183	-54.477735	4.170813	
224	1.736494	1.094350	0.370963	80.444348	32.867601	-80.444348	-113.370587	95.475579	41.649007	-95.475579	-52.463226	4.102403	
225	1.594121	0.737469	0.359658	74.331191	31.958439	-74.331191	-107.833077	87.426549	40.207105	-87.426549	-49.633280	4.030279	
226	1.498594	0.369326	0.341218	69.271629	29.971032	-69.271629	-100.399597	79.032576	37.871436	-79.032576	-46.125809	3.957298	
227	1.501437	0.036864	0.322178	64.434305	27.044948	-64.434305	-91.511115	70.312343	34.810113	-70.312343	-42.230660	3.886593	
228	1.605890	-0.225607	0.305939	58.776128	23.680308	-58.776128	-82.366041	61.656220	31.461250	-61.656220	-38.338735	3.820787	
229	1.741691	-0.388158	0.293159	51.756795	20.485933	-51.756795	-74.312297	53.656385	28.376948	-53.656385	-34.829800	3.761154	
230	1.802330	-0.429617	0.283583	43.092820	17.878887	-43.092820	-68.439904	46.843852	26.056579	-46.843852	-32.105376	3.707350	
231	1.715158	-0.338936	0.276642	32.760053	15.993296	-32.760053	-65.347870	41.465683	24.798838	-41.465683	-30.538371	3.657878	
232	1.490616	-0.155653	0.271443	21.345782	14.748610	-21.345782	-64.919305	37.355078	24.568048	-37.355078	-30.224153	3.611117	
233	1.199416	0.033181	0.267190	9.600374	13.970391	-9.600374	-66.314355	34.059563	25.065767	-34.059563	-30.857822	3.566420	
234	0.877755	0.189727	0.263523	-2.069006	13.583282	2.069006	-68.818572	31.263308	26.144939	-31.263308	-32.101829	3.524320	
235	0.501853	0.339130	0.260638	-13.809312	13.650136	13.809312	-72.603652	28.910492	27.962814	-28.910492	-33.880698	3.485466	
236	0.055078	0.467746	0.259072	-25.978649	14.215537	25.978649	-78.025392	26.873370	30.636580	-26.873370	-36.187152	3.449586	
237	-0.451414	0.495453	0.259112	-38.029562	15.184408	38.029562	-84.590527	24.846304	34.013623	-24.846304	-38.852552	3.415490	
238	-0.997699	0.378199	0.260640	-48.571954	16.298655	48.571954	-91.152512	22.554152	37.780419	-22.554152	-41.595071	3.381741	
239	-1.565902	0.165135	0.263231	-56.815497	17.291240	56.815497	-96.876712	19.891072	41.749031	-19.891072	-44.317556	3.347003	
240	-2.131757	-0.089927	0.266159	-62.776133	18.050830	62.776133	-101.580597	16.901391	45.811770	-16.901391	-47.059197	3.309692	
241	-2.644940	-0.408005	0.268872	-66.058106	18.571408	66.058106	-105.349084	13.723614	49.630020	-13.723614	-49.636893	3.268088	
242	-3.061418	-0.844009	0.271637	-65.624466	18.890149	65.624466	-108.433734	10.615611	52.849241	-10.615611	-51.837108	3.220871	
243	-3.375853	-1.430964	0.275252	-60.559992	19.106776	60.559992	-111.165536	7.903987	55.332726	-7.903987	-53.649649	3.166986	
244	-3.581004	-2.172158	0.280152	-50.520791	19.276652	50.520791	-113.313958	5.787215	56.821326	-5.787215	-54.931033	3.105561	
245	-3.652466	-3.022076	0.286049	-36.407224	19.244870	36.407224	-113.843750	4.269301	56.842203	-4.269301	-55.285999	3.036548	
246	-3.615640	-3.887255	0.292266	-20.893905	18.763890	20.893905	-111.738341	3.238151	55.181411	-3.238151	-54.503891	2.961107	
247	-3.553613	-4.669906	0.298223	-7.544795	17.828576	7.544795	-106.814577	2.532119	52.072678	-2.532119	-52.807712	2.881368	
248	-3.542852	-5.217504	0.303807	0.280016	16.666276	-0.280016	-99.060727	2.000496	47.911579	-2.000496	-50.593310	2.800278	
249	-3.641492	-5.321808	0.309349	0.910381	15.504858	-0.910381	-88.721575	1.624973	43.279501	-1.624973	-48.328028	2.721318	
250	-3.885943	-4.970927	0.315211	-5.122058	14.588768	5.122058	-78.483084	1.496096	39.221357	-1.496096	-46.728630	2.647101	
251	-4.292879	-4.472636	0.321549	-15.178243	14.111924	15.178243	-72.229467	1.469830	36.985374	-1.469830	-46.690443	2.577418	
252	-4.887521	-4.217482	0.328041	-24.856612	14.019502	24.856612	-71.459998	1.146243	37.291112	-1.146243	-48.893485	2.508421	
253	-5.681797	-4.402156	0.333852	-30.853525	14.159803	30.853525	-75.088719	0.302238	39.906591	-0.302238	-53.273134	2.433774	
254	-6.633810	-4.951840	0.338279	-32.761048	14.454686	32.761048	-80.877579	-0.938430	43.808024	0.938430	-58.869359	2.347029	
255	-7.635407	-5.660097	0.341291	-31.587391	14.762144	31.587391	-86.272707	-2.310309	47.621466	2.310309	-64.169031	2.243931	
256	-8.523519	-6.361016	0.343288	-28.293963	14.844528	28.293963	-89.013541	-3.587006	50.015544	3.587006	-67.545596	2.123702	
257	-9.119143	-6.942445	0.344570	-23.785651	14.527210	23.785651	-87.559514	-4.593361	49.970662	4.593361	-67.679590	1.989008	
258	-9.257514	-7.277529	0.345445	-18.854611	13.716364	18.854611	-81.186852	-5.175614	46.941410	5.175614	-63.832225	1.845244	
259	-8.775170	-7.197431	0.346532	-14.043030	12.306700	14.043030	-69.940603	-5.234421	40.905581	5.234421	-55.833780	1.700217	
260	-7.502107	-6.528836	0.348578	-9.674810	10.241440	9.674810	-54.691533	-4.774069	32.372504	4.774069	-44.022768	1.564403	
261	-5.305250	-5.153601	0.351841	-5.720920	7.583597	5.720920	-36.875799	-3.901138	22.239472	3.901138	-29.156444	1.450719	
262	-2.178391	-3.055460	0.355600	-1.892691	4.459276	1.892691	-17.800955	-2.791913	11.398708	2.791913	-12.120364	1.372784	
263	1.698436	-0.354941	0.358904	2.126560	0.952596	-2.126560	2.210538	-1.646983	0.141223	1.646983	6.596291	1.342107	
264	5.839590	2.581913	0.361777	6.553531	-2.823745	-6.553531	23.535375	-0.688913	-11.751966	0.688913	26.486286	1.364278	
265	9.639723	5.282575	0.365042	11.537228	-6.738371	-11.537228	46.796047	-0.096577	-24.694974	0.096577	46.929984	1.438541	
266	11.424553	6.532282	0.369257	15.247237	-9.260692	-15.247237	63.292099	-0.136862	-33.884228	0.136862	59.847663	1.544317	
