kww	// User ID
30-6-2021	// Evaluation date
p15_e_50_step_004	30-6-2021	16:14:00:779	// Source file name and timestamp
238.095	// Sampling rate
0.958	// Data capture period

1.910000	// height
85.000000	// mass


Sample #	elbVar	shldrIR	LwristLinVelo	thorJFPd	thorSTPd	UaJFPp	UaSTPp	UaJFPd	UaSTPd	FaJFPp	FaSTPp	RwristLinVelo	
0	2.183373	-0.449787	1.978712	13.267802	2.898875	-13.267802	-11.041871	8.504440	7.743661	-8.504440	-20.437781	2.420571	
1	2.507350	-0.468260	1.969490	14.042933	3.014923	-14.042933	-11.152899	8.094081	8.857461	-8.094081	-23.671783	2.441865	
2	2.817731	-0.507630	1.960971	14.845977	3.212466	-14.845977	-11.725480	8.108315	9.921495	-8.108315	-26.737007	2.453197	
3	2.897617	-0.535861	1.955685	15.454565	3.125618	-15.454565	-9.727528	6.540512	10.230769	-6.540512	-27.736591	2.456779	
4	2.869581	-0.561150	1.957155	15.985501	2.985533	-15.985501	-7.177591	4.824152	10.187659	-4.824152	-27.734032	2.456145	
5	2.754833	-0.586087	1.965553	16.550692	2.823264	-16.550692	-4.290157	3.140227	9.871927	-3.140227	-26.961194	2.453532	
6	2.595237	-0.619537	1.979599	17.186474	2.675993	-17.186474	-1.526864	1.750051	9.421338	-1.750051	-25.804271	2.450542	
7	2.415710	-0.670714	1.996781	17.850584	2.553095	-17.850584	0.885492	0.736658	8.917728	-0.736658	-24.507253	2.448076	
8	2.235222	-0.741130	2.014698	18.541076	2.465579	-18.541076	2.905446	0.100860	8.425155	-0.100860	-23.263354	2.446707	
9	2.063991	-0.834546	2.032255	19.191556	2.408945	-19.191556	4.567732	-0.221146	7.980121	0.221146	-22.176767	2.446810	
10	1.914728	-0.952704	2.049708	19.733238	2.359698	-19.733238	5.859152	-0.302944	7.618715	0.302944	-21.341512	2.448361	
11	1.801237	-1.083297	2.067707	20.221221	2.306455	-20.221221	6.777004	-0.211573	7.361202	0.211573	-20.821301	2.450882	
12	1.720379	-1.205866	2.086779	20.746376	2.265215	-20.746376	7.441945	-0.032233	7.166882	0.032233	-20.534516	2.453925	
13	1.659924	-1.299397	2.107540	21.308141	2.233798	-21.308141	8.033574	0.128179	6.975419	-0.128179	-20.339272	2.457452	
14	1.621596	-1.348705	2.130861	21.817636	2.172740	-21.817636	8.590158	0.202143	6.779125	-0.202143	-20.209969	2.461642	
15	1.612012	-1.349144	2.157422	22.225592	2.046504	-22.225592	9.087652	0.171386	6.600836	-0.171386	-20.189684	2.466554	
16	1.624450	-1.307942	2.187099	22.566554	1.858943	-22.566554	9.576347	0.046887	6.447570	-0.046887	-20.280057	2.472045	
17	1.645867	-1.249397	2.219111	22.821435	1.649796	-22.821435	10.054143	-0.112590	6.316867	0.112590	-20.468430	2.477736	
18	1.671172	-1.198446	2.252488	22.945209	1.451025	-22.945209	10.473468	-0.255197	6.212336	0.255197	-20.766314	2.482953	
19	1.704690	-1.156211	2.286293	22.996665	1.259735	-22.996665	10.864938	-0.395683	6.145101	0.395683	-21.197759	2.486850	
20	1.751519	-1.116028	2.319837	22.989576	1.067063	-22.989576	11.250362	-0.558701	6.126695	0.558701	-21.781501	2.488613	
21	1.811162	-1.083825	2.352759	22.800674	0.876289	-22.800674	11.593891	-0.743440	6.158924	0.743440	-22.508336	2.487486	
22	1.883435	-1.065685	2.384896	22.321947	0.687730	-22.321947	11.860530	-0.949363	6.245550	0.949363	-23.368225	2.482779	
23	1.969944	-1.059393	2.416219	21.560981	0.493279	-21.560981	12.050053	-1.197566	6.395602	1.197566	-24.349598	2.473950	
24	2.067101	-1.061094	2.447001	20.649685	0.280202	-20.649685	12.229266	-1.540417	6.607156	1.540417	-25.381825	2.460918	
25	2.172447	-1.072240	2.478080	19.702532	0.059505	-19.702532	12.440784	-2.008102	6.885339	2.008102	-26.406849	2.444034	
26	2.289672	-1.099086	2.510652	18.669912	-0.126357	-18.669912	12.624302	-2.581017	7.255104	2.581017	-27.430228	2.423471	
27	2.417357	-1.141178	2.545518	17.488476	-0.257670	-17.488476	12.758607	-3.259500	7.730962	3.259500	-28.405995	2.399010	
28	2.540768	-1.192279	2.582647	16.242480	-0.356798	-16.242480	12.985373	-4.086169	8.295197	4.086169	-29.183329	2.370620	
29	2.641660	-1.250529	2.621070	15.048775	-0.465088	-15.048775	13.499615	-5.109172	8.915160	5.109172	-29.610110	2.339010	
30	2.713511	-1.313395	2.658533	13.960261	-0.626026	-13.960261	14.401368	-6.366423	9.571789	6.366423	-29.636728	2.305499	
31	2.758631	-1.370188	2.691204	13.101779	-0.871896	-13.101779	15.780526	-7.885623	10.252481	7.885623	-29.283501	2.271585	
32	2.775917	-1.399345	2.714621	12.809730	-1.254254	-12.809730	17.900536	-9.733418	10.925068	9.733418	-28.559055	2.238905	
33	2.764318	-1.382684	2.727419	13.362527	-1.827170	-13.362527	20.989317	-11.998253	11.557573	11.998253	-27.507079	2.209353	
34	2.735174	-1.342196	2.733722	14.398144	-2.509124	-14.398144	24.739792	-14.597753	12.165854	14.597753	-26.301328	2.184326	
35	2.707231	-1.329763	2.738800	15.074362	-3.103635	-15.074362	28.459498	-17.271071	12.794280	17.271071	-25.143882	2.163641	
36	2.680533	-1.377934	2.745130	15.028255	-3.500173	-15.028255	31.855158	-19.837335	13.418844	19.837335	-24.048421	2.145963	
37	2.634405	-1.487515	2.753986	14.594669	-3.705908	-14.594669	35.187489	-22.270457	13.931191	22.270457	-22.864889	2.130245	
38	2.569603	-1.622344	2.765485	14.080263	-3.788283	-14.080263	38.652132	-24.647145	14.279023	24.647145	-21.528119	2.116200	
39	2.516759	-1.727409	2.778118	13.282254	-3.853148	-13.282254	42.061093	-27.119507	14.529167	27.119507	-20.119687	2.103914	
40	2.497262	-1.782026	2.792711	11.670917	-3.961507	-11.670917	45.067147	-29.789166	14.764950	29.789166	-18.725609	2.093560	
41	2.511276	-1.800444	2.813507	8.808357	-4.117346	-8.808357	47.441378	-32.681878	15.019870	32.681878	-17.371317	2.085344	
42	2.552620	-1.801200	2.842469	4.555887	-4.300642	-4.555887	49.097991	-35.806782	15.304919	35.806782	-16.062336	2.079612	
43	2.624108	-1.799311	2.876594	-0.964801	-4.427536	0.964801	49.903089	-39.086058	15.676101	39.086058	-14.846676	2.076754	
44	2.738384	-1.801181	2.913646	-7.450982	-4.390785	7.450982	49.709878	-42.371190	16.240766	42.371190	-13.788174	2.076779	
45	2.897860	-1.805077	2.956994	-14.492004	-4.165553	14.492004	48.628844	-45.612379	17.057107	45.612379	-12.863513	2.079364	
46	3.090191	-1.808629	3.009374	-21.691746	-3.803895	21.691746	46.973704	-48.881189	18.105358	48.881189	-11.977577	2.084431	
47	3.307724	-1.807233	3.064475	-28.772413	-3.345855	28.772413	44.922172	-52.207628	19.380681	52.207628	-11.073540	2.092289	
48	3.556731	-1.791888	3.112301	-35.538362	-2.776597	35.538362	42.400204	-55.491603	20.947284	55.491603	-10.158496	2.103173	
49	3.853416	-1.752071	3.149532	-41.852622	-2.065004	41.852622	39.205133	-58.566988	22.925881	58.566988	-9.260312	2.116904	
50	4.213061	-1.679828	3.178993	-47.702400	-1.217559	47.702400	35.168832	-61.305427	25.431375	61.305427	-8.364743	2.132656	
51	4.622512	-1.577582	3.204653	-53.121331	-0.306535	53.121331	30.496052	-63.747171	28.403274	63.747171	-7.335832	2.149332	
52	5.035510	-1.459410	3.229730	-58.092009	0.558799	58.092009	25.841854	-66.095346	31.557457	66.095346	-5.970648	2.166742	
53	5.410556	-1.345275	3.253890	-62.645056	1.309750	62.645056	21.725725	-68.471913	34.601779	68.471913	-4.159122	2.185889	
54	5.731787	-1.258562	3.273300	-66.943919	1.935642	66.943919	18.154746	-70.790218	37.371397	70.790218	-1.920357	2.208101	
55	5.994819	-1.219079	3.286374	-71.135182	2.446737	71.135182	14.919621	-72.864958	39.756543	72.864958	0.666371	2.234394	
56	6.191157	-1.234234	3.295679	-75.179180	2.853851	75.179180	11.952045	-74.531328	41.620574	74.531328	3.503817	2.265424	
57	6.311347	-1.297463	3.305072	-78.956625	3.154998	78.956625	9.306290	-75.685421	42.830784	75.685421	6.458099	2.301558	
58	6.357969	-1.391509	3.318144	-82.419681	3.340508	82.419681	6.942269	-76.247758	43.349640	76.247758	9.352301	2.342720	
59	6.345439	-1.495687	3.337785	-85.554618	3.412774	85.554618	4.697180	-76.126678	43.239450	76.126678	12.026088	2.388262	
60	6.290503	-1.593412	3.365348	-88.327675	3.383782	88.327675	2.423927	-75.251195	42.597160	75.251195	14.383207	2.437100	
61	6.206380	-1.675657	3.399343	-90.663679	3.266085	90.663679	0.060806	-73.617804	41.507108	73.617804	16.377274	2.487972	
62	6.104275	-1.735137	3.436814	-92.426783	3.076286	92.426783	-2.435749	-71.295320	40.052841	71.295320	17.976932	2.539624	
63	6.002306	-1.757329	3.476945	-93.521723	2.835215	93.521723	-5.212278	-68.414124	38.385565	68.414124	19.160316	2.590893	
64	5.923777	-1.729787	3.520361	-93.987576	2.564538	93.987576	-8.512040	-65.122820	36.709216	65.122820	19.952978	2.640766	
65	5.879800	-1.658574	3.565883	-93.846147	2.282903	93.846147	-12.488992	-61.503705	35.148196	61.503705	20.447126	2.688448	
66	5.860978	-1.564527	3.611309	-93.018105	1.993789	93.018105	-17.020391	-57.590538	33.682090	57.590538	20.760889	2.733426	
67	5.848263	-1.469133	3.656168	-91.533051	1.681107	91.533051	-21.757243	-53.456687	32.216542	53.456687	20.999039	2.775512	
68	5.826498	-1.385331	3.701573	-89.562729	1.320819	89.562729	-26.356121	-49.200113	30.673285	49.200113	21.237661	2.814834	
69	5.781726	-1.322286	3.748423	-87.131246	0.891513	87.131246	-30.566995	-44.825261	28.975046	44.825261	21.521043	2.851661	
70	5.695962	-1.301224	3.797021	-83.982769	0.374100	83.982769	-34.223844	-40.165480	27.009419	40.165480	21.889525	2.886199	
71	5.559215	-1.346264	3.847370	-79.801821	-0.252879	79.801821	-37.263802	-35.052691	24.711242	35.052691	22.377580	2.918583	
72	5.374116	-1.454601	3.898999	-74.460175	-1.003201	74.460175	-39.604245	-29.564424	22.116727	29.564424	22.946775	2.949011	
73	5.144646	-1.593699	3.950880	-67.994837	-1.865615	67.994837	-41.085027	-23.939574	19.307046	23.939574	23.459955	2.977722	
74	4.873090	-1.723159	4.001691	-60.418889	-2.817033	60.418889	-41.661242	-18.334466	16.380795	18.334466	23.731843	3.004791	
75	4.561969	-1.813974	4.050767	-51.676360	-3.855778	51.676360	-41.476776	-12.790729	13.455449	12.790729	23.590025	3.029980	
76	4.214598	-1.854129	4.099678	-41.844913	-5.012683	41.844913	-40.731927	-7.327926	10.655909	7.327926	22.917007	3.052757	
77	3.841111	-1.838603	4.152066	-31.305806	-6.345802	31.305806	-39.640631	-2.006453	8.130332	2.006453	21.653235	3.072406	
78	3.459714	-1.760477	4.210835	-20.640440	-7.933465	20.640440	-38.447811	3.052962	6.047210	-3.052962	19.780866	3.088135	
79	3.086947	-1.613377	4.276690	-10.445588	-9.857660	10.445588	-37.365282	7.703689	4.543574	-7.703689	17.317935	3.099177	
80	2.731457	-1.400335	4.349668	-1.223942	-12.193846	1.223942	-36.478790	11.826153	3.682348	-11.826153	14.333336	3.104859	
81	2.400436	-1.138166	4.429942	6.720994	-15.029908	-6.720994	-35.720219	15.329803	3.456597	-15.329803	10.967708	3.104685	
82	2.109542	-0.848649	4.516882	13.316003	-18.501561	-13.316003	-34.946070	18.094244	3.840736	-18.094244	7.398554	3.098494	
83	1.880542	-0.548576	4.608868	18.624573	-22.810552	-18.624573	-33.964850	19.941485	4.812901	-19.941485	3.777071	3.086608	
84	1.730601	-0.243637	4.704177	22.721644	-28.190495	-22.721644	-32.503799	20.652853	6.352604	-20.652853	0.168564	3.069766	
85	1.664521	0.069234	4.801456	25.696945	-34.845696	-25.696945	-30.211367	20.020248	8.424354	-20.020248	-3.446744	3.048782	
86	1.669318	0.384995	4.899162	27.718099	-42.934391	-27.718099	-26.608210	17.939636	10.901698	-17.939636	-7.067084	3.024318	
87	1.721501	0.689189	4.994896	28.937645	-52.566987	-28.937645	-21.141123	14.368957	13.609798	-14.368957	-10.659060	2.997038	
88	1.802797	0.973531	5.085414	29.455371	-63.786498	-29.455371	-13.350760	9.211180	16.459810	-9.211180	-14.245263	2.967690	
89	1.899445	1.234482	5.166032	29.443826	-76.617869	-29.443826	-2.867777	2.378039	19.424560	-2.378039	-17.875875	2.936943	
90	1.998365	1.465479	5.230300	29.097852	-91.172549	-29.097852	10.673105	-6.158643	22.468897	6.158643	-21.560960	2.905210	
91	2.099269	1.666060	5.275003	28.224993	-107.599444	-28.224993	27.537065	-16.564964	25.608621	16.564964	-25.324980	2.872653	
92	2.228346	1.856098	5.305911	25.932636	-125.949261	-25.932636	47.690339	-29.317024	28.974926	29.317024	-29.296548	2.839415	
93	2.444204	2.073603	5.332359	21.104655	-146.417218	-21.104655	71.015878	-45.135590	32.692877	45.135590	-33.642914	2.805807	
94	2.817350	2.361637	5.356825	13.152120	-169.586320	-13.152120	97.753815	-64.875696	36.796955	64.875696	-38.557167	2.772264	
95	3.390569	2.759785	5.373860	1.792938	-196.010547	-1.792938	128.308836	-89.416157	41.379979	89.416157	-44.391407	2.739243	
96	4.172146	3.293451	5.375939	-13.697212	-225.887617	13.697212	162.949926	-119.544718	46.556667	119.544718	-51.522947	2.707282	
97	5.146950	3.952249	5.357372	-34.273401	-259.253928	34.273401	202.106503	-155.743399	52.157157	155.743399	-59.991207	2.677510	
98	6.280863	4.688541	5.314935	-60.542148	-296.159455	60.542148	246.472491	-198.023840	57.705918	198.023840	-69.450051	2.652351	
99	7.532697	5.446160	5.247319	-92.923616	-336.692674	92.923616	296.639959	-246.205003	62.736054	246.205003	-79.464611	2.635561	
100	8.855075	6.167089	5.154612	-131.741666	-380.768693	131.741666	352.793694	-300.009529	66.875904	300.009529	-89.567089	2.631636	
101	10.194820	6.792954	5.037726	-177.202036	-427.876377	177.202036	414.325097	-358.829461	69.886092	358.829461	-99.240656	2.645066	
102	11.499559	7.284701	4.897771	-229.433774	-477.124343	229.433774	479.543033	-421.658955	71.904672	421.658955	-108.120082	2.679359	
103	12.720375	7.621925	4.735842	-288.557978	-527.366574	288.557978	545.805889	-487.119655	73.446693	487.119655	-116.017579	2.735939	
104	13.840441	7.816707	4.553117	-355.991531	-577.519734	355.991531	609.760008	-554.310875	75.536924	554.310875	-123.210031	2.813798	
105	14.900133	7.946784	4.351363	-435.273889	-626.869121	435.273889	667.586019	-624.103124	80.036535	624.103124	-130.915718	2.910538	
106	15.973706	8.135854	4.133969	-530.187167	-674.509582	530.187167	715.099090	-698.952758	89.260235	698.952758	-140.917945	3.024298	
107	17.123837	8.488083	3.906401	-642.149681	-718.417984	642.149681	747.887160	-781.182535	105.241349	781.182535	-154.709550	3.155351	
108	18.378651	9.056268	3.675550	-769.288915	-755.551980	769.288915	762.029975	-871.823452	129.530447	871.823452	-173.225617	3.306343	
109	19.736356	9.863940	3.448439	-906.939195	-782.858798	906.939195	755.036127	-971.030803	163.321873	971.030803	-197.074334	3.481329	
110	21.159815	10.912335	3.230766	-1048.083524	-797.858008	1048.083524	726.286770	-1078.065339	207.181566	1078.065339	-226.419954	3.684694	
111	22.584816	12.170685	3.026177	-1184.911635	-798.957647	1184.911635	677.319821	-1191.049478	260.778866	1191.049478	-260.925181	3.920045	
112	23.949600	13.587976	2.836503	-1311.059820	-786.528686	1311.059820	612.738596	-1308.150689	323.225738	1308.150689	-300.274108	4.189166	
113	25.193767	15.104179	2.662092	-1421.581017	-763.502335	1421.581017	540.304685	-1428.275493	393.163968	1428.275493	-344.316394	4.491668	
114	26.268434	16.681400	2.501614	-1512.467646	-734.746022	1512.467646	469.125199	-1551.344140	468.859252	1551.344140	-393.092701	4.825991	
115	27.168549	18.340547	2.351561	-1580.615874	-706.166975	1580.615874	407.889519	-1679.088034	548.700336	1679.088034	-447.067157	5.191753	
116	27.930486	20.142308	2.206712	-1622.945293	-683.612059	1622.945293	364.182840	-1814.450145	631.272443	1814.450145	-506.940190	5.591330	
117	28.606005	22.160973	2.061509	-1637.395994	-673.021356	1637.395994	345.440512	-1960.425102	715.269024	1960.425102	-573.527249	6.028960	
118	29.209645	24.456539	1.911165	-1624.048829	-680.261544	1624.048829	359.231190	-2117.916813	798.010434	2117.916813	-646.452142	6.509116	
119	29.700157	27.032159	1.753019	-1584.198052	-708.465220	1584.198052	410.019723	-2282.947568	873.719406	2282.947568	-722.291838	7.035349	
120	30.038186	29.848223	1.587411	-1521.024062	-756.774453	1521.024062	496.925215	-2447.383146	934.795812	2447.383146	-795.150838	7.608858	
121	30.211095	32.840041	1.416869	-1440.794467	-820.359240	1440.794467	613.475427	-2599.882991	973.247585	2599.882991	-857.444106	8.227370	
122	30.236717	35.886440	1.245305	-1351.390785	-889.013322	1351.390785	745.389976	-2725.407082	981.738043	2725.407082	-900.319998	8.885281	
123	30.176732	38.799203	1.078469	-1258.403575	-947.123836	1258.403575	869.715412	-2806.865981	955.813718	2806.865981	-915.647804	9.574510	
124	30.113684	41.351574	0.924976	-1161.200853	-976.816699	1161.200853	958.958350	-2827.930571	895.311319	2827.930571	-898.403097	10.285242	
125	30.153854	43.348784	0.796743	-1051.947244	-962.947445	1051.947244	989.025299	-2777.381363	805.380376	2777.381363	-849.636320	11.006596	
126	30.448565	44.731489	0.707880	-919.672597	-899.124012	919.672597	950.395489	-2654.266729	695.654583	2654.266729	-778.380880	11.727160	
127	31.130301	45.572773	0.669906	-756.180276	-789.449116	756.180276	853.566696	-2466.872853	574.840154	2466.872853	-698.404226	12.435176	
128	32.233389	45.928700	0.683387	-558.084698	-643.488261	558.084698	722.501810	-2226.928214	446.216921	2226.928214	-623.148324	13.118877	
129	33.727470	45.743946	0.736171	-325.356199	-471.844138	325.356199	586.444511	-1949.835915	309.537867	1949.835915	-565.149622	13.767595	
130	35.571692	44.890157	0.812625	-61.812635	-287.216289	61.812635	479.022917	-1659.674123	165.247988	1659.674123	-537.686913	14.373169	
131	37.658862	43.226015	0.901805	213.867952	-108.019280	-213.867952	439.695149	-1389.070038	16.522283	1389.070038	-553.123169	14.930729	
132	39.695200	40.647641	0.997634	458.472054	44.363261	-458.472054	500.948450	-1169.494015	-129.665439	1169.494015	-617.896983	15.437484	
133	41.163494	37.110294	1.095338	620.019851	158.849237	-620.019851	656.810892	-1010.876519	-259.021683	1010.876519	-730.984899	15.884934	
134	41.610626	32.632364	1.190256	673.838319	249.651252	-673.838319	833.541207	-876.018137	-345.220847	876.018137	-895.033012	16.236405	
135	41.213404	27.460925	1.278327	660.174508	352.207866	-660.174508	915.949593	-677.173440	-363.954272	677.173440	-1128.728667	16.389303	
136	41.161309	22.592209	1.355521	707.813001	477.041938	-707.813001	907.072686	-345.420371	-353.280055	345.420371	-1437.011658	16.155531	
137	42.801227	19.787616	1.417885	978.266753	549.049579	-978.266753	1115.476137	25.975581	-462.997525	-25.975581	-1686.242304	15.355047	
138	45.415096	19.281112	1.463622	1453.516636	468.670537	-1453.516636	1853.537996	187.995613	-784.110021	-187.995613	-1536.838805	14.099703	
139	47.005855	18.098251	1.495544	1848.673050	274.753934	-1848.673050	2855.948627	45.600246	-1136.290099	-45.600246	-787.071354	13.025881	
140	47.766533	12.504280	1.520568	1914.543406	97.176697	-1914.543406	3547.629054	-220.858224	-1300.742479	220.858224	330.404532	12.943431	
141	47.961624	0.961264	1.545421	1628.961018	4.484003	-1628.961018	3464.930679	-294.508043	-1230.279090	294.508043	1337.057668	13.967196	
142	45.200008	-12.189178	1.572631	1173.257933	-22.598697	-1173.257933	2528.692933	154.044859	-1043.409666	-154.044859	1743.123867	15.274688	
143	38.432899	-19.426273	1.600412	867.472391	-36.705253	-867.472391	1349.693602	1019.378510	-895.880581	-1019.378510	1526.630632	15.970696	
144	29.590618	-19.063752	1.625217	941.449365	-48.536621	-941.449365	520.882732	1788.997024	-761.921283	-1788.997024	1061.726775	15.823178	
145	20.261516	-15.024446	1.644018	1326.651338	-38.295015	-1326.651338	48.642653	2191.203094	-565.215766	-2191.203094	571.331565	15.103399	
146	11.164277	-11.383989	1.655356	1751.797983	4.739596	-1751.797983	-279.319408	2266.243876	-313.935613	-2266.243876	141.543029	14.156294	
147	3.033133	-9.996008	1.659338	1985.013719	75.187159	-1985.013719	-564.631056	2134.407334	-65.196439	-2134.407334	-167.488618	13.221025	
148	-3.411817	-10.774255	1.657109	1948.856000	158.042858	-1948.856000	-798.243768	1904.769156	125.671006	-1904.769156	-332.208797	12.419509	
149	-7.661489	-12.706740	1.650315	1693.610884	236.414208	-1693.610884	-945.695756	1664.040545	226.951595	-1664.040545	-367.354776	11.784207	
150	-9.579238	-14.680078	1.640701	1328.544322	297.051834	-1328.544322	-988.128243	1468.550028	236.799843	-1468.550028	-311.234752	11.292582	
151	-9.385207	-15.718257	1.630075	968.718981	331.131203	-968.718981	-931.006209	1341.571484	177.663987	-1341.571484	-208.610586	10.897881	
152	-7.374854	-14.891297	1.620716	701.223414	333.195191	-701.223414	-812.721636	1282.458305	85.977429	-1282.458305	-97.927198	10.549782	
153	-3.798326	-11.520275	1.615470	567.120290	301.869443	-567.120290	-697.942265	1274.765011	2.385849	-1274.765011	-7.924003	10.205065	
154	0.906896	-5.723844	1.617192	562.254636	242.500703	-562.254636	-636.776647	1290.480834	-43.314284	-1290.480834	44.894395	9.832980	
155	5.950043	1.361621	1.628114	649.914258	168.979099	-649.914258	-625.486336	1298.505828	-48.371111	-1298.505828	62.262163	9.420650	
156	10.358197	8.082182	1.649305	777.463363	100.244976	-777.463363	-620.949934	1277.422452	-33.729727	-1277.422452	61.228200	8.976471	
157	13.336524	13.078093	1.680646	895.411319	52.036011	-895.411319	-590.704848	1223.198804	-22.006047	-1223.198804	59.160392	8.524951	
158	14.575430	15.755692	1.721010	973.376139	30.933978	-973.376139	-536.323627	1146.246619	-22.485745	-1146.246619	62.695796	8.093520	
159	14.306161	16.221738	1.767886	1004.879612	34.570679	-1004.879612	-477.212571	1062.467683	-33.194400	-1062.467683	69.853926	7.700426	
160	13.085088	14.976447	1.817562	998.785516	55.317129	-998.785516	-429.125831	985.152739	-48.222425	-985.152739	76.852066	7.350999	
161	11.490212	12.675855	1.866303	965.851109	84.042119	-965.851109	-397.084396	919.694490	-61.788727	-919.694490	81.028748	7.040673	
162	9.940510	9.989972	1.911309	913.339411	112.592055	-913.339411	-377.038164	862.773701	-70.291975	-862.773701	81.179739	6.760167	
163	8.677080	7.460249	1.950985	847.467966	134.973910	-847.467966	-360.119759	807.354001	-73.193041	-807.354001	77.809113	6.500481	
164	7.808062	5.400963	1.984659	775.336369	147.571994	-775.336369	-337.581520	748.571365	-72.106278	-748.571365	72.713643	6.256028	
165	7.342230	3.930920	2.012266	704.157221	149.209100	-704.157221	-304.656004	685.455233	-69.107996	-685.455233	67.793069	6.025051	
166	7.209624	3.056373	2.034191	639.494541	141.329324	-639.494541	-262.189935	619.757377	-65.726072	-619.757377	64.174708	5.808449	
167	7.298015	2.696214	2.050827	584.000385	127.276741	-584.000385	-215.138729	554.502577	-62.874283	-554.502577	62.148967	5.608184	
168	7.505203	2.709149	2.062266	537.759578	110.611524	-537.759578	-169.004077	492.735467	-61.086297	-492.735467	61.534382	5.425856	
169	7.774451	2.984143	2.068618	499.491093	93.807964	-499.491093	-127.178828	436.486633	-60.702008	-436.486633	62.082854	5.262550	
170	8.080000	3.456495	2.070368	466.988404	78.055049	-466.988404	-90.989536	386.639183	-61.873250	-386.639183	63.596009	5.119807	
171	8.383524	4.015235	2.068415	437.214088	63.819124	-437.214088	-61.284911	343.701318	-64.305315	-343.701318	65.679412	4.999442	
172	8.621764	4.491488	2.063944	407.397610	51.462609	-407.397610	-39.177342	308.352645	-67.190126	-308.352645	67.595146	4.901712	
173	8.730403	4.742272	2.057965	376.362337	41.414664	-376.362337	-25.580810	281.124855	-69.523582	-281.124855	68.443998	4.823837	
174	8.666258	4.704348	2.050845	344.493957	33.885309	-344.493957	-20.488202	261.586235	-70.448018	-261.586235	67.453061	4.760292	
175	8.421526	4.395191	2.042247	312.905924	28.594968	-312.905924	-22.591433	248.149630	-69.489506	-248.149630	64.236738	4.704545	
176	8.033284	3.875130	2.031365	283.066231	24.886399	-283.066231	-29.483486	238.826358	-66.671296	-238.826358	58.930760	4.650622	
177	7.575203	3.215170	2.017367	256.682267	22.090194	-256.682267	-38.295028	231.898582	-62.463807	-231.898582	52.137032	4.593770	
178	7.131057	2.494426	1.999757	235.125187	19.752292	-235.125187	-46.403590	226.039874	-57.619650	-226.039874	44.737338	4.530859	
179	6.767667	1.789373	1.978212	218.904421	17.537790	-218.904421	-51.653836	220.146355	-52.936226	-220.146355	37.654054	4.460690	
180	6.522231	1.149607	1.952362	207.841992	15.111592	-207.841992	-52.348725	213.256300	-49.026570	-213.256300	31.645748	4.384061	
181	6.395809	0.579204	1.922224	201.319406	12.319279	-201.319406	-47.910151	204.801398	-46.073200	-204.801398	27.063482	4.303144	
182	6.355489	0.055161	1.888599	198.106283	9.358599	-198.106283	-39.460828	194.815594	-43.772367	-194.815594	23.768520	4.220039	
183	6.358123	-0.425655	1.852846	196.343057	6.574630	-196.343057	-29.112355	183.742151	-41.680608	-183.742151	21.433159	4.135864	
184	6.369360	-0.844565	1.816837	194.068945	4.225228	-194.068945	-18.881320	172.116976	-39.475497	-172.116976	19.763695	4.051043	
185	6.368234	-1.185147	1.782482	189.891908	2.440532	-189.891908	-10.180898	160.410063	-37.004106	-160.410063	18.527666	3.965738	
186	6.355130	-1.421217	1.750468	183.414730	1.178873	-183.414730	-3.569900	149.024676	-34.433908	-149.024676	17.697225	3.880318	
187	6.348133	-1.509167	1.720203	175.105189	0.258866	-175.105189	1.117765	138.329814	-32.190595	-138.329814	17.446321	3.796136	
188	6.358859	-1.428084	1.690584	165.671176	-0.468496	-165.671176	4.276629	128.529477	-30.550078	-128.529477	17.834844	3.715680	
189	6.371703	-1.225709	1.660432	155.651609	-0.993075	-155.651609	6.127300	119.589203	-29.373999	-119.589203	18.582033	3.641450	
190	6.350918	-0.992435	1.628929	145.394780	-1.201261	-145.394780	6.648139	111.416192	-28.281860	-111.416192	19.220343	3.574476	
191	6.269876	-0.792933	1.595267	135.133951	-1.037910	-135.133951	5.832343	103.983790	-26.993089	-103.983790	19.403757	3.514069	
192	6.124394	-0.655529	1.558547	125.066326	-0.562040	-125.066326	3.896068	97.251574	-25.428640	-97.251574	18.999168	3.458679	
193	5.923586	-0.595542	1.519127	115.358604	0.114361	-115.358604	1.201450	91.141324	-23.622130	-91.141324	18.016817	3.406520	
194	5.685656	-0.606950	1.478593	106.102018	0.853712	-106.102018	-1.799587	85.557955	-21.699658	-85.557955	16.601991	3.355934	
195	5.442254	-0.647723	1.438314	97.413157	1.497072	-97.413157	-4.551054	80.420118	-19.902460	-80.420118	15.045825	3.305909	
196	5.232188	-0.671567	1.400361	89.544849	1.903147	-89.544849	-6.469662	75.634221	-18.477913	-75.634221	13.660401	3.256422	
197	5.077123	-0.671659	1.368187	82.710177	2.031591	-82.710177	-7.298220	71.103314	-17.483081	-71.103314	12.577953	3.208246	
198	4.958573	-0.681590	1.343649	76.780138	2.031912	-76.780138	-7.568398	66.870299	-16.683939	-66.870299	11.646107	3.162115	
199	4.830410	-0.755190	1.325009	71.503167	2.175218	-71.503167	-8.343020	63.124326	-15.671381	-63.124326	10.524096	3.117463	
200	4.663796	-0.921372	1.308817	66.969577	2.595218	-66.969577	-10.125228	59.963933	-14.212429	-59.963933	9.016236	3.072110	
201	4.467773	-1.142115	1.292159	63.340110	3.173697	-63.340110	-12.390513	57.239114	-12.454563	-57.239114	7.280820	3.023805	
202	4.265483	-1.352370	1.273132	60.370675	3.731863	-60.370675	-14.399946	54.686112	-10.682495	-54.686112	5.601179	2.971805	
203	4.065840	-1.527001	1.250555	57.580257	4.234643	-57.580257	-16.048452	52.174253	-9.000664	-52.174253	4.083568	2.916646	
204	3.865486	-1.673457	1.223699	54.518350	4.762820	-54.518350	-17.715650	49.729230	-7.369485	-49.729230	2.693206	2.858987	
205	3.670501	-1.788935	1.192212	50.933670	5.341925	-50.933670	-19.537325	47.339002	-5.829494	-47.339002	1.467038	2.799322	
206	3.488666	-1.864795	1.156364	46.973515	5.923080	-46.973515	-21.293099	44.933618	-4.460400	-44.933618	0.475858	2.738612	
207	3.311484	-1.908905	1.117566	42.965366	6.492967	-42.965366	-22.870756	42.516462	-3.224225	-42.516462	-0.337099	2.678092	
208	3.126881	-1.940678	1.078296	38.916800	7.105856	-38.916800	-24.491992	40.174471	-2.008072	-40.174471	-1.116365	2.618401	
209	2.928838	-1.980885	1.041206	34.525793	7.851681	-34.525793	-26.578170	38.008344	-0.703638	-38.008344	-1.986599	2.559317	
210	2.731087	-2.027001	1.008528	29.804758	8.646199	-29.804758	-28.916649	35.902298	0.613149	-35.902298	-2.860511	2.500321	
211	2.571207	-2.046050	0.981335	25.218678	9.170070	-25.218678	-30.490556	33.514096	1.652926	-33.514096	-3.441329	2.442201	
212	2.458600	-2.036889	0.958533	20.960170	9.333955	-20.960170	-31.078110	30.801563	2.368279	-30.801563	-3.708523	2.387385	
213	2.350656	-2.058004	0.937560	16.724498	9.455957	-16.724498	-31.754323	28.147727	3.109237	-28.147727	-4.051219	2.337235	
214	2.201684	-2.164462	0.916454	12.252871	9.833012	-12.252871	-33.468802	25.877239	4.185211	-25.877239	-4.805922	2.290235	
215	1.995328	-2.366812	0.894916	7.574796	10.507860	-7.574796	-36.331267	24.050754	5.631957	-24.050754	-6.032684	2.243188	
216	1.737410	-2.632744	0.873838	2.893137	11.330023	-2.893137	-39.781385	22.522093	7.276577	-22.522093	-7.577731	2.192935	
217	1.445570	-2.891900	0.853786	-1.526278	12.037160	1.526278	-42.790636	20.987153	8.804451	-20.987153	-9.124683	2.137650	
218	1.144282	-3.071407	0.833921	-5.423461	12.382440	5.423461	-44.368828	19.165871	9.911782	-19.165871	-10.346439	2.077418	
219	0.879028	-3.121813	0.813123	-8.449347	12.152676	8.449347	-43.830213	16.917634	10.384928	-16.917634	-10.965611	2.013604	
220	0.728841	-2.993289	0.791928	-10.024495	11.076478	10.024495	-40.510099	14.160325	10.017190	-14.160325	-10.634780	1.948448	
221	0.766209	-2.628026	0.772529	-9.551485	8.912204	9.551485	-33.813339	10.872271	8.640367	-10.872271	-9.024401	1.885615	
222	1.014309	-1.998570	0.757028	-6.703115	5.612775	6.703115	-23.626153	7.183081	6.233372	-7.183081	-6.039598	1.829928	
223	1.467877	-1.120068	0.747010	-1.396384	1.267711	1.396384	-10.209670	3.271535	2.860031	-3.271535	-1.762136	1.786066	
224	2.118462	-0.007171	0.744503	6.167815	-4.069296	-6.167815	6.413565	-0.921607	-1.456461	0.921607	3.744743	1.758254	
225	2.895255	1.252782	0.751307	15.055718	-10.096273	-15.055718	25.529964	-5.522706	-6.436900	5.522706	10.069002	1.750347	
226	3.709893	2.539401	0.768263	24.385978	-16.585977	-24.385978	46.470127	-10.788852	-11.790820	10.788852	16.761861	1.764665	
227	4.185815	3.240060	0.794456	30.426270	-20.800000	-30.426270	60.540911	-14.645923	-15.235221	14.645923	20.762571	1.797888	
228	4.617322	3.930665	0.827442	36.449982	-25.505272	-36.449982	76.033302	-19.368351	-18.844714	19.368351	24.897702	1.843102	
