kww	// User ID
30-6-2021	// Evaluation date
p15_e_75_crow_005	30-6-2021	16:16:07:994	// Source file name and timestamp
238.095	// Sampling rate
0.650	// Data capture period

1.910000	// height
85.000000	// mass


Sample #	elbVar	shldrIR	LwristLinVelo	thorJFPd	thorSTPd	UaJFPp	UaSTPp	UaJFPd	UaSTPd	FaJFPp	FaSTPp	RwristLinVelo	
0	-7.193049	-0.147449	4.494450	84.078971	1.528694	-84.078971	11.822218	35.791282	-42.836126	-35.791282	62.518343	3.907162	
1	-5.143383	-0.404460	4.526910	73.253978	4.506571	-73.253978	9.700980	27.069454	-29.490666	-27.069454	46.592407	3.987678	
2	-3.579343	-0.707680	4.534581	73.538507	8.060205	-73.538507	8.043808	24.938498	-19.150750	-24.938498	31.916628	4.051193	
3	-1.055932	-1.069814	4.520930	64.186172	6.846198	-64.186172	14.655245	13.787373	-3.427271	-13.787373	5.209415	4.090700	
4	1.245368	-1.411674	4.493151	54.939318	3.845134	-54.939318	23.917450	2.483056	10.612354	-2.483056	-20.170859	4.101458	
5	3.192587	-1.720269	4.457372	42.864988	-0.460643	-42.864988	34.628601	-10.226231	22.436662	10.226231	-40.969861	4.087074	
6	4.700329	-1.971948	4.419018	27.112697	-4.946573	-27.112697	44.548702	-23.930007	31.767305	23.930007	-55.143006	4.054257	
7	5.823592	-2.153859	4.382322	7.907639	-8.949926	-7.907639	52.557933	-38.219382	39.083643	38.219382	-62.977340	4.009875	
8	6.616187	-2.265316	4.350243	-12.943322	-12.118391	12.943322	58.373614	-52.332768	44.781112	52.332768	-65.355542	3.959763	
9	7.136876	-2.323301	4.324306	-33.492094	-14.329458	33.492094	62.154385	-65.480151	49.206997	65.480151	-63.516941	3.908668	
10	7.440938	-2.358360	4.305129	-52.188210	-15.568627	52.188210	64.163438	-77.039801	52.629958	77.039801	-58.741127	3.860221	
11	7.570882	-2.399926	4.293184	-67.913272	-15.946961	67.913272	64.942957	-86.733635	55.207130	86.733635	-52.140693	3.817103	
12	7.558449	-2.458314	4.289103	-80.436529	-15.744483	80.436529	65.288213	-94.692654	56.983366	94.692654	-44.580198	3.781190	
13	7.442216	-2.523490	4.293228	-90.415159	-15.260168	90.415159	65.701313	-101.361742	58.015282	101.361742	-36.757005	3.753737	
14	7.278962	-2.578219	4.304915	-98.677040	-14.583018	98.677040	65.973289	-107.124006	58.522453	107.124006	-29.267932	3.735544	
15	7.128839	-2.604712	4.322794	-105.874821	-13.659177	105.874821	65.490409	-112.141226	58.846576	112.141226	-22.525581	3.726865	
16	7.040040	-2.587061	4.345688	-112.553192	-12.434794	112.553192	63.655601	-116.429591	59.336402	116.429591	-16.719972	3.727352	
17	7.055824	-2.507132	4.372761	-118.918092	-10.849498	118.918092	59.842886	-119.954750	60.361062	119.954750	-11.913550	3.736204	
18	7.208023	-2.346777	4.403255	-124.608913	-8.832396	124.608913	53.436521	-122.697564	62.246259	122.697564	-8.082403	3.752344	
19	7.493879	-2.110305	4.436595	-129.212885	-6.368486	129.212885	44.241859	-124.569308	65.075832	124.569308	-5.072939	3.774507	
20	7.882192	-1.829984	4.472466	-132.894271	-3.556185	132.894271	32.625902	-125.364021	68.678834	125.364021	-2.637636	3.801288	
21	8.331949	-1.543013	4.510818	-136.017364	-0.566591	136.017364	19.293091	-124.841827	72.734363	124.841827	-0.516991	3.831225	
22	8.796533	-1.274474	4.552220	-138.613296	2.404480	138.613296	5.106106	-122.883243	76.813832	122.883243	1.521811	3.862925	
23	9.228801	-1.037601	4.598575	-140.517261	5.147649	140.517261	-9.023003	-119.548435	80.454098	119.548435	3.654117	3.895212	
24	9.582225	-0.842726	4.653166	-141.480746	7.487852	141.480746	-22.152148	-114.893964	83.188681	114.893964	5.987539	3.927261	
25	9.811202	-0.704086	4.718455	-141.251366	9.311305	141.251366	-33.444681	-108.865653	84.559345	108.865653	8.545782	3.958568	
26	9.883499	-0.641288	4.793221	-139.677125	10.565779	139.677125	-42.550746	-101.347455	84.244066	101.347455	11.245430	3.988720	
27	9.788732	-0.673699	4.872616	-136.555638	11.250216	136.555638	-49.591344	-92.251545	82.160602	92.251545	13.941139	4.017137	
28	9.539997	-0.799664	4.951536	-131.836594	11.353754	131.836594	-54.774362	-81.811328	78.480787	81.811328	16.472167	4.043124	
29	9.171667	-0.986497	5.028262	-125.998698	10.846128	125.998698	-58.361236	-70.635036	73.579575	70.635036	18.683015	4.066127	
30	8.724769	-1.193197	5.104202	-119.450629	9.744763	119.450629	-60.780848	-59.261370	67.882150	59.261370	20.474082	4.085848	
31	8.237629	-1.391818	5.180339	-111.949588	8.104735	111.949588	-62.547062	-48.022684	61.780455	48.022684	21.824119	4.102219	
32	7.748354	-1.568326	5.256190	-103.269410	5.947977	103.269410	-64.085337	-37.246460	55.653145	37.246460	22.787349	4.115438	
33	7.281841	-1.724317	5.331255	-93.669306	3.253361	93.669306	-65.487152	-27.142402	49.745504	27.142402	23.494236	4.125948	
34	6.836096	-1.877758	5.405373	-83.320772	-0.000675	83.320772	-66.519167	-17.619683	44.057969	17.619683	24.098014	4.134276	
35	6.399194	-2.046410	5.478727	-71.966364	-3.817148	71.966364	-67.062941	-8.406857	38.502025	8.406857	24.702159	4.140812	
36	5.971551	-2.231879	5.551723	-59.528636	-8.205691	59.528636	-67.353408	0.718475	33.085866	-0.718475	25.341571	4.145765	
37	5.565029	-2.421763	5.624552	-46.405956	-13.194732	46.405956	-67.731315	9.811264	27.906055	-9.811264	25.998568	4.149323	
38	5.189600	-2.594487	5.697456	-32.866803	-18.819045	32.866803	-68.397444	18.748119	23.070065	-18.748119	26.584524	4.151805	
39	4.844454	-2.724120	5.771340	-18.914944	-25.108634	18.914944	-69.345023	27.323570	18.657199	-27.323570	26.926027	4.153627	
40	4.517723	-2.791763	5.847616	-4.523549	-32.085058	4.523549	-70.358818	35.469326	14.689208	-35.469326	26.842165	4.155143	
41	4.192777	-2.783908	5.927347	10.530371	-39.768906	-10.530371	-71.176735	43.313061	11.164943	-43.313061	26.172289	4.156519	
42	3.854968	-2.682732	6.010816	26.614837	-48.193763	-26.614837	-71.675861	50.986821	8.159150	-50.986821	24.705270	4.157599	
43	3.492490	-2.479587	6.097541	44.059298	-57.454449	-44.059298	-71.807405	58.583700	5.808516	-58.583700	22.240100	4.157760	
44	3.098545	-2.188130	6.185862	63.071074	-67.763887	-63.071074	-71.449621	66.184668	4.243226	-66.184668	18.708558	4.155947	
45	2.680385	-1.826115	6.272733	83.332805	-79.416562	-83.332805	-70.431558	73.590691	3.654394	-73.590691	14.114378	4.150936	
46	2.264042	-1.400674	6.354748	103.875272	-92.713093	-103.875272	-68.561419	80.123799	4.351885	-80.123799	8.441406	4.141586	
47	1.892114	-0.915317	6.429878	123.623396	-107.951668	-123.623396	-65.539799	84.800259	6.690987	-84.800259	1.676474	4.127008	
48	1.615758	-0.377270	6.497851	141.796149	-125.402236	-141.796149	-60.836385	86.628149	10.927289	-86.628149	-6.129542	4.106663	
49	1.479163	0.201147	6.558601	157.865845	-145.244935	-157.865845	-53.615820	84.899925	17.065604	-84.899925	-14.820767	4.080490	
50	1.508254	0.808802	6.610814	171.558357	-167.579812	-171.558357	-42.846781	79.311405	24.874347	-79.311405	-24.215005	4.048871	
51	1.705627	1.439204	6.651990	183.087045	-192.419298	-183.087045	-27.391587	69.797734	33.999760	-69.797734	-34.196220	4.012430	
52	2.055764	2.090645	6.679715	192.977975	-219.620609	-192.977975	-6.107724	56.278600	44.103091	-56.278600	-44.761047	3.971890	
53	2.540021	2.775902	6.692300	201.528499	-248.935842	-201.528499	21.848969	38.544063	55.090338	-38.544063	-56.155648	3.927879	
54	3.136209	3.519706	6.687311	208.839738	-280.065821	-208.839738	56.971267	16.315744	67.148343	-16.315744	-68.851372	3.880626	
55	3.818918	4.331474	6.659721	214.984852	-312.595303	-214.984852	99.668561	-10.759999	80.354737	10.759999	-83.115937	3.829771	
56	4.576792	5.178641	6.601705	219.918748	-346.128133	-219.918748	150.505421	-43.083105	94.073446	43.083105	-98.465756	3.774591	
57	5.412203	5.996753	6.502664	223.510598	-380.625398	-223.510598	210.095199	-80.812154	106.839433	80.812154	-113.664237	3.714640	
58	6.332890	6.744939	6.354445	225.425375	-416.581774	-225.425375	278.546766	-123.905352	117.205475	123.905352	-127.580302	3.650191	
59	7.356442	7.423103	6.166109	225.376794	-455.010124	-225.376794	355.566828	-172.618923	124.354475	172.618923	-139.732427	3.582244	
60	8.492819	7.994897	5.963045	223.590389	-497.277554	-223.590389	441.292899	-227.429624	127.512414	227.429624	-149.545743	3.513135	
61	9.728037	8.368352	5.762990	218.228634	-544.409170	-218.228634	535.041631	-288.666255	125.970174	288.666255	-156.078673	3.447702	
62	11.053344	8.504307	5.566860	201.361369	-596.089716	-201.361369	632.578011	-356.938935	120.349843	356.938935	-159.145236	3.393274	
63	12.485658	8.457370	5.369319	160.454600	-650.701923	-160.454600	726.549205	-433.412753	112.919296	433.412753	-159.777025	3.358263	
64	14.046630	8.327551	5.165142	81.830288	-706.008444	-81.830288	808.623483	-519.497792	107.108850	519.497792	-159.845768	3.350635	
65	15.731937	8.240352	4.950195	-48.831432	-758.792992	48.831432	869.918846	-616.770249	107.152572	616.770249	-161.798685	3.376458	
66	17.504593	8.319548	4.721880	-241.833306	-804.886088	241.833306	902.645069	-726.765881	117.084720	726.765881	-168.124044	3.438685	
67	19.323548	8.665452	4.479119	-495.293249	-840.957029	495.293249	903.262242	-850.674815	139.818602	850.674815	-180.961176	3.537367	
68	21.165261	9.364440	4.222221	-794.056788	-865.855015	794.056788	873.190683	-989.259048	177.007527	989.259048	-201.961214	3.671708	
69	23.018953	10.468656	3.952922	-1117.122123	-880.443886	1117.122123	817.777329	-1143.177257	229.107861	1143.177257	-232.125185	3.842141	
70	24.877141	11.962662	3.675771	-1444.868813	-886.823223	1444.868813	745.095418	-1313.199203	295.587797	1313.199203	-271.900453	4.050521	
71	26.726527	13.775135	3.398360	-1761.577874	-887.419450	1761.577874	663.916384	-1499.325760	375.241410	1499.325760	-321.296762	4.298936	
72	28.542828	15.814829	3.128292	-2055.752517	-884.527386	2055.752517	582.407496	-1700.122285	466.418000	1700.122285	-380.001495	4.588648	
73	30.295174	18.005684	2.871326	-2319.589807	-880.975863	2319.589807	508.768636	-1913.518170	567.358517	1913.518170	-447.915595	4.919525	
74	31.961677	20.332672	2.631877	-2548.435717	-880.706443	2548.435717	451.311869	-2138.456883	676.532363	2138.456883	-525.797948	5.290091	
75	33.548329	22.861791	2.413604	-2739.362130	-887.103053	2739.362130	416.315646	-2376.092051	792.460702	2376.092051	-615.303460	5.698885	
76	35.074888	25.686030	2.219361	-2889.146490	-902.395715	2889.146490	408.118325	-2628.301031	912.763487	2628.301031	-717.934398	6.146313	
77	36.535034	28.837535	2.049799	-2995.397924	-930.198723	2995.397924	432.654448	-2894.053719	1032.811026	2894.053719	-833.149860	6.634892	
78	37.911358	32.277105	1.905173	-3059.219738	-975.874424	3059.219738	497.325066	-3168.872309	1145.978257	3168.872309	-957.655966	7.168120	
79	39.221046	35.949279	1.788760	-3084.977890	-1043.477725	3084.977890	606.625959	-3447.191796	1245.171446	3447.191796	-1085.820682	7.750112	
80	40.493144	39.768503	1.704452	-3077.782303	-1132.343245	3077.782303	758.124377	-3720.695376	1322.428445	3720.695376	-1208.593873	8.385759	
81	41.728783	43.573940	1.652651	-3040.691858	-1234.612545	3040.691858	939.041555	-3974.096281	1368.341343	3974.096281	-1312.737714	9.079657	
82	42.914282	47.142520	1.629794	-2973.351475	-1335.530363	2973.351475	1126.141345	-4186.235667	1374.121735	4186.235667	-1383.369124	9.834526	
83	44.020896	50.219531	1.630077	-2872.151479	-1417.324212	2872.151479	1291.174915	-4335.332989	1333.952430	4335.332989	-1407.899092	10.650553	
84	45.004511	52.592429	1.647232	-2729.668466	-1462.821009	2729.668466	1405.241579	-4401.991635	1246.628815	4401.991635	-1379.834926	11.525528	
85	45.870080	54.189315	1.675394	-2534.542004	-1457.245004	2534.542004	1442.576207	-4371.631840	1116.801528	4371.631840	-1302.589659	12.454240	
86	46.681593	55.024644	1.709765	-2272.562518	-1389.978702	2272.562518	1389.392064	-4236.009020	952.647000	4236.009020	-1189.479553	13.425747	
87	47.534777	55.053129	1.747278	-1926.619541	-1254.996239	1926.619541	1249.349952	-3992.775483	763.261701	3992.775483	-1061.566883	14.420059	
88	48.560166	54.135338	1.786068	-1479.477239	-1051.847157	1479.477239	1044.488099	-3649.263801	558.612606	3649.263801	-946.544759	15.407933	
89	49.793546	52.050030	1.824123	-928.730232	-789.867009	928.730232	817.282848	-3227.012212	347.681984	3227.012212	-872.880366	16.354883	
90	51.092111	48.546749	1.858624	-309.106935	-491.932467	309.106935	623.990073	-2765.035548	140.360133	2765.035548	-864.924482	17.228178	
91	52.208428	43.533721	1.885839	298.495203	-193.687924	-298.495203	513.466308	-2316.618265	-48.173386	2316.618265	-941.145378	18.004309	
92	52.745111	37.266711	1.900186	780.981821	66.395874	-780.981821	495.260223	-1921.127785	-199.145429	1921.127785	-1106.267280	18.670098	
93	52.106855	30.321633	1.892033	1042.896354	273.901476	-1042.896354	500.821069	-1553.501012	-291.283254	1553.501012	-1349.150829	19.205065	
94	49.828360	23.518119	1.849277	1089.325722	466.664240	-1089.325722	385.876091	-1094.409045	-303.101409	1094.409045	-1657.653430	19.536010	
95	46.660997	18.464260	1.767089	1094.380440	710.195241	-1094.380440	116.483906	-402.919214	-263.112137	402.919214	-2029.687871	19.478156	
96	45.690986	18.416413	1.654627	1388.314133	967.132509	-1388.314133	232.804037	408.754461	-391.603141	-408.754461	-2386.264001	18.750514	
97	50.310700	25.414500	1.529009	2205.254586	1015.134505	-2205.254586	1859.250013	755.403413	-1067.268763	-755.403413	-2302.338334	17.277635	
98	60.008593	31.956834	1.407214	3279.133388	749.516951	-3279.133388	5128.603759	147.475803	-2226.816827	-147.475803	-1094.786509	15.827072	
99	69.661868	20.845896	1.304052	3866.561152	395.927291	-3866.561152	7755.905592	-958.309561	-2957.848501	958.309561	1193.167675	16.024065	
100	69.720424	-11.720593	1.231544	3294.245109	148.371465	-3294.245109	6591.647087	-1024.155067	-2360.365468	1024.155067	2871.611926	18.047795	
101	57.096882	-36.599877	1.196724	1979.915921	-61.836628	-1979.915921	2957.782340	724.685510	-1335.573425	-724.685510	2601.132897	19.605043	
102	41.613684	-37.581759	1.199981	1259.043181	-254.488431	-1259.043181	646.967722	2456.122357	-859.398153	-2456.122357	1704.608920	19.477630	
103	27.958497	-28.407818	1.236493	1429.619056	-341.456637	-1429.619056	-187.025539	3124.581034	-579.297430	-3124.581034	941.240641	18.341603	
104	16.029328	-20.721501	1.299454	1954.952029	-321.170822	-1954.952029	-534.238878	3130.577006	-293.758098	-3130.577006	340.331048	17.013032	
105	6.376488	-16.823025	1.381977	2406.653595	-232.874889	-2406.653595	-795.019945	2922.601274	-45.728271	-2922.601274	-56.408199	15.862610	
106	-0.401429	-15.567045	1.476567	2608.241862	-96.436197	-2608.241862	-1040.577538	2711.245164	132.994447	-2711.245164	-252.537278	14.970845	
107	-3.866067	-15.330609	1.573918	2547.696645	75.345982	-2547.696645	-1244.392869	2576.537733	232.571671	-2576.537733	-292.059282	14.288569	
108	-3.911996	-14.775070	1.665062	2303.137913	260.860185	-2303.137913	-1353.747216	2524.168896	253.151067	-2524.168896	-235.445657	13.723413	
109	-0.984395	-13.038315	1.745997	2003.601687	427.258389	-2003.601687	-1321.347235	2513.179160	203.332648	-2513.179160	-140.689534	13.189370	
110	4.017121	-9.702924	1.818656	1784.266813	537.670220	-1784.266813	-1142.856399	2494.543727	98.536008	-2494.543727	-47.786535	12.634033	
111	9.848108	-4.829169	1.887785	1723.931638	565.447820	-1723.931638	-879.872824	2435.239463	-32.547607	-2435.239463	23.666265	12.046464	
112	15.001461	0.807068	1.957640	1800.046260	512.098349	-1800.046260	-632.275477	2324.187078	-144.695878	-2324.187078	69.043683	11.447573	
113	18.152568	5.784050	2.030538	1911.723253	413.768549	-1911.723253	-470.215690	2174.498743	-198.823880	-2174.498743	92.210226	10.867113	
114	18.722325	8.915571	2.106974	1964.271115	320.512395	-1964.271115	-409.724852	2015.512090	-188.947276	-2015.512090	98.309134	10.321087	
115	17.021600	10.060627	2.186194	1928.692805	265.686626	-1928.692805	-437.093322	1869.190431	-141.156493	-1869.190431	92.069536	9.806947	
116	14.126009	9.990115	2.266769	1833.576150	253.836477	-1833.576150	-517.245467	1731.251309	-89.042221	-1731.251309	79.693431	9.316723	
117	11.381745	9.668635	2.347069	1721.517521	270.720140	-1721.517521	-602.606270	1581.901895	-50.403444	-1581.901895	67.075816	8.852369	
118	9.643197	9.665076	2.425458	1613.641295	298.857055	-1613.641295	-657.499006	1411.747110	-25.377050	-1411.747110	57.338477	8.428935	
119	9.070264	10.076130	2.500349	1504.973934	324.392174	-1504.973934	-667.891562	1228.227712	-8.860516	-1228.227712	51.702589	8.065398	
120	9.427392	10.737452	2.570293	1381.831903	337.982345	-1381.831903	-635.093281	1045.582675	1.977261	-1045.582675	50.705377	7.775628	
121	10.294026	11.400531	2.634029	1241.793359	336.827864	-1241.793359	-569.933720	878.876803	7.572148	-878.876803	53.673162	7.565535	
122	11.207112	11.828637	2.690496	1095.800955	324.387794	-1095.800955	-487.553945	740.627304	7.933414	-740.627304	58.449126	7.432740	
123	11.771564	11.808425	2.738787	953.819104	306.130173	-953.819104	-403.428741	635.479143	4.562677	-635.479143	61.634233	7.366765	
124	11.666903	11.131617	2.778049	819.491146	287.742673	-819.491146	-333.189994	561.306618	1.486145	-561.306618	58.560466	7.350130	
125	10.639073	9.618259	2.807580	696.366944	275.900291	-696.366944	-290.763085	515.435396	4.937744	-515.435396	43.761710	7.359535	
126	8.672493	7.233539	2.827239	588.613467	273.317963	-588.613467	-282.782105	493.303046	20.799126	-493.303046	14.082029	7.367916	
127	6.228121	4.145959	2.837346	496.548620	271.692059	-496.548620	-305.747403	484.621302	50.746801	-484.621302	-27.570943	7.348413	
128	3.962476	0.584012	2.837842	419.977129	259.205247	-419.977129	-349.498198	478.670857	91.117954	-478.670857	-74.091125	7.277940	
129	2.235276	-3.113375	2.827986	363.556135	234.280978	-363.556135	-398.353134	469.619041	133.896942	-469.619041	-117.579869	7.141764	
130	1.129951	-6.452076	2.807177	330.381587	203.334506	-330.381587	-432.985682	454.857734	169.388054	-454.857734	-150.783891	6.939638	
131	0.569005	-9.119834	2.775965	315.832214	172.507183	-315.832214	-441.755894	433.466286	191.941412	-433.466286	-170.469646	6.685192	
132	0.311234	-11.079683	2.735916	311.852646	145.881485	-311.852646	-424.978591	406.360941	201.524390	-406.360941	-177.826025	6.397991	
133	0.203129	-12.413961	2.688034	310.845896	124.004681	-310.845896	-389.708283	375.176343	200.856151	-375.176343	-175.673619	6.096785	
134	0.254863	-13.306559	2.632007	306.495606	105.800416	-306.495606	-347.117416	341.890105	193.940987	-341.890105	-167.693456	5.795851	
135	0.386209	-13.905433	2.567511	295.825141	91.681139	-295.825141	-307.635473	309.389471	184.072694	-309.389471	-157.129584	5.503020	
136	0.490550	-14.245296	2.495127	278.390229	81.732660	-278.390229	-277.461828	280.135233	172.772175	-280.135233	-145.762363	5.220769	
137	0.579277	-14.387253	2.416412	254.046358	75.209237	-254.046358	-260.421632	255.260983	161.247851	-255.260983	-134.904414	4.949000	
138	0.627511	-14.391155	2.333858	223.868004	70.959314	-223.868004	-255.728448	234.673937	149.918945	-234.673937	-125.134235	4.686157	
139	0.560143	-14.252961	2.249032	189.407188	67.160300	-189.407188	-257.897739	216.876031	138.025250	-216.876031	-116.041476	4.430017	
140	0.376345	-13.991821	2.160683	150.915058	62.672449	-150.915058	-262.405121	199.969911	125.396227	-199.969911	-107.403366	4.179362	
141	0.124173	-13.650909	2.066181	108.720341	57.576970	-108.720341	-267.058752	182.701448	112.762487	-182.701448	-99.428571	3.934547	
142	-0.155706	-13.233558	1.964405	64.514869	52.342289	-64.514869	-270.288795	164.428365	100.876758	-164.428365	-92.202022	3.697262	
143	-0.433857	-12.690484	1.856332	20.605341	47.086865	-20.605341	-270.891998	144.895119	90.316650	-144.895119	-85.598782	3.470575	
144	-0.694852	-12.001425	1.743722	-20.721462	41.502816	20.721462	-268.120218	124.350959	81.610354	-124.350959	-79.492820	3.258344	
145	-0.931517	-11.295839	1.629010	-55.953453	35.395039	55.953453	-260.010786	103.419905	74.812364	-103.419905	-73.666687	3.063203	
146	-1.108527	-10.670458	1.516179	-80.068827	28.762167	80.068827	-242.720647	82.422380	68.780997	-82.422380	-67.376897	2.885819	
147	-1.125447	-9.890991	1.410625	-89.567711	21.783035	89.567711	-213.221261	61.533592	61.506009	-61.533592	-59.395984	2.727509	
148	-0.858529	-8.584263	1.318677	-83.665416	15.174240	83.665416	-171.063429	41.486779	51.311042	-41.486779	-48.776279	2.592098	
149	-0.247624	-6.515891	1.247660	-63.504525	9.946793	63.504525	-118.501763	23.503504	37.638019	-23.503504	-35.385469	2.484718	
150	0.680325	-3.556944	1.205738	-32.991107	6.617970	32.991107	-60.069764	8.406566	21.201622	-8.406566	-19.811682	2.410967	
151	1.829182	0.209881	1.201396	1.742260	4.647196	-1.742260	0.206716	-4.856645	3.295459	4.856645	-2.922223	2.377338	
152	3.034005	4.308988	1.241543	33.253063	2.568643	-33.253063	60.570219	-19.388978	-15.065651	19.388978	14.395387	2.389695	
153	4.049478	7.891515	1.330751	52.951983	-0.924456	-52.951983	117.061014	-37.375634	-32.147935	37.375634	30.386569	2.452319	
154	4.571951	9.846380	1.454859	55.364711	-5.195527	-55.364711	155.644897	-54.475235	-43.274895	54.475235	40.627735	2.550938	
