kww	// User ID
23-6-2021	// Evaluation date
p16_warmup_001	23-6-2021	14:22:06:930	// Source file name and timestamp
357.143	// Sampling rate
1.011	// Data capture period

1.780000	// height
81.200000	// mass


Sample #	elbVar	shldrIR	LwristLinVelo	thorJFPd	thorSTPd	UaJFPp	UaSTPp	UaJFPd	UaSTPd	FaJFPp	FaSTPp	RwristLinVelo	
0	0.416341	0.711783	2.751444	-17.358094	-2.335608	17.358094	-24.808954	0.550569	6.296299	-0.550569	-14.929252	1.824359	
1	0.350746	0.689307	2.750870	-15.513263	-2.295261	15.513263	-23.474536	0.389031	6.788630	-0.389031	-16.588992	1.838338	
2	0.305515	0.689297	2.747470	-14.213880	-2.320943	14.213880	-22.941217	0.322105	7.315283	-0.322105	-18.343861	1.848471	
3	0.148891	0.571016	2.742817	-10.808517	-2.029190	10.808517	-19.567236	0.359702	7.423909	-0.359702	-19.081427	1.855188	
4	-0.033983	0.423494	2.739831	-6.763485	-1.623176	6.763485	-15.412515	0.501250	7.332350	-0.501250	-19.193617	1.859398	
5	-0.235792	0.256411	2.740071	-2.264946	-1.132860	2.264946	-10.699238	0.702090	7.050553	-0.702090	-18.666818	1.861832	
6	-0.449157	0.079607	2.744648	2.328798	-0.613362	-2.328798	-5.804009	0.895377	6.602413	-0.895377	-17.565866	1.863185	
7	-0.663268	-0.096341	2.754000	6.799203	-0.106280	-6.799203	-0.938380	0.989000	6.050969	-0.989000	-16.082305	1.863975	
8	-0.854743	-0.248159	2.768143	10.886706	0.339769	-10.886706	3.590859	0.885994	5.538209	-0.885994	-14.603935	1.864614	
9	-1.016202	-0.370185	2.786957	14.355236	0.695409	-14.355236	7.557721	0.562575	5.150011	-0.562575	-13.370277	1.865494	
10	-1.170852	-0.493108	2.810165	16.920053	0.959385	-16.920053	10.819735	0.114166	4.871260	-0.114166	-12.375806	1.866917	
11	-1.339563	-0.640076	2.837027	18.436220	1.146325	-18.436220	13.281273	-0.350734	4.687769	0.350734	-11.618898	1.869010	
12	-1.502846	-0.780794	2.866362	19.207752	1.275178	-19.207752	15.061053	-0.856029	4.605292	0.856029	-11.125906	1.871858	
13	-1.630277	-0.875931	2.897043	19.646136	1.363720	-19.646136	16.422019	-1.476185	4.589302	1.476185	-10.812807	1.875693	
14	-1.719504	-0.924525	2.928374	19.811148	1.422354	-19.811148	17.443723	-2.202989	4.612191	2.202989	-10.612875	1.880790	
15	-1.782287	-0.942993	2.960014	19.569023	1.453466	-19.569023	18.047833	-2.985188	4.695103	2.985188	-10.568934	1.887195	
16	-1.826149	-0.942975	2.991793	18.886140	1.460439	-18.886140	18.243974	-3.789536	4.847230	3.789536	-10.693032	1.894696	
17	-1.854287	-0.928462	3.023686	17.858262	1.448074	-17.858262	18.130610	-4.598561	5.049603	4.598561	-10.936670	1.902971	
18	-1.870442	-0.899878	3.055784	16.614186	1.417808	-16.614186	17.775325	-5.401120	5.295523	5.401120	-11.279777	1.911677	
19	-1.881792	-0.862749	3.088085	15.208625	1.369483	-15.208625	17.193693	-6.191307	5.594076	6.191307	-11.737530	1.920411	
20	-1.897441	-0.828375	3.120312	13.605575	1.305158	-13.605575	16.397543	-6.959946	5.940489	6.959946	-12.299304	1.928695	
21	-1.928524	-0.808884	3.152012	11.777057	1.229638	-11.777057	15.415541	-7.683740	6.312025	7.683740	-12.921011	1.936088	
22	-1.983460	-0.812206	3.182805	9.751391	1.146363	-9.751391	14.286952	-8.340380	6.682789	8.340380	-13.553589	1.942308	
23	-2.059387	-0.837459	3.212535	7.569240	1.055574	-7.569240	13.075994	-8.933110	7.022844	8.933110	-14.138035	1.947207	
24	-2.138225	-0.871053	3.241243	5.265782	0.954966	-5.265782	11.856563	-9.491479	7.306595	9.491479	-14.618807	1.950707	
25	-2.201402	-0.897271	3.268973	2.868374	0.842834	-2.868374	10.674038	-10.039035	7.525578	10.039035	-14.973067	1.952854	
26	-2.253416	-0.915696	3.295722	0.386629	0.720044	-0.386629	9.520715	-10.562655	7.702230	10.562655	-15.245323	1.953898	
27	-2.305364	-0.931680	3.321590	-2.170125	0.587646	2.170125	8.362713	-11.051481	7.872345	11.051481	-15.507315	1.954196	
28	-2.351276	-0.944135	3.346782	-4.781273	0.449427	4.781273	7.197969	-11.530646	8.036547	11.530646	-15.759123	1.954015	
29	-2.382906	-0.953316	3.371495	-7.425314	0.311484	7.425314	6.042012	-12.018008	8.175463	12.018008	-15.965033	1.953428	
30	-2.406303	-0.963345	3.395950	-10.017108	0.180156	10.017108	4.960403	-12.510399	8.264032	12.510399	-16.086429	1.952436	
31	-2.442162	-0.980099	3.420462	-12.376029	0.060288	12.376029	4.097489	-13.001677	8.253714	13.001677	-16.052454	1.951123	
32	-2.501295	-1.003289	3.445252	-14.430453	-0.051826	14.430453	3.488116	-13.483454	8.140455	13.483454	-15.867244	1.949662	
33	-2.570832	-1.022536	3.470126	-16.297762	-0.163078	16.297762	2.999462	-13.954061	7.995803	13.954061	-15.645845	1.948232	
34	-2.627533	-1.023315	3.494597	-18.084545	-0.272678	18.084545	2.492261	-14.427399	7.895740	14.427399	-15.490629	1.946890	
35	-2.632869	-0.982363	3.518299	-19.812789	-0.369995	19.812789	1.852389	-14.945217	7.912802	14.945217	-15.469302	1.945473	
36	-2.559910	-0.883962	3.541042	-21.424295	-0.441389	21.424295	1.057779	-15.559629	8.092885	15.559629	-15.604280	1.943796	
37	-2.438197	-0.748921	3.562639	-22.814989	-0.486684	22.814989	0.245235	-16.259091	8.383287	16.259091	-15.817514	1.941860	
38	-2.326912	-0.617752	3.582834	-23.950872	-0.522385	23.950872	-0.441149	-16.948197	8.674575	16.948197	-15.994264	1.939729	
39	-2.256102	-0.506736	3.601415	-24.816403	-0.564512	24.816403	-0.961021	-17.563629	8.914449	17.563629	-16.098781	1.937356	
40	-2.222287	-0.406599	3.618331	-25.357109	-0.618399	25.357109	-1.304563	-18.134827	9.105901	18.134827	-16.144307	1.934556	
41	-2.222175	-0.315360	3.633671	-25.588143	-0.684692	25.588143	-1.411363	-18.689002	9.218143	18.689002	-16.084695	1.931124	
42	-2.241225	-0.230139	3.647629	-25.624807	-0.759434	25.624807	-1.291977	-19.222488	9.248702	19.222488	-15.904245	1.926982	
43	-2.256566	-0.141951	3.660419	-25.568035	-0.833380	25.568035	-1.031281	-19.735203	9.245434	19.735203	-15.653471	1.922206	
44	-2.287323	-0.066470	3.672204	-25.397265	-0.905023	25.397265	-0.542348	-20.212677	9.157667	20.212677	-15.277910	1.916971	
45	-2.364131	-0.026160	3.683196	-25.082722	-0.979343	25.082722	0.265455	-20.620202	8.921474	20.620202	-14.714911	1.911388	
46	-2.464726	-0.008438	3.693669	-24.727987	-1.049124	24.727987	1.171072	-20.937453	8.647869	20.937453	-14.103175	1.905374	
47	-2.536643	0.023603	3.703822	-24.461203	-1.094054	24.461203	1.823528	-21.193110	8.546926	21.193110	-13.691611	1.898836	
48	-2.553867	0.088650	3.713820	-24.376312	-1.101503	24.376312	2.033066	-21.427515	8.744977	21.427515	-13.625264	1.891784	
49	-2.535820	0.166382	3.723886	-24.551351	-1.078909	24.551351	1.903856	-21.645740	9.167056	21.645740	-13.797307	1.884167	
50	-2.523489	0.221788	3.734095	-24.935531	-1.044016	24.935531	1.800604	-21.854354	9.586181	21.854354	-13.911363	1.875869	
51	-2.539866	0.242899	3.744345	-25.386710	-1.013088	25.386710	1.990541	-22.071319	9.861713	22.071319	-13.786346	1.866906	
52	-2.576220	0.243151	3.754745	-25.893748	-0.998824	25.893748	2.333659	-22.265660	10.064428	22.265660	-13.505264	1.857452	
53	-2.616127	0.233883	3.765807	-26.534541	-1.006583	26.534541	2.599047	-22.391587	10.284064	22.391587	-13.167483	1.847673	
54	-2.660174	0.211663	3.778208	-27.262662	-1.029494	27.262662	2.919603	-22.497212	10.450249	22.497212	-12.682400	1.837687	
55	-2.721192	0.165061	3.792329	-28.004413	-1.056080	28.004413	3.591969	-22.677415	10.433813	22.677415	-11.906394	1.827644	
56	-2.807560	0.083351	3.808076	-28.794709	-1.079299	28.794709	4.711029	-22.958945	10.178602	22.958945	-10.795794	1.817774	
57	-2.909931	-0.024929	3.825086	-29.660974	-1.090834	29.660974	6.115030	-23.302984	9.755643	23.302984	-9.453304	1.808462	
58	-3.004876	-0.130726	3.842738	-30.584798	-1.077163	30.584798	7.503025	-23.658110	9.332879	23.658110	-8.070688	1.800180	
59	-3.083015	-0.219786	3.859714	-31.562252	-1.029014	31.562252	8.767982	-24.022384	8.969631	24.022384	-6.710392	1.793312	
60	-3.155419	-0.303740	3.874318	-32.641498	-0.950334	32.641498	10.049957	-24.439725	8.563717	24.439725	-5.281988	1.788104	
61	-3.230120	-0.392621	3.885770	-33.903121	-0.855697	33.903121	11.425893	-24.932818	8.037229	24.932818	-3.733769	1.784684	
62	-3.302791	-0.480072	3.894637	-35.344369	-0.757384	35.344369	12.859339	-25.500829	7.405226	25.500829	-2.099995	1.783140	
63	-3.363440	-0.553371	3.901946	-36.910560	-0.661348	36.910560	14.239546	-26.121161	6.736011	26.121161	-0.449995	1.783653	
64	-3.407969	-0.609962	3.908255	-38.622812	-0.576726	38.622812	15.404561	-26.745522	6.094750	26.745522	1.165230	1.786410	
65	-3.441177	-0.657359	3.913497	-40.528832	-0.511735	40.528832	16.280644	-27.348097	5.492160	27.348097	2.745374	1.791441	
66	-3.467667	-0.701025	3.917443	-42.616301	-0.459720	42.616301	16.929864	-27.958168	4.898038	27.958168	4.311911	1.798681	
67	-3.490022	-0.741912	3.920175	-44.816583	-0.401821	44.816583	17.504420	-28.655334	4.263246	28.655334	5.883236	1.808101	
68	-3.510271	-0.778234	3.922142	-47.044148	-0.324565	47.044148	18.133987	-29.518903	3.553902	29.518903	7.460805	1.819732	
69	-3.530092	-0.808848	3.923841	-49.255227	-0.233664	49.255227	18.810856	-30.550394	2.780828	30.550394	9.027490	1.833598	
70	-3.552569	-0.836899	3.925433	-51.464647	-0.149840	51.464647	19.421431	-31.671960	1.975591	31.671960	10.571487	1.849665	
71	-3.576618	-0.864207	3.926642	-53.696903	-0.095758	53.696903	19.810456	-32.788510	1.189629	32.788510	12.080781	1.867805	
72	-3.590224	-0.884658	3.927096	-55.955778	-0.087309	55.955778	19.786158	-33.820512	0.518531	33.820512	13.516673	1.887858	
73	-3.581139	-0.891582	3.926777	-58.240008	-0.130056	58.240008	19.214388	-34.728017	0.043483	34.728017	14.843757	1.909714	
74	-3.555755	-0.891203	3.925986	-60.529762	-0.220214	60.529762	18.207629	-35.552213	-0.276902	35.552213	16.095654	1.933231	
75	-3.529920	-0.895908	3.924787	-62.782927	-0.350230	62.782927	17.030231	-36.370543	-0.557418	36.370543	17.338613	1.958230	
76	-3.501258	-0.903291	3.922700	-64.999007	-0.516376	64.999007	15.726041	-37.181762	-0.802241	37.181762	18.565624	1.984629	
77	-3.453663	-0.898597	3.919145	-67.210410	-0.717027	67.210410	14.117825	-37.923555	-0.908610	37.923555	19.717899	2.012396	
78	-3.384886	-0.879871	3.914081	-69.418923	-0.948782	69.418923	12.150391	-38.574574	-0.854502	38.574574	20.788636	2.041439	
79	-3.310231	-0.864236	3.907977	-71.602166	-1.206922	71.602166	9.975815	-39.155740	-0.745266	39.155740	21.833635	2.071605	
80	-3.247243	-0.870034	3.901346	-73.717085	-1.478379	73.717085	7.816438	-39.693800	-0.703922	39.693800	22.922608	2.102757	
81	-3.209106	-0.907557	3.894711	-75.691852	-1.740510	75.691852	5.897010	-40.234155	-0.819372	40.234155	24.121108	2.134883	
82	-3.202339	-0.979994	3.888733	-77.441603	-1.971677	77.441603	4.390377	-40.833262	-1.152357	40.833262	25.465668	2.168149	
83	-3.224132	-1.083803	3.883991	-78.867299	-2.154173	78.867299	3.383108	-41.522188	-1.731732	41.522188	26.928267	2.202809	
84	-3.264674	-1.210681	3.880777	-79.862949	-2.274577	79.862949	2.894855	-42.286167	-2.542141	42.286167	28.428537	2.239103	
85	-3.300618	-1.341452	3.879118	-80.373790	-2.339680	80.373790	2.676023	-42.999956	-3.424058	42.999956	29.853057	2.277223	
86	-3.290146	-1.442071	3.878723	-80.436510	-2.375987	80.436510	2.097628	-43.440332	-4.035909	43.440332	31.053914	2.317205	
87	-3.195063	-1.481160	3.879134	-80.121742	-2.404263	80.121742	0.587405	-43.451955	-4.066376	43.451955	31.882920	2.358874	
88	-3.012294	-1.453232	3.880082	-79.424385	-2.432734	79.424385	-1.903805	-43.041378	-3.476698	43.041378	32.287635	2.402010	
89	-2.787048	-1.388935	3.881311	-78.167925	-2.459089	78.167925	-4.780654	-42.360290	-2.578746	42.360290	32.399939	2.446420	
90	-2.582825	-1.335808	3.882078	-76.090475	-2.473094	76.090475	-7.194004	-41.586509	-1.828888	41.586509	32.448101	2.491827	
91	-2.425358	-1.314648	3.881521	-73.088070	-2.471088	73.088070	-8.809032	-40.728733	-1.412528	40.728733	32.543905	2.537822	
92	-2.294819	-1.308338	3.879275	-69.234643	-2.459851	69.234643	-9.908403	-39.634433	-1.169704	39.634433	32.627794	2.583929	
93	-2.170953	-1.297822	3.875062	-64.667809	-2.457564	64.667809	-10.740239	-38.234591	-0.962660	38.234591	32.592363	2.629682	
94	-2.052829	-1.280515	3.868593	-59.595333	-2.502342	59.595333	-11.325321	-36.607695	-0.817182	36.607695	32.390965	2.674613	
95	-1.934473	-1.249944	3.860421	-54.241116	-2.644500	54.241116	-11.854401	-34.765966	-0.669112	34.765966	32.020540	2.718221	
96	-1.804319	-1.196936	3.851946	-48.742257	-2.927009	48.742257	-12.563929	-32.668941	-0.388051	32.668941	31.474655	2.760035	
97	-1.673527	-1.135129	3.844516	-43.170381	-3.371760	43.170381	-13.257128	-30.424134	-0.078439	30.424134	30.805749	2.799678	
98	-1.572433	-1.093505	3.838682	-37.560914	-3.975055	37.560914	-13.448696	-28.209138	-0.034029	28.209138	30.169363	2.836857	
99	-1.523410	-1.089652	3.834115	-31.890886	-4.722770	31.890886	-12.817407	-26.090700	-0.469389	26.090700	29.739196	2.871334	
100	-1.514358	-1.109795	3.830199	-26.220358	-5.613875	26.220358	-11.593753	-24.001905	-1.273937	24.001905	29.531730	2.902930	
101	-1.493893	-1.102023	3.826294	-20.865865	-6.651928	20.865865	-10.638795	-21.869598	-1.964785	21.869598	29.303768	2.931522	
102	-1.418019	-1.018454	3.821721	-16.171244	-7.821148	16.171244	-10.684863	-19.733049	-2.123805	19.733049	28.776654	2.957002	
103	-1.292642	-0.871541	3.816146	-12.141257	-9.123771	12.141257	-11.561973	-17.629227	-1.796759	17.629227	27.959187	2.979275	
104	-1.151479	-0.713301	3.809721	-8.563276	-10.613586	8.563276	-12.565883	-15.507308	-1.293305	15.507308	27.089336	2.998506	
105	-1.012253	-0.567423	3.802751	-5.343347	-12.314311	5.343347	-13.301775	-13.392617	-0.795246	13.392617	26.304833	3.015259	
106	-0.873177	-0.426282	3.795571	-2.514761	-14.185852	2.514761	-13.762685	-11.423102	-0.315044	11.423102	25.574345	3.030162	
107	-0.735610	-0.293067	3.788567	-0.131445	-16.210914	0.131445	-13.900442	-9.711352	0.117953	9.711352	24.893943	3.043653	
108	-0.603865	-0.174866	3.782006	1.807389	-18.374697	-1.807389	-13.603303	-8.320336	0.450440	8.320336	24.265060	3.056053	
109	-0.470630	-0.060608	3.775969	3.399145	-20.601864	-3.399145	-12.925436	-7.291928	0.737099	7.291928	23.546727	3.067557	
110	-0.325692	0.060294	3.770440	4.670958	-22.812066	-4.670958	-11.990962	-6.653844	1.079286	6.653844	22.572671	3.078170	
111	-0.174591	0.180534	3.765278	5.484451	-24.955811	-5.484451	-10.783494	-6.415457	1.452656	6.415457	21.344096	3.087776	
112	-0.032992	0.286831	3.760271	5.734489	-27.001424	-5.734489	-9.193814	-6.555851	1.747070	6.555851	19.989803	3.096187	
113	0.092223	0.375461	3.755381	5.451691	-28.957563	-5.451691	-7.179602	-7.059456	1.932878	7.059456	18.608628	3.103152	
114	0.210033	0.454931	3.750737	4.630071	-30.892485	-4.630071	-4.848570	-7.951510	2.119719	7.951510	17.180899	3.108396	
115	0.330043	0.529556	3.746423	3.210286	-32.927978	-3.210286	-2.258325	-9.267389	2.410975	9.267389	15.682405	3.111696	
116	0.444822	0.587004	3.742610	1.277534	-35.179199	-1.277534	0.827345	-11.025944	2.735369	11.025944	14.243250	3.112993	
117	0.551571	0.628815	3.739756	-0.983054	-37.636274	0.983054	4.491245	-13.233846	3.062109	13.233846	12.893612	3.112385	
118	0.669265	0.682371	3.738206	-3.466752	-40.183281	3.466752	8.347918	-15.850723	3.587295	15.850723	11.357895	3.109970	
119	0.810367	0.761561	3.737795	-6.168091	-42.755445	6.168091	12.098021	-18.787738	4.459195	18.787738	9.425333	3.105792	
120	0.973417	0.864502	3.738201	-9.155710	-45.381953	9.155710	15.684782	-21.987985	5.677653	21.987985	7.126030	3.099895	
121	1.164164	1.000970	3.739393	-12.512593	-48.118050	12.512593	18.944456	-25.461160	7.301530	25.461160	4.451048	3.092276	
122	1.387899	1.182794	3.741390	-16.207766	-50.983407	16.207766	21.722737	-29.228140	9.384244	29.228140	1.368218	3.082767	
123	1.634576	1.404929	3.743901	-20.079925	-53.941310	20.079925	24.100225	-33.254110	11.817432	33.254110	-2.006316	3.071037	
124	1.893629	1.650875	3.746447	-23.980111	-56.979249	23.980111	26.316072	-37.492870	14.489809	37.492870	-5.580978	3.056718	
125	2.161851	1.904812	3.748508	-27.902582	-60.153713	27.902582	28.634769	-41.961258	17.368384	41.961258	-9.337389	3.039641	
126	2.435582	2.164268	3.749643	-31.896608	-63.475809	31.896608	31.101314	-46.677760	20.402149	46.677760	-13.200354	3.019890	
127	2.711397	2.438226	3.749842	-35.845988	-66.872654	35.845988	33.542379	-51.608962	23.528979	51.608962	-17.080986	2.997627	
128	2.979618	2.719755	3.749399	-39.531969	-70.270299	39.531969	36.005781	-56.666304	26.609785	56.666304	-20.830871	2.973034	
129	3.225409	2.985809	3.748281	-42.869986	-73.637973	42.869986	38.771487	-61.732283	29.459375	61.732283	-24.274545	2.946370	
130	3.441827	3.219670	3.746010	-45.905125	-77.009072	45.905125	42.086233	-66.764434	32.001845	66.764434	-27.358200	2.918003	
131	3.628761	3.413478	3.742033	-48.759637	-80.479903	48.759637	46.164317	-71.838615	34.231200	71.838615	-30.072438	2.888484	
132	3.791690	3.572582	3.736004	-51.569076	-84.135273	51.569076	51.049265	-77.078159	36.186932	77.078159	-32.424799	2.858491	
133	3.941987	3.722931	3.727813	-54.269935	-87.888639	54.269935	56.314502	-82.487616	37.994340	82.487616	-34.536053	2.828526	
134	4.090710	3.896860	3.717394	-56.699209	-91.510969	56.699209	61.246174	-87.926096	39.790305	87.926096	-36.588545	2.798581	
135	4.235433	4.093265	3.704719	-58.837227	-94.922741	58.837227	65.783043	-93.297440	41.514667	93.297440	-38.570164	2.768244	
136	4.358558	4.272292	3.689917	-60.756164	-98.246216	60.756164	70.709816	-98.593564	42.898426	98.593564	-40.223439	2.737306	
137	4.460759	4.420348	3.673124	-62.576300	-101.606342	62.576300	76.417935	-103.895965	43.915279	103.895965	-41.514567	2.706016	
138	4.565119	4.563983	3.654241	-64.385406	-104.996722	64.385406	82.488789	-109.306607	44.851864	109.306607	-42.738449	2.674710	
139	4.678759	4.712178	3.632926	-66.182343	-108.320213	66.182343	88.601360	-114.775780	45.824067	114.775780	-44.022826	2.643572	
140	4.790885	4.848440	3.608749	-68.044355	-111.613551	68.044355	94.983028	-120.269117	46.706319	120.269117	-45.224239	2.612834	
141	4.894487	4.961860	3.581512	-70.139951	-115.001313	70.139951	101.888390	-125.846828	47.420627	125.846828	-46.239792	2.582940	
142	4.992317	5.059219	3.551478	-72.526458	-118.441377	72.526458	109.053862	-131.474170	48.051223	131.474170	-47.153966	2.554394	
143	5.075935	5.138812	3.519253	-75.090970	-121.763378	75.090970	116.179318	-136.930393	48.514010	136.930393	-47.873530	2.527609	
144	5.115155	5.174311	3.485562	-77.779951	-124.855938	77.779951	123.441912	-141.900998	48.349602	141.900998	-47.889899	2.503027	
145	5.099128	5.158790	3.450949	-80.679944	-127.755859	80.679944	130.982913	-146.355076	47.319539	146.355076	-46.935863	2.481250	
146	5.046438	5.113656	3.415648	-83.752524	-130.485809	83.752524	138.555970	-150.482152	45.687360	150.482152	-45.306380	2.462939	
147	4.975556	5.056935	3.379611	-86.816433	-132.909939	86.816433	145.742865	-154.313708	43.811705	154.313708	-43.396070	2.448608	
148	4.904281	5.006978	3.342460	-89.799465	-134.914653	89.799465	152.125074	-157.893668	41.980062	157.893668	-41.493109	2.438518	
149	4.841333	4.973805	3.303560	-92.875993	-136.523277	92.875993	157.546331	-161.336821	40.276834	161.336821	-39.647863	2.432813	
150	4.776810	4.944929	3.262403	-96.343222	-137.800604	96.343222	162.181819	-164.653683	38.591438	164.653683	-37.695344	2.431694	
151	4.706282	4.910120	3.219162	-100.245963	-138.745277	100.245963	166.074725	-167.834889	37.025379	167.834889	-35.694308	2.435424	
152	4.629346	4.864830	3.174683	-104.314214	-139.187870	104.314214	168.916264	-170.726293	35.789545	170.726293	-33.830748	2.444164	
153	4.533992	4.798868	3.129711	-108.315251	-138.896811	108.315251	170.373817	-173.041530	34.858402	173.041530	-32.058171	2.457865	
154	4.433272	4.733115	3.084360	-112.201503	-137.919652	112.201503	170.243525	-175.005890	34.381843	175.005890	-30.529804	2.476414	
155	4.381402	4.729158	3.038372	-115.988272	-136.621214	115.988272	168.388475	-177.434042	34.924054	177.434042	-29.858380	2.499837	
156	4.416967	4.824120	2.991533	-119.695050	-135.378026	119.695050	165.028620	-180.926355	36.822680	180.926355	-30.447949	2.528255	
157	4.529447	4.997014	2.943738	-123.422522	-134.450220	123.422522	160.950180	-185.505165	39.830841	185.505165	-32.105093	2.561749	
158	4.692252	5.212201	2.894938	-127.331892	-134.057588	127.331892	157.039466	-191.051373	43.543885	191.051373	-34.469448	2.600308	
159	4.894042	5.458030	2.845353	-131.415140	-134.335148	131.415140	153.732841	-197.600842	47.761740	197.600842	-37.384203	2.643808	
160	5.128056	5.732928	2.795397	-135.345179	-135.127404	135.345179	150.927718	-205.003373	52.335201	205.003373	-40.742623	2.691973	
161	5.375231	6.023282	2.744586	-138.599696	-135.968434	138.599696	148.250700	-212.709648	56.961430	212.709648	-44.280507	2.744511	
162	5.611834	6.305488	2.691101	-140.798526	-136.403630	140.798526	145.498188	-220.045437	61.299699	220.045437	-47.685744	2.801240	
163	5.829430	6.562930	2.633010	-142.083683	-136.383146	142.083683	142.898395	-226.639288	65.221449	226.639288	-50.858240	2.861767	
164	6.035977	6.795890	2.569077	-142.957923	-136.214166	142.957923	140.828997	-232.609916	68.792566	232.609916	-53.902507	2.925307	
165	6.230821	7.003549	2.499043	-143.728064	-136.101741	143.728064	139.451415	-238.100848	71.970780	238.100848	-56.813707	2.991067	
166	6.398982	7.174315	2.424335	-144.426831	-136.000181	144.426831	138.731620	-242.924485	74.581755	242.924485	-59.431473	3.058402	
167	6.533952	7.305878	2.347405	-144.977398	-135.759468	144.977398	138.461355	-246.892094	76.601914	246.892094	-61.689649	3.126700	
168	6.646274	7.411471	2.269663	-145.288093	-135.252760	145.288093	138.337216	-250.112637	78.233142	250.112637	-63.689468	3.195559	
169	6.747363	7.501959	2.190951	-145.277876	-134.422391	145.277876	138.130906	-252.768795	79.684382	252.768795	-65.546760	3.264911	
170	6.833307	7.571170	2.111267	-144.723599	-133.140856	144.723599	137.624857	-254.715831	80.983511	254.715831	-67.244874	3.334734	
171	6.892016	7.604558	2.032171	-143.309422	-131.166768	143.309422	136.526598	-255.583492	82.094630	255.583492	-68.707911	3.404735	
172	6.922394	7.602106	1.955889	-140.867922	-128.355218	140.867922	134.559621	-255.312547	83.125871	255.312547	-69.982313	3.474449	
173	6.936986	7.581892	1.883512	-137.480799	-124.844300	137.480799	131.678254	-254.385693	84.298877	254.385693	-71.246952	3.543610	
174	6.951687	7.564517	1.814517	-133.392969	-120.949606	133.392969	128.089070	-253.448820	85.805981	253.448820	-72.693628	3.612370	
175	6.984252	7.568282	1.747874	-128.825044	-116.977923	128.825044	124.045154	-252.933308	87.745776	252.933308	-74.472738	3.681141	
176	7.048266	7.604836	1.683624	-123.932911	-113.191550	123.932911	119.820916	-253.039127	90.061350	253.039127	-76.623881	3.750374	
177	7.134873	7.664155	1.622965	-118.850987	-109.654541	118.850987	115.632593	-253.598456	92.548449	253.598456	-78.998238	3.820485	
178	7.225280	7.728124	1.566804	-113.645793	-106.218567	113.645793	111.478207	-254.168141	95.041256	254.168141	-81.427374	3.891770	
179	7.321972	7.801376	1.515034	-108.372300	-102.901746	108.372300	107.381481	-254.648249	97.492195	254.648249	-83.908128	3.964335	
180	7.439875	7.901583	1.466814	-103.175895	-99.956131	103.175895	103.604550	-255.339460	99.842179	255.339460	-86.480675	4.038259	
181	7.580076	8.030405	1.421160	-98.156026	-97.486651	98.156026	100.351694	-256.316720	101.974419	256.316720	-89.082956	4.113734	
182	7.731298	8.174727	1.377788	-93.189785	-95.314621	93.189785	97.504426	-257.303840	103.814361	257.303840	-91.613061	4.190997	
183	7.883115	8.322826	1.336718	-88.049300	-93.207142	88.049300	94.794046	-258.076623	105.365336	258.076623	-94.008290	4.270271	
184	8.031243	8.470003	1.297191	-82.606375	-91.044713	82.606375	92.029547	-258.571203	106.662667	258.571203	-96.246057	4.351785	
185	8.177706	8.617762	1.258290	-76.896293	-88.823476	76.896293	89.157052	-258.769093	107.741730	258.769093	-98.332527	4.435769	
186	8.327325	8.770141	1.219727	-71.122227	-86.658083	71.122227	86.314386	-258.760851	108.602260	258.760851	-100.266655	4.522367	
187	8.486559	8.933255	1.181129	-65.528001	-84.714670	65.528001	83.721829	-258.790419	109.249936	258.790419	-102.051962	4.611606	
188	8.662111	9.114895	1.142028	-60.249179	-83.056316	60.249179	81.440956	-259.066201	109.760711	259.066201	-103.739955	4.703463	
189	8.853377	9.315014	1.103141	-55.399006	-81.664911	55.399006	79.459810	-259.614437	110.160864	259.614437	-105.334692	4.797927	
190	9.051264	9.522626	1.066265	-51.092422	-80.571100	51.092422	77.883482	-260.332268	110.278984	260.332268	-106.664862	4.895016	
191	9.247168	9.727232	1.032602	-47.255014	-79.781640	47.255014	76.759041	-261.082160	109.868712	261.082160	-107.479573	4.994820	
192	9.438030	9.925981	1.002191	-43.659446	-79.204242	43.659446	75.958016	-261.801140	108.831973	261.801140	-107.642534	5.097551	
193	9.622872	10.119995	0.974647	-40.126783	-78.787862	40.126783	75.413043	-262.577068	107.180676	262.577068	-107.105226	5.203501	
194	9.801243	10.312620	0.949547	-36.535333	-78.620866	36.535333	75.283712	-263.652091	104.881951	263.652091	-105.775840	5.312955	
195	9.977331	10.512010	0.926328	-32.841739	-78.821216	32.841739	75.803334	-265.330476	101.926744	265.330476	-103.594360	5.426224	
196	10.162564	10.733142	0.904389	-29.115240	-79.390206	29.115240	77.016158	-267.820989	98.493399	267.820989	-100.706941	5.543650	
197	10.371144	10.995214	0.883489	-25.356739	-80.212611	25.356739	78.768275	-271.178692	94.845754	271.178692	-97.386746	5.665511	
198	10.611192	11.311660	0.863804	-21.421756	-81.137396	21.421756	80.921283	-275.286639	91.101750	275.286639	-93.805604	5.791936	
199	10.878081	11.678418	0.845351	-17.198897	-82.042797	17.198897	83.512262	-279.833611	87.163146	279.833611	-89.943153	5.922842	
200	11.153683	12.071202	0.827762	-12.730374	-82.915673	12.730374	86.817779	-284.419401	82.691363	284.419401	-85.512419	6.057968	
201	11.399883	12.444207	0.810540	-7.999281	-83.615012	7.999281	90.879466	-288.240174	77.228740	288.240174	-80.067911	6.197055	
202	11.553902	12.731057	0.793044	-2.514050	-83.412794	2.514050	94.684980	-289.572351	70.649581	289.572351	-73.591288	6.339893	
203	11.575397	12.892614	0.774521	4.306442	-81.583786	-4.306442	96.998945	-287.155005	63.380960	287.155005	-66.781728	6.486149	
204	11.491865	12.960980	0.754559	12.334875	-78.423761	-12.334875	98.065664	-281.930090	55.927255	281.930090	-60.399707	6.635266	
205	11.351115	12.987760	0.733282	21.110277	-74.688507	-21.110277	98.972324	-275.614446	48.458083	275.614446	-54.762729	6.786586	
206	11.167616	12.985844	0.711092	30.499955	-70.569139	-30.499955	100.039075	-268.678772	41.005048	268.678772	-50.057068	6.939364	
207	10.935868	12.943903	0.688501	40.596843	-65.800026	-40.596843	100.825794	-260.688567	33.665193	260.688567	-46.562309	7.092627	
208	10.647000	12.842363	0.666137	51.421459	-60.018954	-51.421459	100.624637	-251.063245	26.593257	251.063245	-44.575463	7.245088	
209	10.290614	12.654089	0.644689	62.733750	-52.862769	-62.733750	98.532748	-239.226770	20.087540	239.226770	-44.501340	7.395057	
210	9.864850	12.365111	0.624914	74.256616	-44.128911	-74.256616	93.718789	-224.927952	14.608179	224.927952	-46.904849	7.540261	
211	9.380245	11.986392	0.607718	85.912039	-33.880455	-85.912039	85.803419	-208.397583	10.555564	208.397583	-52.252851	7.677902	
212	8.854695	11.542534	0.594071	97.569857	-22.374415	-97.569857	74.868867	-189.996118	8.115946	189.996118	-60.724386	7.804877	
213	8.317472	11.072154	0.584764	108.941023	-9.960304	-108.941023	61.302365	-170.061861	7.357992	170.061861	-72.483724	7.917808	
214	7.805311	10.623256	0.580145	119.635496	2.914790	-119.635496	45.882712	-149.167173	8.175457	149.167173	-87.674117	8.013161	
215	7.334734	10.220861	0.579955	129.127202	15.663394	-129.127202	29.861638	-128.106464	9.989648	128.106464	-105.559404	8.087736	
216	6.896349	9.862399	0.583439	136.889518	27.661589	-136.889518	14.690522	-107.631892	11.892567	107.631892	-124.401699	8.139199	
217	6.479172	9.542905	0.589608	142.500534	38.444660	-142.500534	1.572719	-88.369161	13.161305	88.369161	-142.598654	8.166259	
218	6.078214	9.257099	0.597473	145.613983	47.755021	-145.613983	-8.759480	-70.834005	13.405373	70.834005	-159.188546	8.168625	
219	5.697377	9.005671	0.606266	146.040659	55.395848	-146.040659	-15.743245	-55.456008	12.302058	55.456008	-173.415662	8.147005	
220	5.358796	8.814148	0.615511	143.791072	61.097402	-143.791072	-18.488213	-42.658446	9.347989	42.658446	-184.449369	8.103214	
221	5.088961	8.715529	0.624931	138.917615	64.585844	-138.917615	-15.895935	-32.841758	3.933517	32.841758	-191.387670	8.040332	
222	4.903472	8.724826	0.634352	131.471200	65.708345	-131.471200	-7.160428	-26.178608	-4.456422	26.178608	-193.338639	7.962785	
223	4.812890	8.845589	0.643642	121.678074	64.367240	-121.678074	8.216444	-22.513484	-16.206248	22.513484	-189.532241	7.876167	
224	4.819234	9.070631	0.652700	109.966972	60.473292	-109.966972	30.413339	-21.424912	-31.442187	21.424912	-179.471158	7.786812	
225	4.904849	9.369060	0.661478	96.855745	54.149663	-96.855745	58.770219	-22.165011	-49.769553	22.165011	-163.293687	7.701082	
226	5.041432	9.695272	0.669983	82.979548	45.877452	-82.979548	91.708916	-23.663362	-70.363501	23.663362	-141.935019	7.624385	
227	5.206234	10.010198	0.678212	69.079600	36.313312	-69.079600	127.472296	-24.850106	-92.368395	24.850106	-116.578003	7.560528	
228	5.380929	10.285009	0.686117	55.810898	26.077565	-55.810898	164.574255	-24.915963	-114.986761	24.915963	-88.265957	7.511833	
229	5.542286	10.495997	0.693635	43.649144	15.762040	-43.649144	201.620642	-23.264153	-137.296642	23.264153	-58.201853	7.479500	
230	5.656944	10.622790	0.700716	32.904230	5.950244	-32.904230	237.173209	-19.433783	-158.157236	19.433783	-27.974665	7.463741	
231	5.672621	10.635945	0.707314	23.686606	-2.797436	-23.686606	269.442660	-13.105032	-176.027261	13.105032	0.387618	7.463782	
232	5.519281	10.493465	0.713399	15.864397	-9.933428	-15.864397	296.043357	-4.116448	-188.928467	4.116448	24.507290	7.477837	
233	5.128579	10.157325	0.718908	8.965760	-15.002267	-8.965760	314.339333	7.502381	-194.819028	-7.502381	42.026220	7.503261	
234	4.449005	9.593579	0.723757	2.188081	-17.807304	-2.188081	321.609278	21.485242	-191.900271	-21.485242	50.933993	7.536688	
235	3.460928	8.767383	0.727934	-5.210075	-18.585356	5.210075	315.283773	37.272991	-178.950996	-37.272991	49.941128	7.573898	
236	2.179318	7.646499	0.731563	-13.597349	-17.958705	13.597349	293.269701	54.012340	-155.443670	-54.012340	38.682818	7.609736	
237	0.633125	6.205077	0.734833	-23.254214	-16.599975	23.254214	253.684157	70.706341	-121.091133	-70.706341	17.482361	7.638385	
238	-1.128154	4.440221	0.737842	-34.299370	-15.111387	34.299370	195.685419	86.391425	-76.184487	-86.391425	-12.533617	7.653860	
239	-3.011923	2.382867	0.740523	-45.783734	-14.115135	45.783734	121.239331	100.214695	-22.641659	-100.214695	-49.036917	7.650691	
240	-4.901453	0.093288	0.742719	-55.477067	-14.042920	55.477067	35.299985	111.572791	36.025986	-111.572791	-88.843121	7.624597	
241	-6.695403	-2.346768	0.744237	-60.604432	-14.831851	60.604432	-55.413385	120.299523	95.793269	-120.299523	-128.835955	7.572801	
242	-8.319310	-4.842631	0.744847	-58.263426	-15.938879	58.263426	-143.436891	126.672115	152.781696	-126.672115	-166.416450	7.493975	
243	-9.721419	-7.293504	0.744305	-45.717884	-16.575126	45.717884	-221.255269	131.192184	203.397375	-131.192184	-199.476907	7.387989	
244	-10.872509	-9.602747	0.742351	-21.237677	-15.971662	21.237677	-282.353243	134.387344	244.653834	-134.387344	-226.418418	7.255843	
245	-11.757182	-11.693382	0.738670	15.360935	-13.652956	-15.360935	-322.209615	136.698080	274.188589	-136.698080	-245.825785	7.099834	
246	-12.374792	-13.513669	0.732947	62.313087	-9.535580	-62.313087	-338.813427	138.310704	290.425889	-138.310704	-256.371205	6.923548	
247	-12.756217	-15.030313	0.725076	115.049137	-3.717355	-115.049137	-333.267656	139.315635	293.448442	-139.315635	-257.721580	6.731471	
248	-12.953839	-16.219779	0.715352	166.942546	3.639481	-166.942546	-309.502546	139.999083	284.824621	-139.999083	-250.672138	6.528444	
249	-13.007231	-17.060108	0.704415	211.819936	12.146059	-211.819936	-272.493581	140.543790	266.393267	-140.543790	-236.147768	6.319357	
250	-12.940080	-17.547334	0.692987	245.393196	21.173326	-245.393196	-227.355565	140.809992	240.172319	-140.809992	-215.252753	6.109148	
251	-12.779187	-17.706146	0.681661	265.130863	30.080363	-265.130863	-179.228542	140.771476	208.661546	-140.771476	-189.715916	5.902545	
252	-12.545262	-17.561881	0.670892	270.217071	38.347733	-270.217071	-132.527241	140.695355	174.332024	-140.695355	-161.438143	5.703454	
253	-12.237836	-17.139324	0.661027	261.536358	45.544462	-261.536358	-90.453085	140.760999	139.303172	-140.760999	-132.142781	5.514781	
254	-11.846642	-16.483842	0.652248	241.148845	51.290518	-241.148845	-54.876178	140.881253	105.392285	-140.881253	-103.374787	5.338753	
255	-11.366178	-15.651044	0.644562	211.961735	55.296651	-211.961735	-26.406182	140.966544	74.077310	-140.966544	-76.456105	5.176957	
256	-10.803005	-14.691450	0.637898	177.719436	57.472925	-177.719436	-5.014412	141.288788	46.512430	-141.288788	-52.501380	5.029977	
257	-10.178044	-13.648010	0.632200	142.961849	57.952782	-142.961849	9.575052	142.415834	23.434375	-142.415834	-32.241764	4.897075	
258	-9.518631	-12.555317	0.627482	112.526996	56.977820	-112.526996	18.163691	144.681608	5.004976	-144.681608	-15.818942	4.776316	
259	-8.849402	-11.439748	0.623825	90.488288	54.898409	-90.488288	21.794248	148.157437	-9.001889	-148.157437	-3.050076	4.665113	
260	-8.190817	-10.323011	0.621249	79.176689	52.193207	-79.176689	21.088220	152.952270	-18.929908	-152.952270	6.289069	4.560679	
261	-7.562050	-9.229103	0.619595	78.967820	49.262886	-78.967820	16.717368	158.973042	-25.295450	-158.973042	12.592935	4.460235	
262	-6.972753	-8.177421	0.618572	88.882760	46.302981	-88.882760	9.856165	165.721685	-28.809223	-165.721685	16.466754	4.361309	
263	-6.416578	-7.173397	0.617914	107.206392	43.407334	-107.206392	1.604358	172.550966	-30.144991	-172.550966	18.483585	4.262088	
264	-5.889617	-6.223601	0.617486	131.713003	40.672014	-131.713003	-7.229894	178.969891	-29.864486	-178.969891	19.088409	4.161605	
265	-5.401145	-5.342336	0.617243	159.812763	38.222447	-159.812763	-16.041443	184.686446	-28.457392	-184.686446	18.638199	4.059622	
266	-4.957435	-4.528618	0.617123	188.757095	36.159447	-188.757095	-24.688855	189.323435	-26.268328	-189.323435	17.386477	3.956373	
267	-4.546908	-3.757321	0.617030	215.988841	34.414593	-215.988841	-33.189701	192.152001	-23.511220	-192.152001	15.538201	3.852615	
268	-4.148239	-2.999137	0.616923	239.348971	32.779832	-239.348971	-41.381815	192.377103	-20.349148	-192.377103	13.292474	3.749949	
269	-3.752929	-2.238676	0.616849	256.913373	31.251292	-256.913373	-49.603625	189.766615	-16.872530	-189.766615	10.757187	3.650746	
270	-3.371002	-1.480940	0.616907	267.072473	30.155035	-267.072473	-58.702166	184.688648	-13.137434	-184.688648	7.965590	3.557662	
271	-3.013294	-0.741625	0.617219	268.998602	29.820378	-268.998602	-69.032832	177.581831	-9.267698	-177.581831	5.001374	3.473341	
272	-2.678398	-0.030079	0.617949	263.055453	30.325817	-263.055453	-80.188573	168.715771	-5.443708	-168.715771	2.017426	3.400338	
273	-2.357336	0.651633	0.619320	250.830102	31.511436	-250.830102	-91.325354	158.337196	-1.839735	-158.337196	-0.823315	3.341037	
274	-2.040777	1.305197	0.621520	234.512060	33.005874	-234.512060	-101.407777	146.786425	1.422709	-146.786425	-3.404643	3.297413	
275	-1.723829	1.926900	0.624636	215.973694	34.340821	-215.973694	-109.458420	134.515993	4.281953	-134.515993	-5.689834	3.270587	
276	-1.412958	2.492882	0.628669	196.408221	35.218044	-196.408221	-114.824270	122.108093	6.668554	-122.108093	-7.679792	3.260458	
277	-1.121741	2.976409	0.633565	176.635628	35.559776	-176.635628	-117.367723	110.185333	8.515237	-110.185333	-9.381308	3.265685	
278	-0.856754	3.376222	0.639214	157.397323	35.301957	-157.397323	-117.392768	99.211915	9.848743	-99.211915	-10.853503	3.283940	
279	-0.614205	3.709821	0.645425	139.294174	34.293119	-139.294174	-115.297769	89.383365	10.764936	-89.383365	-12.203859	3.312231	
280	-0.389054	3.991092	0.651970	122.696687	32.422067	-122.696687	-111.380392	80.711250	11.321530	-80.711250	-13.492118	3.347273	
281	-0.184278	4.220783	0.658655	107.855712	29.802659	-107.855712	-105.963836	73.185771	11.509597	-73.185771	-14.670012	3.385906	
282	-0.013897	4.391572	0.665324	94.967567	26.833092	-94.967567	-99.596844	66.858804	11.328382	-66.858804	-15.639475	3.425494	
283	0.106227	4.502755	0.671852	84.113792	23.988874	-84.113792	-92.945139	61.756915	10.844798	-61.756915	-16.346451	3.464173	
284	0.174440	4.564904	0.678156	75.224186	21.444693	-75.224186	-86.319915	57.718058	10.143910	-57.718058	-16.793555	3.500863	
285	0.196500	4.582229	0.684166	68.108685	19.109998	-68.108685	-79.673168	54.524931	9.292928	-54.524931	-17.015346	3.534964	
286	0.167527	4.543349	0.689797	62.538256	16.994285	-62.538256	-73.088342	52.119170	8.398570	-52.119170	-17.088908	3.565983	
287	0.082183	4.439482	0.694981	58.280730	15.165478	-58.280730	-66.759049	50.430459	7.590792	-50.430459	-17.112880	3.593424	
288	-0.050580	4.276808	0.699733	55.070572	13.564095	-55.070572	-60.732962	49.239473	6.936657	-49.239473	-17.147831	3.616894	
289	-0.218776	4.064667	0.704122	52.601362	12.132550	-52.601362	-55.056926	48.344615	6.465928	-48.344615	-17.218984	3.636183	
290	-0.419176	3.805942	0.708181	50.578532	10.917051	-50.578532	-49.912200	47.640234	6.246895	-47.640234	-17.362746	3.651176	
291	-0.649244	3.503478	0.711963	48.801192	9.958966	-48.801192	-45.449749	47.031653	6.348983	-47.031653	-17.609429	3.661739	
292	-0.893747	3.168099	0.715571	47.233803	9.179666	-47.233803	-41.561997	46.390479	6.733446	-46.390479	-17.914853	3.667770	
293	-1.125673	2.817061	0.719079	45.964644	8.409615	-45.964644	-37.912477	45.585917	7.232246	-45.585917	-18.152779	3.669254	
294	-1.329893	2.457204	0.722533	45.028911	7.590582	-45.028911	-34.390635	44.590400	7.730794	-44.590400	-18.250149	3.666201	
295	-1.520610	2.075509	0.725978	44.360156	6.905108	-44.360156	-31.402816	43.552968	8.349264	-43.552968	-18.314312	3.658626	
296	-1.718876	1.663011	0.729398	43.894976	6.580963	-43.894976	-29.394593	42.657976	9.282615	-42.657976	-18.505609	3.646644	
297	-1.929666	1.230036	0.732746	43.564440	6.679614	-43.564440	-28.440810	41.967144	10.580202	-41.967144	-18.882708	3.630553	
298	-2.152928	0.789272	0.736060	43.277245	7.167953	-43.277245	-28.488372	41.488663	12.221390	-41.488663	-19.474027	3.610694	
299	-2.392114	0.347867	0.739436	43.014409	8.004375	-43.014409	-29.483471	41.263676	14.199394	-41.263676	-20.330498	3.587304	
300	-2.646124	-0.085530	0.742927	42.808337	9.108634	-42.808337	-31.255195	41.313417	16.452110	-41.313417	-21.455094	3.560466	
301	-2.906375	-0.500561	0.746561	42.660073	10.370325	-42.660073	-33.549334	41.605167	18.841675	-41.605167	-22.770075	3.530156	
302	-3.161623	-0.890362	0.750366	42.611297	11.670230	-42.611297	-36.067127	42.086404	21.218092	-42.086404	-24.158603	3.496354	
303	-3.401711	-1.251837	0.754300	42.782109	12.873291	-42.782109	-38.457465	42.687097	23.448852	-42.687097	-25.505341	3.459113	
304	-3.616558	-1.581820	0.758264	43.265992	13.847505	-43.265992	-40.375791	43.304014	25.391774	-43.304014	-26.686561	3.418616	
305	-3.794895	-1.876311	0.762207	44.082471	14.501038	-44.082471	-41.555973	43.826851	26.894520	-43.826851	-27.565331	3.375188	
306	-3.928924	-2.130409	0.766166	45.212998	14.812053	-45.212998	-41.874973	44.198049	27.856533	-44.198049	-28.046312	3.329235	
307	-4.019633	-2.337025	0.770201	46.626284	14.826608	-46.626284	-41.375492	44.441446	28.280251	-44.441446	-28.124908	3.281212	
308	-4.073766	-2.490019	0.774371	48.261697	14.607229	-48.261697	-40.179369	44.593374	28.238641	-44.593374	-27.857373	3.231668	
309	-4.096565	-2.589154	0.778670	49.981955	14.198275	-49.981955	-38.412272	44.635428	27.806855	-44.635428	-27.298720	3.181210	
310	-4.090861	-2.639699	0.782936	51.600266	13.648466	-51.600266	-36.236158	44.536166	27.051193	-44.536166	-26.494461	3.130405	
311	-4.061228	-2.649629	0.786940	53.001994	13.020062	-53.001994	-33.848142	44.300742	26.050789	-44.300742	-25.505216	3.079754	
312	-4.013315	-2.625218	0.790590	54.175807	12.353867	-54.175807	-31.383494	43.948804	24.882579	-43.948804	-24.395270	3.029744	
313	-3.951881	-2.568993	0.793934	55.112404	11.664277	-55.112404	-28.912432	43.481375	23.610954	-43.481375	-23.218256	2.980815	
314	-3.883806	-2.486897	0.797035	55.767858	10.980462	-55.767858	-26.548338	42.895254	22.309244	-42.895254	-22.035417	2.933307	
315	-3.816400	-2.388510	0.799937	56.108845	10.352068	-56.108845	-24.441951	42.202824	21.046595	-42.202824	-20.905311	2.887457	
316	-3.750598	-2.277275	0.802674	56.122327	9.808003	-56.122327	-22.671746	41.406561	19.849575	-41.406561	-19.846193	2.843441	
317	-3.683005	-2.151780	0.805243	55.823024	9.347695	-55.823024	-21.235065	40.502953	18.716159	-40.502953	-18.848749	2.801410	
318	-3.613360	-2.013314	0.807615	55.257162	8.976999	-55.257162	-20.135815	39.526296	17.658938	-39.526296	-17.918730	2.761497	
319	-3.544264	-1.866364	0.809829	54.459415	8.715336	-54.459415	-19.399394	38.526686	16.700059	-38.526686	-17.074308	2.723809	
320	-3.477652	-1.716204	0.812042	53.434319	8.575322	-53.434319	-19.028768	37.531990	15.846740	-37.531990	-16.324166	2.688399	
321	-3.413172	-1.565778	0.814449	52.188435	8.554488	-52.188435	-18.987520	36.556668	15.087254	-36.556668	-15.659991	2.655184	
322	-3.347764	-1.415234	0.817142	50.747042	8.627399	-50.747042	-19.189462	35.598971	14.396106	-35.598971	-15.057048	2.623923	
323	-3.280916	-1.267101	0.820025	49.145454	8.763546	-49.145454	-19.544566	34.658683	13.761829	-34.658683	-14.502422	2.594324	
324	-3.216595	-1.129247	0.822949	47.426915	8.949345	-47.426915	-20.003789	33.759620	13.194193	-33.759620	-14.005085	2.566099	
325	-3.156705	-1.011554	0.825822	45.654318	9.159847	-45.654318	-20.493447	32.913571	12.688232	-32.913571	-13.562521	2.538982	
326	-3.100512	-0.917572	0.828518	43.917166	9.365100	-43.917166	-20.931235	32.129619	12.226632	-32.129619	-13.162235	2.512794	
327	-3.047979	-0.841249	0.830843	42.287737	9.566065	-42.287737	-21.318371	31.443529	11.806156	-31.443529	-12.802228	2.487413	
328	-2.997788	-0.777736	0.832627	40.783641	9.755137	-40.783641	-21.654059	30.856436	11.421413	-30.856436	-12.475167	2.462708	
329	-2.949108	-0.731589	0.833769	39.407523	9.899287	-39.407523	-21.870099	30.324011	11.061283	-30.324011	-12.171629	2.438544	
330	-2.904362	-0.707415	0.834247	38.182804	9.985530	-38.182804	-21.928171	29.822202	10.727608	-29.822202	-11.897503	2.414756	
331	-2.862947	-0.697282	0.834045	37.125532	10.014696	-37.125532	-21.839172	29.337914	10.417900	-29.337914	-11.650680	2.391146	
332	-2.818933	-0.685927	0.833114	36.199068	9.980113	-36.199068	-21.619946	28.837535	10.115938	-28.837535	-11.410087	2.367626	
333	-2.768339	-0.666204	0.831549	35.344303	9.880644	-35.344303	-21.288588	28.293244	9.814798	-28.293244	-11.162454	2.344255	
334	-2.713289	-0.641650	0.829625	34.547870	9.731047	-34.547870	-20.873917	27.716690	9.529909	-27.716690	-10.918189	2.321131	
335	-2.659341	-0.616810	0.827590	33.807037	9.561100	-33.807037	-20.439022	27.145618	9.289954	-27.145618	-10.700763	2.298244	
336	-2.609360	-0.590931	0.825606	33.064477	9.386308	-33.064477	-20.036777	26.580085	9.103965	-26.580085	-10.517873	2.275456	
337	-2.561176	-0.561401	0.823777	32.264624	9.190022	-32.264624	-19.653685	25.976418	8.948719	-25.976418	-10.351553	2.252631	
338	-2.512047	-0.528190	0.822046	31.426432	8.959759	-31.426432	-19.273575	25.326585	8.804464	-25.326585	-10.184575	2.229761	
339	-2.462657	-0.491563	0.820241	30.585025	8.711805	-30.585025	-18.937182	24.671648	8.676710	-24.671648	-10.020082	2.206952	
340	-2.417230	-0.450874	0.818208	29.719139	8.472134	-29.719139	-18.694451	24.039456	8.582476	-24.039456	-9.876875	2.184314	
341	-2.378693	-0.408194	0.815838	28.800823	8.236841	-28.800823	-18.504536	23.406007	8.524798	-23.406007	-9.765485	2.161883	
342	-2.344790	-0.368880	0.813082	27.855758	7.971824	-27.855758	-18.243729	22.720738	8.484139	-22.720738	-9.673744	2.139688	
343	-2.309943	-0.334841	0.809990	26.922793	7.647716	-26.922793	-17.811462	21.948364	8.430214	-21.948364	-9.577536	2.117833	
344	-2.265873	-0.299939	0.806693	25.985865	7.235329	-25.985865	-17.133381	21.047488	8.320283	-21.047488	-9.442868	2.096519	
345	-2.206240	-0.257778	0.803316	24.976866	6.721027	-24.976866	-16.181241	19.984378	8.122655	-19.984378	-9.243153	2.076014	
346	-2.132768	-0.208079	0.799890	23.837667	6.147135	-23.837667	-15.055901	18.799361	7.852192	-18.799361	-8.983859	2.056528	
347	-2.048564	-0.148233	0.796336	22.536112	5.580955	-22.536112	-13.926784	17.569216	7.536202	-17.569216	-8.675948	2.038169	
348	-1.951828	-0.071666	0.792585	21.047826	5.048352	-21.047826	-12.870169	16.312770	7.171648	-16.312770	-8.311677	2.021081	
349	-1.840481	0.019250	0.788747	19.381499	4.524797	-19.381499	-11.822288	14.994387	6.742152	-14.994387	-7.882764	2.005500	
350	-1.713020	0.112798	0.785071	17.589194	3.975205	-17.589194	-10.675185	13.587272	6.234213	-13.587272	-7.381535	1.991571	
351	-1.563393	0.199447	0.781758	15.739163	3.360992	-15.739163	-9.312335	12.066198	5.617666	-12.066198	-6.780788	1.979274	
352	-1.383826	0.276230	0.778954	13.864425	2.640152	-13.864425	-7.618893	10.379493	4.851180	-10.379493	-6.048308	1.968642	
353	-1.170098	0.346496	0.776893	11.932855	1.792063	-11.932855	-5.542128	8.480137	3.908954	-8.480137	-5.168492	1.959911	
354	-0.917413	0.417764	0.775933	9.904225	0.805347	-9.904225	-3.050208	6.339943	2.766658	-6.339943	-4.123503	1.953429	
355	-0.623676	0.495461	0.776457	7.752224	-0.317598	-7.752224	-0.134783	3.948640	1.413569	-3.948640	-2.906394	1.949641	
356	-0.303389	0.579374	0.778786	5.450399	-1.512499	-5.450399	3.064833	1.360981	-0.085144	-1.360981	-1.579211	1.949057	
357	0.018242	0.666067	0.783115	3.054838	-2.689981	-3.054838	6.346253	-1.301804	-1.615506	1.301804	-0.249729	1.951988	
358	0.309025	0.746581	0.789387	0.896273	-3.768655	-0.896273	9.521544	-3.801518	-3.036314	3.801518	0.942768	1.958303	
359	0.551771	0.814109	0.797315	-0.758966	-4.729761	0.758966	12.532770	-5.996018	-4.275782	5.996018	1.921875	1.967494	
360	0.628916	0.834474	0.806306	-0.574072	-5.166501	0.574072	14.303295	-6.745163	-4.797878	6.745163	2.196882	1.978338	
361	0.724611	0.858993	0.815839	-0.702216	-5.682493	0.702216	16.292911	-7.746246	-5.410726	7.746246	2.540145	1.989710	
