kww	// User ID
23-6-2021	// Evaluation date
p17_warmup_013	23-6-2021	16:14:51:476	// Source file name and timestamp
357.143	// Sampling rate
0.864	// Data capture period

1.960000	// height
98.700000	// mass


Sample #	elbVar	shldrIR	LwristLinVelo	thorJFPd	thorSTPd	UaJFPp	UaSTPp	UaJFPd	UaSTPd	FaJFPp	FaSTPp	RwristLinVelo	
0	0.873916	1.558668	2.951268	1.799959	-0.234366	-1.799959	-8.151877	3.231221	0.880233	-3.231221	-2.167960	2.696104	
1	1.264545	1.272388	2.976547	2.412315	-0.236772	-2.412315	-9.610704	3.131152	2.913851	-3.131152	-7.002915	2.732717	
2	1.636583	1.056740	2.993511	2.842833	-0.247673	-2.842833	-11.906626	3.623780	4.747166	-3.623780	-11.476772	2.762990	
3	1.955891	0.567716	3.002953	4.425259	-0.185661	-4.425259	-10.785621	2.345611	6.902970	-2.345611	-16.716726	2.786968	
4	2.225667	0.055568	3.007131	6.429267	-0.097610	-6.429267	-8.154001	0.463190	8.939179	-0.463190	-21.690905	2.804857	
5	2.449221	-0.428711	3.008387	8.749170	0.004840	-8.749170	-4.129816	-1.947334	10.756915	1.947334	-26.159354	2.817029	
6	2.595250	-0.859237	3.008844	11.219123	0.108326	-11.219123	0.817608	-4.593195	12.172884	4.593195	-29.674793	2.824440	
7	2.646287	-1.235097	3.010070	13.774073	0.205588	-13.774073	6.354196	-7.303114	13.120049	7.303114	-32.068777	2.828609	
8	2.628084	-1.551203	3.013189	16.284430	0.287506	-16.284430	11.988241	-9.896288	13.694828	9.896288	-33.569082	2.830983	
9	2.588098	-1.799115	3.018698	18.542570	0.346335	-18.542570	17.274804	-12.292570	14.057700	12.292570	-34.546287	2.832438	
10	2.561739	-1.969239	3.026262	20.389611	0.380643	-20.389611	21.988179	-14.512967	14.317565	14.512967	-35.228169	2.833336	
11	2.554142	-2.069265	3.035070	21.773242	0.393842	-21.773242	26.076452	-16.547257	14.516042	16.547257	-35.683086	2.833838	
12	2.563045	-2.118934	3.044509	22.677041	0.389822	-22.677041	29.493686	-18.335331	14.696402	18.335331	-36.004747	2.834012	
13	2.595695	-2.125601	3.054387	23.167851	0.373677	-23.167851	32.236460	-19.868359	14.911410	19.868359	-36.315084	2.833804	
14	2.656305	-2.087464	3.064653	23.434198	0.350820	-23.434198	34.414170	-21.209263	15.181369	21.209263	-36.652730	2.833087	
15	2.749874	-2.007840	3.075200	23.558041	0.324002	-23.558041	36.056214	-22.417539	15.534985	22.417539	-37.072053	2.831682	
16	2.880063	-1.896451	3.085959	23.475086	0.295424	-23.475086	37.107376	-23.509496	16.009749	23.509496	-37.647038	2.829324	
17	3.031369	-1.770143	3.097073	23.208025	0.267613	-23.208025	37.649611	-24.485575	16.583604	24.485575	-38.324306	2.825775	
18	3.186083	-1.646217	3.108934	22.777618	0.242471	-22.777618	37.833614	-25.362389	17.216592	25.362389	-39.015043	2.820947	
19	3.343812	-1.531414	3.122150	22.109785	0.221646	-22.109785	37.731456	-26.169662	17.910160	26.169662	-39.717032	2.814898	
20	3.500632	-1.429601	3.137337	21.208646	0.204855	-21.208646	37.362103	-26.903231	18.647685	26.903231	-40.394788	2.807769	
21	3.637002	-1.354287	3.154591	20.149780	0.189138	-20.149780	36.733164	-27.512325	19.361300	27.512325	-40.920964	2.799733	
22	3.742839	-1.314578	3.173349	18.993161	0.171496	-18.993161	35.919424	-27.984532	20.008450	27.984532	-41.227617	2.790941	
23	3.830436	-1.302413	3.192869	17.788013	0.149921	-17.788013	35.057038	-28.371767	20.615697	28.371767	-41.381319	2.781439	
24	3.917572	-1.303780	3.212555	16.556588	0.122944	-16.556588	34.211505	-28.725268	21.229334	28.725268	-41.481167	2.771155	
25	4.008496	-1.310667	3.231885	15.342607	0.089946	-15.342607	33.395258	-29.070401	21.852702	29.070401	-41.545154	2.760037	
26	4.088048	-1.329327	3.250131	14.253744	0.050304	-14.253744	32.659569	-29.394022	22.433928	29.394022	-41.496312	2.748220	
27	4.149907	-1.364142	3.266151	13.279659	0.004829	-13.279659	31.943920	-29.656186	22.945511	29.656186	-41.303906	2.735964	
28	4.226317	-1.386397	3.278545	12.178142	-0.039505	-12.178142	30.937986	-29.846050	23.464550	29.846050	-41.112387	2.723323	
29	4.349495	-1.361741	3.285696	10.745378	-0.074931	-10.745378	29.395054	-29.969466	24.084643	29.969466	-41.077932	2.709953	
30	4.501929	-1.307677	3.285809	8.999941	-0.102298	-8.999941	27.404166	-29.993789	24.782585	29.993789	-41.146773	2.695383	
31	4.646566	-1.271446	3.278095	7.035310	-0.124497	-7.035310	25.190178	-29.905953	25.473575	29.905953	-41.163332	2.679319	
32	4.774369	-1.264141	3.264191	4.974092	-0.140682	-4.974092	22.927849	-29.781150	26.131076	29.781150	-41.070846	2.661670	
33	4.894698	-1.260610	3.247730	2.967519	-0.149750	-2.967519	20.749959	-29.692309	26.772552	29.692309	-40.889085	2.642495	
34	5.010851	-1.244306	3.232901	1.057255	-0.149738	-1.057255	18.753962	-29.642388	27.393424	29.642388	-40.624926	2.622009	
35	5.119592	-1.222778	3.223731	-0.822294	-0.138979	0.822294	16.972413	-29.620477	27.966764	29.620477	-40.273775	2.600533	
36	5.219845	-1.204956	3.223609	-2.696102	-0.119800	2.696102	15.363757	-29.628486	28.477173	29.628486	-39.844601	2.578361	
37	5.312594	-1.187659	3.234133	-4.512843	-0.097340	4.512843	13.884455	-29.663623	28.922338	29.663623	-39.346768	2.555685	
38	5.396694	-1.172362	3.254163	-6.273018	-0.075761	6.273018	12.465026	-29.684258	29.307215	29.684258	-38.788845	2.532607	
39	5.471992	-1.167964	3.280477	-8.056704	-0.055985	8.056704	10.977313	-29.620339	29.652123	29.620339	-38.192801	2.509108	
40	5.542018	-1.174460	3.309099	-9.893338	-0.036678	9.893338	9.385869	-29.468602	29.978609	29.468602	-37.575661	2.485061	
41	5.611183	-1.183506	3.336284	-11.776091	-0.016364	11.776091	7.773129	-29.293526	30.293915	29.293526	-36.939558	2.460361	
42	5.681071	-1.190398	3.360076	-13.723420	0.004705	13.723420	6.188140	-29.113028	30.590848	29.113028	-36.279120	2.434968	
43	5.751277	-1.198841	3.381358	-15.740478	0.023779	15.740478	4.602278	-28.886121	30.859956	28.886121	-35.589577	2.408841	
44	5.823804	-1.211688	3.402219	-17.830767	0.036511	17.830767	3.004256	-28.624704	31.107700	28.624704	-34.875917	2.381886	
45	5.898010	-1.223929	3.423366	-19.980534	0.038159	19.980534	1.479541	-28.417754	31.329563	28.417754	-34.121718	2.354020	
46	5.965296	-1.231849	3.443931	-22.089816	0.024147	22.089816	0.131762	-28.322909	31.485277	28.322909	-33.274783	2.325298	
47	6.018547	-1.235797	3.463322	-24.056155	-0.009088	24.056155	-1.019763	-28.322850	31.544825	28.322850	-32.304860	2.295967	
48	6.058391	-1.236375	3.482029	-25.961758	-0.060158	25.961758	-1.966366	-28.379935	31.516257	28.379935	-31.229166	2.266329	
49	6.089269	-1.234611	3.500936	-28.033305	-0.120561	28.033305	-2.659611	-28.462836	31.416508	28.462836	-30.079733	2.236620	
50	6.116393	-1.228596	3.520814	-30.379373	-0.183143	30.379373	-3.135632	-28.553390	31.254432	28.553390	-28.885023	2.207025	
51	6.141179	-1.215006	3.542240	-32.939788	-0.248545	32.939788	-3.506319	-28.669850	31.025897	28.669850	-27.657876	2.177751	
52	6.160697	-1.195380	3.565521	-35.677663	-0.318164	35.677663	-3.836289	-28.840596	30.720860	28.840596	-26.396177	2.149051	
53	6.175611	-1.175632	3.590688	-38.583454	-0.394450	38.583454	-4.205647	-29.039828	30.354860	29.039828	-25.111229	2.121133	
54	6.192065	-1.161587	3.617559	-41.513249	-0.490085	41.513249	-4.739390	-29.213672	29.971045	29.213672	-23.827848	2.094029	
55	6.215584	-1.156336	3.645660	-44.254243	-0.618904	44.254243	-5.495267	-29.361009	29.610058	29.361009	-22.558048	2.067648	
56	6.248952	-1.162898	3.674016	-46.733171	-0.780789	46.733171	-6.458690	-29.515127	29.301209	29.515127	-21.297968	2.041873	
57	6.293036	-1.186923	3.701270	-48.995847	-0.966259	48.995847	-7.585667	-29.692465	29.061310	29.692465	-20.032249	2.016567	
58	6.345449	-1.231726	3.726543	-51.092561	-1.167335	51.092561	-8.813126	-29.909644	28.884167	29.909644	-18.734346	1.991622	
59	6.402712	-1.291877	3.750175	-53.102126	-1.374955	53.102126	-10.102449	-30.202207	28.757523	30.202207	-17.387549	1.967061	
60	6.463417	-1.354567	3.773161	-55.189904	-1.568510	55.189904	-11.414172	-30.614260	28.679644	30.614260	-15.999722	1.943054	
61	6.526659	-1.410745	3.796227	-57.562201	-1.726418	57.562201	-12.700436	-31.165662	28.641472	31.165662	-14.587775	1.919867	
62	6.591820	-1.463582	3.819556	-60.268884	-1.853135	60.268884	-13.980452	-31.833784	28.625457	31.833784	-13.162509	1.897787	
63	6.657534	-1.518936	3.842844	-63.127601	-1.978533	63.127601	-15.220822	-32.606988	28.613980	32.606988	-11.716015	1.877056	
64	6.720333	-1.580457	3.865650	-65.941688	-2.136047	65.941688	-16.267759	-33.493610	28.584882	33.493610	-10.217100	1.857921	
65	6.780194	-1.659069	3.887813	-68.632359	-2.347602	68.632359	-17.088638	-34.452452	28.529172	34.452452	-8.639081	1.840666	
66	6.841255	-1.764009	3.909393	-71.159393	-2.613229	71.159393	-17.793191	-35.431934	28.458000	35.431934	-6.981935	1.825515	
67	6.904656	-1.889320	3.930427	-73.526601	-2.914256	73.526601	-18.438521	-36.441601	28.378246	36.441601	-5.261029	1.812623	
68	6.966450	-2.020094	3.950960	-75.802056	-3.236283	75.802056	-18.994151	-37.515241	28.279923	37.515241	-3.490819	1.802153	
69	7.015748	-2.133870	3.971006	-77.951630	-3.577474	77.951630	-19.249917	-38.721259	28.122924	38.721259	-1.677219	1.794344	
70	7.036898	-2.210141	3.990359	-79.779032	-3.943497	79.779032	-18.875004	-40.138247	27.844430	40.138247	0.180041	1.789595	
71	7.027901	-2.260237	4.008674	-81.120454	-4.358837	81.120454	-17.882541	-41.667973	27.431572	41.667973	2.075863	1.788362	
72	7.000543	-2.307998	4.025814	-82.004600	-4.832731	82.004600	-16.611454	-43.109545	26.927177	43.109545	3.985926	1.790850	
73	6.953188	-2.346253	4.042085	-82.596722	-5.318307	82.596722	-15.114512	-44.439012	26.318963	44.439012	5.886303	1.797009	
74	6.881060	-2.369933	4.058109	-83.020560	-5.790170	83.020560	-13.275297	-45.689183	25.564637	45.689183	7.798513	1.806756	
75	6.803590	-2.405499	4.074467	-83.295242	-6.295485	83.295242	-11.316672	-46.762779	24.713717	46.762779	9.769341	1.819930	
76	6.734785	-2.463939	4.091608	-83.382074	-6.855271	83.382074	-9.501906	-47.576215	23.823644	47.576215	11.791986	1.836200	
77	6.654363	-2.522172	4.109826	-83.233160	-7.408423	83.233160	-7.787046	-48.123487	22.847382	48.123487	13.780633	1.855189	
78	6.542019	-2.570171	4.129054	-82.810572	-7.910243	82.810572	-6.114938	-48.350169	21.725026	48.350169	15.671323	1.876564	
79	6.410570	-2.641517	4.148942	-82.061754	-8.427372	82.061754	-4.682872	-48.088350	20.472094	48.088350	17.536294	1.900002	
80	6.286970	-2.775734	4.169184	-80.938170	-9.071853	80.938170	-3.723918	-47.198236	19.129447	47.198236	19.516919	1.925200	
81	6.181011	-2.964374	4.189511	-79.459470	-9.865567	79.459470	-3.150010	-45.794868	17.705845	45.794868	21.659885	1.951979	
82	6.085539	-3.163273	4.209688	-77.731114	-10.732564	77.731114	-2.629983	-44.195262	16.194779	44.195262	23.900733	1.980362	
83	5.995284	-3.349550	4.229749	-75.857151	-11.625292	75.857151	-1.936407	-42.617804	14.589441	42.617804	26.216196	2.010530	
84	5.914245	-3.532079	4.249850	-73.897246	-12.564197	73.897246	-1.052640	-41.110321	12.890593	41.110321	28.666381	2.042782	
85	5.849279	-3.716089	4.269893	-71.930741	-13.541294	71.930741	-0.083489	-39.706187	11.136623	39.706187	31.257935	2.077452	
86	5.801531	-3.902177	4.289780	-69.960498	-14.540856	69.960498	0.899901	-38.394631	9.346879	38.394631	33.972207	2.114753	
87	5.766414	-4.094355	4.309740	-67.881646	-15.591177	67.881646	1.952220	-37.121858	7.484742	37.121858	36.840882	2.154791	
88	5.742828	-4.278899	4.330013	-65.692775	-16.666903	65.692775	3.114023	-35.973118	5.566998	35.973118	39.816849	2.197654	
89	5.735256	-4.430798	4.350608	-63.499920	-17.683850	63.499920	4.302613	-35.089134	3.686547	35.089134	42.757903	2.243347	
90	5.745178	-4.535958	4.371506	-61.455464	-18.590717	61.455464	5.411721	-34.500654	1.914064	34.500654	45.548122	2.291754	
91	5.770739	-4.591229	4.392742	-59.751206	-19.389607	59.751206	6.408594	-34.217854	0.269102	34.217854	48.143040	2.342651	
92	5.812557	-4.599467	4.414306	-58.399527	-20.124939	58.399527	7.294891	-34.272491	-1.246601	34.272491	50.552311	2.395729	
93	5.862195	-4.570923	4.436131	-57.114768	-20.861697	57.114768	8.137515	-34.602098	-2.680067	34.602098	52.803716	2.450628	
94	5.894295	-4.525740	4.458159	-55.575035	-21.659671	55.575035	9.160722	-35.028427	-4.172982	35.028427	54.957048	2.507029	
95	5.889096	-4.481852	4.480411	-53.777581	-22.526327	53.777581	10.523014	-35.395084	-5.843161	35.395084	57.067078	2.564769	
96	5.843910	-4.449716	4.503020	-51.915896	-23.433962	51.915896	12.198083	-35.613905	-7.712456	35.613905	59.146336	2.623769	
97	5.761586	-4.444274	4.526203	-49.992960	-24.422134	49.992960	14.216755	-35.599203	-9.809150	35.599203	61.252108	2.683940	
98	5.645309	-4.479200	4.550160	-47.890071	-25.580040	47.890071	16.684589	-35.306655	-12.180739	35.306655	63.471021	2.745282	
99	5.492753	-4.557463	4.575022	-45.495136	-26.964406	45.495136	19.680571	-34.738153	-14.861212	34.738153	65.821192	2.807840	
100	5.302052	-4.677776	4.600934	-42.645271	-28.621320	42.645271	23.258247	-33.888910	-17.867778	33.888910	68.295000	2.871525	
101	5.091403	-4.830176	4.628136	-39.370759	-30.574644	39.370759	27.328016	-32.869104	-21.121067	32.869104	70.886822	2.936179	
102	4.882608	-4.996440	4.656892	-35.874932	-32.778652	35.874932	31.710717	-31.892648	-24.485161	31.892648	73.542688	3.001737	
103	4.660438	-5.177914	4.687362	-32.013510	-35.191478	32.013510	36.506075	-30.953853	-28.002068	30.953853	76.226545	3.068141	
104	4.398927	-5.385748	4.719560	-27.521190	-37.807745	27.521190	41.913466	-29.906623	-31.785858	29.906623	78.930636	3.135134	
105	4.117291	-5.598682	4.753371	-22.645669	-40.598834	22.645669	47.680847	-28.853897	-35.681804	28.853897	81.547749	3.202282	
106	3.850521	-5.781863	4.788597	-17.869596	-43.540995	17.869596	53.364609	-27.976816	-39.421540	27.976816	83.916726	3.269166	
107	3.611355	-5.922692	4.825023	-13.446075	-46.667941	13.446075	58.790258	-27.289855	-42.897505	27.289855	85.976399	3.335516	
108	3.393197	-6.030778	4.862421	-9.241550	-50.051266	9.241550	64.097274	-26.698441	-46.191557	26.698441	87.822328	3.401263	
109	3.167960	-6.128590	4.900535	-4.723488	-53.738112	4.723488	69.621792	-25.998731	-49.514806	25.998731	89.607198	3.466507	
110	2.917795	-6.218931	4.939103	0.395424	-57.668194	-0.395424	75.396784	-25.090327	-52.863066	25.090327	91.249207	3.531335	
111	2.649971	-6.285259	4.977929	5.821960	-61.687483	-5.821960	81.138007	-24.055012	-55.998055	24.055012	92.493019	3.595623	
112	2.365855	-6.334444	5.016896	11.348656	-65.694769	-11.348656	86.855307	-22.911210	-58.889480	22.911210	93.327817	3.658978	
113	2.072891	-6.378207	5.055940	16.933816	-69.701200	-16.933816	92.669306	-21.734596	-61.597500	21.734596	93.886557	3.720921	
114	1.801922	-6.404866	5.094958	22.199733	-73.798369	-22.199733	98.456660	-20.778796	-64.015657	20.778796	94.197028	3.781105	
115	1.576266	-6.405481	5.133748	26.772348	-78.129389	-26.772348	104.168452	-20.201160	-66.098901	20.201160	94.320636	3.839336	
116	1.393730	-6.382151	5.172021	30.673215	-82.756452	-30.673215	109.874454	-19.962864	-67.910302	19.962864	94.325233	3.895504	
117	1.243502	-6.333771	5.209432	33.912672	-87.591820	-33.912672	115.522771	-19.988370	-69.451309	19.988370	94.160455	3.949462	
118	1.126031	-6.256239	5.245596	36.181109	-92.565630	-36.181109	121.021243	-20.296212	-70.693745	20.296212	93.795486	4.000999	
119	1.050366	-6.142843	5.280110	37.117196	-97.685391	-37.117196	126.302897	-20.989238	-71.608724	20.989238	93.233768	4.049950	
120	1.014243	-5.984902	5.312615	36.631903	-102.895114	-36.631903	131.236983	-22.103175	-72.113166	22.103175	92.361688	4.096172	
121	1.006824	-5.782324	5.342842	34.810550	-108.179518	-34.810550	135.784719	-23.607732	-72.152015	23.607732	91.074944	4.139404	
122	1.025568	-5.544759	5.370597	31.576041	-113.707327	-31.576041	140.129422	-25.553218	-71.771824	25.553218	89.432171	4.179376	
123	1.075328	-5.277037	5.395841	26.619460	-119.609906	-26.619460	144.404953	-28.063773	-71.015464	28.063773	87.509411	4.215951	
124	1.163362	-4.974378	5.418853	19.638672	-125.875513	-19.638672	148.561065	-31.282418	-69.856651	31.282418	85.299642	4.249062	
125	1.299223	-4.625964	5.440196	10.402731	-132.487122	-10.402731	152.473194	-35.380695	-68.221906	35.380695	82.742093	4.278687	
126	1.487371	-4.224606	5.460471	-1.402914	-139.382699	1.402914	156.006560	-40.499050	-66.070666	40.499050	79.791756	4.304884	
127	1.717274	-3.794384	5.480129	-15.973085	-146.524047	15.973085	159.377737	-46.621113	-63.610889	46.621113	76.634661	4.327762	
128	1.973078	-3.386983	5.499419	-33.103452	-154.225696	33.103452	163.383718	-53.648513	-61.290844	53.648513	73.705665	4.347532	
129	2.253252	-3.030286	5.518333	-52.598483	-163.045434	52.598483	168.754068	-61.659774	-59.373589	61.659774	71.261371	4.364580	
130	2.566533	-2.709302	5.536615	-74.723434	-173.177526	74.723434	175.436814	-70.872353	-57.711617	70.872353	69.122784	4.379344	
131	2.915257	-2.400903	5.553846	-100.060048	-184.310411	100.060048	182.853284	-81.400950	-56.093323	81.400950	67.033864	4.392140	
132	3.298529	-2.092702	5.569506	-129.217402	-196.204836	129.217402	190.615506	-93.369408	-54.444229	93.369408	64.891996	4.403192	
133	3.724859	-1.773237	5.583026	-162.670066	-208.983411	162.670066	198.682786	-107.115670	-52.620596	107.115670	62.535063	4.412787	
134	4.205992	-1.439045	5.593896	-200.751441	-222.828022	200.751441	207.175114	-123.034666	-50.507096	123.034666	59.835916	4.421361	
135	4.749804	-1.100775	5.601693	-243.620998	-238.010402	243.620998	216.463536	-141.484648	-48.196358	141.484648	56.890097	4.429554	
136	5.359916	-0.768265	5.605940	-291.195254	-254.818115	291.195254	226.919664	-162.812830	-45.828004	162.812830	53.840778	4.438236	
137	6.023174	-0.444128	5.605974	-343.156508	-272.882998	343.156508	238.286097	-187.117772	-43.460563	187.117772	50.735192	4.448397	
138	6.724560	-0.123600	5.601064	-399.034420	-291.355766	399.034420	249.889985	-214.318952	-41.113193	214.318952	47.595549	4.460976	
139	7.473193	0.201900	5.590624	-458.469534	-309.522869	458.469534	261.232165	-244.492466	-38.895930	244.492466	44.569285	4.476787	
140	8.280149	0.536926	5.574199	-521.005831	-326.804708	521.005831	272.070216	-277.700368	-36.921801	277.700368	41.800049	4.496524	
141	9.129424	0.883681	5.551366	-585.263658	-343.050385	585.263658	282.578616	-313.638130	-35.019130	313.638130	39.119987	4.520789	
142	9.986102	1.238449	5.521723	-648.968040	-358.697706	648.968040	293.347442	-351.631350	-32.853120	351.631350	36.240541	4.550085	
143	10.829347	1.597590	5.484988	-710.221202	-374.030671	710.221202	304.570885	-391.141267	-30.078441	391.141267	32.964560	4.584821	
144	11.661699	1.966088	5.441099	-768.195957	-388.478445	768.195957	315.434952	-431.950221	-26.321927	431.950221	29.146356	4.625296	
145	12.489513	2.343314	5.390194	-822.932936	-400.967745	822.932936	324.772642	-473.587130	-21.412952	473.587130	24.884944	4.671627	
146	13.319345	2.741007	5.332548	-875.465256	-410.789330	875.465256	331.771159	-515.532264	-15.093791	515.532264	20.168534	4.723657	
147	14.156079	3.203573	5.268571	-927.275302	-417.796972	927.275302	335.927327	-557.965891	-6.624285	557.965891	14.381917	4.780947	
148	14.999546	3.770499	5.198681	-979.112005	-422.323098	979.112005	337.252088	-601.568548	4.666486	601.568548	6.837454	4.842837	
149	15.841106	4.430228	5.123167	-1030.835501	-424.681314	1030.835501	336.225051	-646.439584	18.606997	646.439584	-2.380191	4.908503	
150	16.663533	5.121369	5.042330	-1081.950774	-424.437713	1081.950774	333.116790	-691.686427	34.118478	691.686427	-12.275883	4.977031	
151	17.470252	5.804220	4.956676	-1132.054977	-421.374703	1132.054977	328.135253	-737.064150	50.410913	737.064150	-22.117257	5.047668	
152	18.279164	6.499565	4.866847	-1180.751479	-416.587886	1180.751479	322.092457	-783.665905	67.839463	783.665905	-32.333027	5.120143	
153	19.074181	7.223814	4.773528	-1227.197530	-411.046177	1227.197530	315.744086	-831.651143	86.813689	831.651143	-43.486433	5.194521	
154	19.809323	7.952881	4.677468	-1270.177982	-404.308001	1270.177982	308.811329	-879.216972	106.972083	879.216972	-55.471952	5.270470	
155	20.469583	8.665803	4.579402	-1309.129685	-396.029714	1309.129685	300.925760	-925.252461	127.906079	925.252461	-68.132461	5.347077	
156	21.090386	9.370563	4.479873	-1344.721102	-387.234023	1344.721102	292.788053	-971.163061	149.744569	971.163061	-81.668401	5.424012	
157	21.676319	10.069595	4.379186	-1377.547203	-378.965315	1377.547203	285.372599	-1017.757768	172.596391	1017.757768	-96.284738	5.501878	
158	22.166761	10.725178	4.277495	-1407.334532	-371.007734	1407.334532	278.910352	-1062.716468	195.791215	1062.716468	-111.718004	5.580661	
159	22.521341	11.287966	4.174887	-1433.695321	-362.582551	1433.695321	273.052589	-1103.419065	218.370912	1103.419065	-127.461693	5.659110	
160	22.748792	11.736422	4.071470	-1456.246440	-353.386219	1456.246440	267.501506	-1139.234982	239.928683	1139.234982	-143.377427	5.735739	
161	22.863409	12.067682	3.967453	-1474.364169	-343.626844	1474.364169	262.341409	-1170.383421	260.391594	1170.383421	-159.581646	5.809453	
162	22.893215	12.300652	3.863141	-1487.599203	-334.074552	1487.599203	258.194843	-1198.151642	280.026193	1198.151642	-176.406945	5.879754	
163	22.914008	12.504726	3.758812	-1496.420518	-326.719614	1496.420518	256.771038	-1226.923900	300.139206	1226.923900	-194.961151	5.947667	
164	23.014896	12.762741	3.654618	-1501.966996	-323.854670	1501.966996	260.221952	-1262.228577	322.503895	1262.228577	-216.631180	6.016526	
165	23.235498	13.105539	3.550570	-1504.791704	-326.139407	1504.791704	269.320711	-1306.205787	347.952836	1306.205787	-241.905410	6.091050	
166	23.570568	13.526581	3.446603	-1504.470116	-332.923582	1504.470116	283.495366	-1357.849916	376.464794	1357.849916	-270.583107	6.175733	
167	23.996277	14.023937	3.342692	-1500.048941	-343.499453	1500.048941	301.910793	-1415.604796	407.818988	1415.604796	-302.478954	6.274192	
168	24.479704	14.601133	3.238994	-1490.551904	-357.226969	1490.551904	323.687110	-1477.910953	441.560576	1477.910953	-337.329793	6.389173	
169	24.997647	15.257438	3.135882	-1475.239302	-373.372827	1475.239302	347.871918	-1543.336437	477.124685	1543.336437	-374.742509	6.522674	
170	25.534567	15.992057	3.033825	-1453.395042	-391.258620	1453.395042	373.634652	-1610.674297	513.975673	1610.674297	-414.350396	6.676048	
171	26.057211	16.812793	2.933238	-1424.286843	-410.559868	1424.286843	400.655672	-1678.590916	551.260806	1678.590916	-455.642868	6.850061	
172	26.521489	17.732366	2.834463	-1387.541738	-431.151751	1387.541738	428.972202	-1745.593650	587.701784	1745.593650	-497.787867	7.044993	
173	26.904328	18.758010	2.737844	-1343.212836	-452.630104	1343.212836	458.336069	-1810.568283	622.035899	1810.568283	-539.798724	7.260822	
174	27.211949	19.884272	2.643811	-1291.468455	-474.192983	1291.468455	488.100044	-1872.970095	653.265929	1872.970095	-580.622317	7.497476	
175	27.466194	21.092701	2.552876	-1232.618811	-494.925800	1232.618811	517.676580	-1932.392167	680.561696	1932.392167	-619.079694	7.754921	
176	27.682274	22.363122	2.465563	-1167.177493	-514.037337	1167.177493	546.764888	-1988.028289	703.035952	1988.028289	-653.877981	8.033027	
177	27.857887	23.677160	2.382368	-1095.543778	-530.762880	1095.543778	575.136620	-2038.396581	719.559285	2038.396581	-683.559810	8.331385	
178	27.971817	24.998983	2.303717	-1017.844421	-544.358903	1017.844421	602.883119	-2081.220240	728.566557	2081.220240	-706.243698	8.649210	
179	27.986306	26.264335	2.229944	-934.342304	-554.210065	934.342304	630.709485	-2113.544967	728.120954	2113.544967	-719.686888	8.985349	
180	27.888886	27.408433	2.161277	-846.075075	-559.843528	846.075075	659.394768	-2133.271786	717.152720	2133.271786	-722.541838	9.338420	
181	27.696017	28.389534	2.097827	-754.344111	-561.070355	754.344111	689.508173	-2139.972353	695.828984	2139.972353	-714.788476	9.706969	
182	27.391558	29.181643	2.039603	-659.668863	-558.008992	659.668863	721.486644	-2133.511618	664.147462	2133.511618	-696.395309	10.089627	
183	26.948266	29.775368	1.986507	-562.104706	-550.639571	562.104706	754.689126	-2113.757711	622.293872	2113.757711	-667.623635	10.485427	
184	26.389082	30.175219	1.938328	-461.556823	-538.392719	461.556823	786.442715	-2080.972198	571.963951	2080.972198	-630.399327	10.893787	
185	25.765621	30.388360	1.894840	-357.207487	-520.422142	357.207487	812.722158	-2035.311351	515.782161	2035.311351	-587.835844	11.313984	
186	25.129334	30.435319	1.855874	-247.714076	-496.199612	247.714076	829.518804	-1976.850312	456.425073	1976.850312	-543.348584	11.744698	
187	24.545900	30.353146	1.821279	-132.010271	-465.660936	132.010271	833.556108	-1905.700223	396.637952	1905.700223	-500.737359	12.183715	
188	24.107034	30.175821	1.790829	-9.252776	-428.918364	9.252776	822.288569	-1821.741810	339.303721	1821.741810	-464.485405	12.627523	
189	23.918831	29.921796	1.764107	121.568973	-386.183320	-121.568973	794.214891	-1724.908923	287.087087	1724.908923	-439.551530	13.071006	
190	24.074439	29.591395	1.740433	261.170108	-338.028369	-261.170108	750.019252	-1615.780982	241.805241	1615.780982	-430.583078	13.507455	
191	24.630736	29.171934	1.719095	408.713926	-285.680550	-408.713926	693.748888	-1496.221062	203.968027	1496.221062	-441.023214	13.928862	
192	25.597996	28.654717	1.699687	560.052110	-231.301879	-560.052110	633.542509	-1370.379653	172.579986	1370.379653	-472.327404	14.326500	
193	26.934792	28.043901	1.682013	707.096655	-177.880579	-707.096655	581.013204	-1245.256635	145.200886	1245.256635	-523.465059	14.691857	
194	28.547026	27.339456	1.665819	839.741440	-128.424246	-839.741440	548.532729	-1129.513314	118.578081	1129.513314	-591.226344	15.017711	
195	30.304455	26.518291	1.650905	948.088589	-85.080091	-948.088589	545.457131	-1030.510937	89.919673	1030.510937	-671.649689	15.298664	
196	32.064432	25.536076	1.637249	1023.828021	-48.602593	-1023.828021	574.453034	-951.024950	57.963788	951.024950	-761.501928	15.530435	
197	33.659965	24.327993	1.624917	1061.922890	-17.950267	-1061.922890	628.626686	-887.069452	23.260767	887.069452	-858.080363	15.708399	
198	34.894146	22.817095	1.614005	1063.014564	9.996536	-1063.014564	690.740718	-827.305881	-11.723570	827.305881	-958.512085	15.826438	
199	35.642895	20.966181	1.604698	1036.442818	40.309782	-1036.442818	737.301952	-754.744716	-43.232374	754.744716	-1061.106043	15.876005	
200	35.968547	18.863719	1.597340	1000.122646	78.516510	-1000.122646	750.160754	-652.480090	-69.990773	652.480090	-1164.464222	15.845159	
201	36.077838	16.769952	1.592420	975.351049	127.605773	-975.351049	730.247661	-512.308360	-98.049279	512.308360	-1260.489185	15.719450	
202	36.193529	15.044484	1.590467	980.433463	185.630752	-980.433463	701.412662	-340.453513	-139.904490	340.453513	-1329.011259	15.486691	
203	36.464165	14.013187	1.591968	1023.137124	245.435680	-1023.137124	699.849326	-156.149570	-207.223336	156.149570	-1340.078204	15.144862	
204	36.940104	13.862539	1.597382	1093.453587	297.115784	-1093.453587	755.193615	16.850722	-302.547666	-16.850722	-1263.774678	14.709721	
205	37.579797	14.571705	1.607154	1165.327821	332.892779	-1165.327821	875.550876	161.285473	-415.288696	-161.285473	-1084.710264	14.217415	
206	38.244591	15.878545	1.621660	1209.592163	351.769991	-1209.592163	1046.010358	272.875125	-525.102815	-272.875125	-813.034776	13.719131	
207	38.781262	17.265144	1.641044	1210.464160	360.856795	-1210.464160	1239.408382	358.274462	-611.530490	-358.274462	-484.478544	13.268657	
208	39.203658	17.951543	1.665062	1172.004292	371.252145	-1172.004292	1427.613854	425.161196	-662.650567	-425.161196	-145.193518	12.908637	
209	39.725900	16.955450	1.693171	1106.340033	388.605958	-1106.340033	1581.254356	471.621252	-675.993259	-471.621252	171.796404	12.664568	
210	40.604664	13.293858	1.724707	1025.362119	404.181240	-1025.362119	1667.148384	485.572615	-657.688884	-485.572615	458.655257	12.549355	
211	41.974243	6.395817	1.758910	956.000975	395.229119	-956.000975	1665.128429	458.194774	-628.602411	-458.194774	725.000819	12.570379	
212	43.667566	-3.254730	1.794882	950.777492	339.190704	-950.777492	1598.062419	405.682324	-628.238139	-405.682324	979.803201	12.728358	
213	45.051877	-13.752762	1.831543	1056.434146	235.326052	-1056.434146	1526.983232	380.773998	-692.578408	-380.773998	1212.916174	13.004028	
214	45.149771	-22.478425	1.867729	1262.372444	112.593114	-1262.372444	1485.920733	449.231685	-809.587450	-449.231685	1385.920393	13.344370	
215	43.078451	-27.600851	1.902416	1494.501150	9.869489	-1494.501150	1428.333531	640.942103	-908.266089	-640.942103	1444.742382	13.667687	
216	38.465523	-28.987917	1.934833	1667.769908	-51.625801	-1667.769908	1266.656093	924.946532	-910.666414	-924.946532	1352.357675	13.888794	
217	31.581933	-27.816171	1.964450	1735.644732	-75.522322	-1735.644732	959.341266	1230.515947	-789.672926	-1230.515947	1115.847702	13.945797	
218	23.229520	-25.586778	1.990922	1697.622986	-77.809483	-1697.622986	547.244392	1485.836320	-576.515952	-1485.836320	786.819504	13.813982	
219	14.499677	-23.434291	2.014041	1583.643317	-72.915003	-1583.643317	122.496020	1644.363234	-330.169582	-1644.363234	439.171895	13.506828	
220	6.438081	-21.927578	2.033717	1435.491860	-68.095094	-1435.491860	-226.250638	1693.366532	-104.102987	-1693.366532	138.540823	13.068319	
221	-0.241011	-21.169262	2.049971	1289.721933	-64.459068	-1289.721933	-449.199109	1648.342384	70.523246	-1648.342384	-78.695608	12.558812	
222	-5.204735	-21.001602	2.062908	1168.956132	-60.148375	-1168.956132	-536.827191	1539.080257	183.692851	-1539.080257	-205.764262	12.039467	
223	-8.390312	-21.191628	2.072656	1083.413208	-53.034259	-1083.413208	-504.622769	1397.154576	237.881097	-1397.154576	-254.299102	11.561153	
224	-9.902116	-21.527681	2.079344	1034.542029	-42.072929	-1034.542029	-379.988490	1249.626743	241.483023	-1249.626743	-244.045086	11.158593	
225	-9.938907	-21.842205	2.083151	1017.106714	-27.440799	-1017.106714	-193.796016	1116.730768	205.276490	-1116.730768	-195.803586	10.848416	
226	-8.736784	-22.012071	2.084319	1021.411206	-10.178806	-1021.411206	24.792958	1011.603337	140.473581	-1011.603337	-127.282545	10.630781	
227	-6.542191	-21.959134	2.083080	1035.819303	8.058850	-1035.819303	250.477147	941.189112	57.906391	-941.189112	-51.658445	10.493700	
228	-3.598963	-21.640835	2.079662	1049.487607	25.045547	-1049.487607	462.509049	907.681296	-32.418208	-907.681296	22.425904	10.418389	
229	-0.166208	-21.044734	2.074372	1055.166059	38.047787	-1055.166059	645.026879	909.000472	-121.397711	-909.000472	89.992594	10.384038	
230	3.440632	-20.194983	2.067592	1051.674389	44.168787	-1051.674389	787.718934	938.259515	-201.053928	-938.259515	148.686398	10.371110	
231	6.943705	-19.116710	2.059641	1047.147581	40.998644	-1047.147581	887.788981	986.091494	-266.631928	-986.091494	198.867838	10.363467	
232	10.204479	-17.807728	2.050626	1058.046080	27.334062	-1058.046080	948.775403	1044.028132	-317.381468	-1044.028132	242.929943	10.349807	
233	13.101417	-16.271960	2.040466	1100.695457	4.283572	-1100.695457	971.953862	1106.659585	-353.276508	-1106.659585	282.291224	10.323334	
234	15.457093	-14.545191	2.029041	1184.611794	-23.575191	-1184.611794	953.155587	1172.500627	-373.677925	-1172.500627	315.868349	10.279061	
235	17.127253	-12.702000	2.016253	1309.953895	-49.117207	-1309.953895	890.429847	1240.799364	-379.729729	-1240.799364	341.676065	10.211547	
236	18.021430	-10.834892	2.002045	1465.242813	-64.754203	-1465.242813	785.920198	1309.573552	-374.201234	-1309.573552	357.441587	10.114838	
237	18.073476	-9.023007	1.986392	1628.682186	-63.985373	-1628.682186	642.557713	1376.732041	-359.584388	-1376.732041	360.317576	9.982704	
238	17.266636	-7.331257	1.969253	1774.732371	-43.066604	-1774.732371	465.347777	1439.648784	-338.183400	-1439.648784	348.350163	9.808949	
239	15.680037	-5.805646	1.950583	1881.976113	-2.095489	-1881.976113	262.660375	1494.897144	-312.100602	-1494.897144	321.926222	9.588743	
240	13.499766	-4.473447	1.930407	1937.918020	55.030696	-1937.918020	46.441858	1538.534226	-282.943732	-1538.534226	284.157804	9.320301	
241	10.988000	-3.353325	1.908836	1939.452351	121.525790	-1939.452351	-168.144606	1566.093983	-252.070777	-1566.093983	240.276902	9.006096	
242	8.423526	-2.453387	1.886076	1891.109207	189.444522	-1891.109207	-365.391911	1573.340854	-220.737328	-1573.340854	195.973083	8.653162	
243	6.043401	-1.764926	1.862491	1803.064115	251.584541	-1803.064115	-532.703615	1557.469830	-190.449276	-1557.469830	155.940879	8.272258	
244	4.026327	-1.240723	1.838612	1688.540391	302.831316	-1688.540391	-663.740732	1518.058850	-162.755779	-1518.058850	123.018869	7.876363	
245	2.503358	-0.780790	1.815063	1560.403767	340.525949	-1560.403767	-758.771471	1456.992750	-138.409951	-1456.992750	97.819831	7.479049	
246	1.557318	-0.264941	1.792378	1428.517833	364.045718	-1428.517833	-821.904497	1377.623370	-117.273159	-1377.623370	79.232467	7.093180	
247	1.215955	0.400674	1.770807	1298.831689	374.071661	-1298.831689	-857.854601	1283.947354	-98.760251	-1283.947354	65.365487	6.730111	
248	1.448947	1.242671	1.750419	1173.951860	371.913652	-1173.951860	-869.754940	1180.139540	-82.368753	-1180.139540	54.454796	6.399268	
249	2.174235	2.204146	1.731442	1054.940545	359.268937	-1054.940545	-859.367615	1070.711717	-68.064644	-1070.711717	45.476182	6.107843	
250	3.269064	3.184069	1.714344	943.056786	338.335771	-943.056786	-829.315970	960.724778	-56.024545	-960.724778	38.114519	5.860437	
251	4.584680	4.082990	1.699634	839.851461	311.745702	-839.851461	-784.149225	855.366817	-46.229126	-855.366817	32.426881	5.658730	
252	5.980436	4.831096	1.687670	746.436917	282.088160	-746.436917	-729.419151	758.775904	-38.273187	-758.775904	28.472317	5.501431	
253	7.348251	5.396808	1.678613	663.361603	251.658200	-663.361603	-670.602309	673.345873	-31.505268	-673.345873	26.113758	5.384707	
254	8.605015	5.771601	1.672441	590.901546	222.745845	-590.901546	-612.951388	600.188979	-25.340355	-600.188979	25.043365	5.302951	
255	9.683794	5.968541	1.668947	529.070987	197.639219	-529.070987	-561.065073	539.321878	-19.327456	-539.321878	24.730571	5.249717	
256	10.541949	6.014552	1.667774	477.338397	178.061144	-477.338397	-517.711582	489.666317	-13.208899	-489.666317	24.484958	5.218622	
257	11.165043	5.926059	1.668516	434.502767	164.848686	-434.502767	-483.718513	449.665548	-6.975110	-449.665548	23.653032	5.203819	
258	11.555454	5.712805	1.670721	398.893251	158.068969	-398.893251	-458.842614	417.758115	-0.739248	-417.758115	21.697828	5.200019	
259	11.724616	5.392575	1.673878	368.527971	157.078004	-368.527971	-442.204581	392.419692	5.375481	-392.419692	18.261692	5.202451	
260	11.696195	4.979494	1.677470	340.918181	160.490633	-340.918181	-432.425921	372.182997	11.285577	-372.182997	13.246298	5.206886	
261	11.507278	4.472935	1.681025	313.202245	166.380486	-313.202245	-427.816718	355.652981	17.015211	-355.652981	6.788594	5.209607	
262	11.198671	3.876267	1.684151	283.137286	172.814646	-283.137286	-426.629591	341.538713	22.693533	-341.538713	-0.805913	5.207373	
263	10.802211	3.214915	1.686618	249.833847	178.370940	-249.833847	-427.382976	328.772770	28.469317	-328.772770	-9.121143	5.197544	
264	10.334605	2.524492	1.688374	213.604782	182.271214	-213.604782	-428.891923	316.579035	34.454101	-316.579035	-17.721306	5.178231	
265	9.803232	1.827149	1.689397	175.542393	184.174744	-175.542393	-430.064440	304.407278	40.702057	-304.407278	-26.215561	5.148248	
266	9.221687	1.134246	1.689563	137.198099	183.887910	-137.198099	-429.736565	291.728463	47.166486	-291.728463	-34.221579	5.107060	
267	8.609277	0.477211	1.688660	100.406315	181.318344	-100.406315	-426.634283	277.951746	53.616057	-277.951746	-41.301481	5.054974	
268	7.967656	-0.101744	1.686464	66.871599	176.704573	-66.871599	-419.866113	262.768537	59.742046	-262.768537	-47.148802	4.993236	
269	7.278454	-0.593880	1.682758	37.632594	170.647937	-37.632594	-409.503613	246.403543	65.435744	-246.403543	-51.853217	4.923607	
270	6.530259	-1.012198	1.677387	12.985835	163.804203	-12.985835	-396.332663	229.342020	70.749126	-229.342020	-55.717469	4.847823	
271	5.733268	-1.362533	1.670348	-7.305918	156.615691	7.305918	-381.236341	212.024431	75.665973	-212.024431	-58.934070	4.767411	
272	4.914682	-1.659250	1.661780	-23.736725	149.261850	23.736725	-364.923373	194.779008	80.103111	-194.779008	-61.580015	4.683647	
273	4.103824	-1.924627	1.651886	-36.877748	141.801932	36.877748	-348.012391	177.871250	83.991985	-177.871250	-63.718319	4.597557	
274	3.317643	-2.169703	1.640932	-47.423514	134.333132	47.423514	-331.202235	161.577742	87.291249	-161.577742	-65.428841	4.509983	
275	2.559833	-2.407073	1.629213	-56.127964	126.995010	56.127964	-315.288120	146.164574	90.018814	-146.164574	-66.834725	4.421524	
276	1.826690	-2.655566	1.617002	-63.605888	119.870584	63.605888	-300.901629	131.788234	92.231252	-131.788234	-68.074311	4.332404	
277	1.119692	-2.923328	1.604569	-70.203426	112.923096	70.203426	-288.229225	118.485095	93.927962	-118.485095	-69.187419	4.242581	
278	0.466525	-3.215686	1.592182	-75.969412	106.079720	75.969412	-277.212314	106.271450	95.090159	-106.271450	-70.087295	4.151987	
279	-0.099662	-3.551292	1.580074	-80.781295	99.398786	80.781295	-268.013913	95.224401	95.883756	-95.224401	-70.783382	4.060533	
280	-0.599437	-3.947676	1.568419	-84.522780	93.060946	84.522780	-260.985787	85.450283	96.645244	-85.450283	-71.533411	3.967654	
281	-1.068676	-4.390690	1.557272	-87.091346	87.074375	87.091346	-255.835676	76.895173	97.408253	-76.895173	-72.391666	3.872309	
282	-1.490166	-4.848393	1.546517	-88.419795	81.289749	88.419795	-251.653229	69.335316	97.926558	-69.335316	-73.091862	3.774003	
283	-1.843926	-5.305398	1.535917	-88.550530	75.674920	88.550530	-247.854113	62.591137	98.155518	-62.591137	-73.546663	3.673173	
284	-2.137437	-5.743151	1.525184	-87.457672	70.168421	87.457672	-243.794526	56.512814	97.935449	-56.512814	-73.667538	3.570608	
285	-2.377535	-6.131775	1.514005	-85.030643	64.650645	85.030643	-238.588634	50.941696	96.923866	-50.941696	-73.236752	3.467186	
286	-2.571988	-6.464188	1.502050	-81.333252	59.189970	81.333252	-232.028415	45.812582	95.183423	-45.812582	-72.320026	3.363841	
287	-2.725191	-6.753454	1.489009	-76.608447	53.969704	76.608447	-224.463332	41.125118	93.050391	-41.125118	-71.165414	3.261381	
288	-2.837265	-7.005130	1.474611	-71.123199	49.097506	71.123199	-216.119267	36.862504	90.688332	-36.862504	-69.889006	3.160448	
289	-2.924210	-7.226168	1.458604	-64.938187	44.616292	64.938187	-207.155786	32.992558	88.144211	-32.992558	-68.534900	3.061419	
290	-3.015514	-7.429535	1.440773	-57.919678	40.543636	57.919678	-197.705281	29.485372	85.412668	-29.485372	-67.116890	2.964155	
291	-3.120182	-7.592269	1.420988	-50.316094	36.803223	50.316094	-187.445934	26.306941	82.230502	-26.306941	-65.438190	2.868346	
292	-3.215733	-7.660629	1.399272	-42.735963	33.249648	42.735963	-175.792077	23.410914	78.205198	-23.410914	-63.166109	2.774252	
293	-3.276112	-7.597315	1.375878	-35.523068	29.772712	35.523068	-162.447731	20.748760	73.128230	-20.748760	-60.081187	2.682746	
294	-3.282886	-7.378296	1.351343	-28.804160	26.306884	28.804160	-147.374367	18.275329	66.966493	-18.275329	-56.083799	2.595069	
295	-3.204666	-6.994913	1.326455	-22.671193	22.882964	22.671193	-130.798477	15.942309	59.880557	-15.942309	-51.209497	2.512768	
296	-2.981315	-6.470898	1.302170	-17.134115	19.682639	17.134115	-113.304686	13.709636	52.256179	-13.709636	-45.670202	2.437467	
297	-2.553513	-5.835743	1.279560	-12.219303	16.888257	12.219303	-95.539077	11.577570	44.475699	-11.577570	-39.694726	2.370571	
298	-1.909684	-5.094631	1.259758	-7.946529	14.490098	7.946529	-77.852651	9.581764	36.690079	-9.581764	-33.347195	2.313123	
299	-1.075552	-4.236515	1.243837	-4.223945	12.322782	4.223945	-60.236434	7.737547	28.843621	-7.737547	-26.534705	2.265856	
300	-0.078816	-3.261105	1.232789	-0.887978	10.233561	0.887978	-42.553646	6.014355	20.857447	-6.014355	-19.169609	2.229355	
301	1.042901	-2.190778	1.227534	2.216774	8.127148	-2.216774	-24.731064	4.359696	12.731784	-4.359696	-11.293388	2.204033	
302	2.244320	-1.064601	1.228857	5.189491	5.964993	-5.189491	-6.723133	2.706201	4.529577	-2.706201	-3.082450	2.190015	
303	3.490121	0.062694	1.237348	8.075814	3.786268	-8.075814	11.474779	0.976165	-3.637613	-0.976165	5.175483	2.187055	
304	4.720858	1.125710	1.253327	10.896363	1.605730	-10.896363	29.741171	-0.883297	-11.642199	0.883297	13.122810	2.194359	
305	5.839534	2.025396	1.276712	13.528626	-0.469873	-13.528626	47.240396	-2.846039	-19.077520	2.846039	20.128553	2.210500	
306	6.782655	2.647840	1.306758	15.734308	-2.105469	-15.734308	62.504987	-4.836171	-25.237568	4.836171	25.406172	2.232960	
307	7.279983	2.746963	1.341936	16.924075	-2.624597	-16.924075	70.731228	-6.362335	-28.043295	6.362335	27.063784	2.257922	
308	7.458377	2.529476	1.378628	17.479943	-2.419297	-17.479943	73.857731	-7.481878	-28.529022	7.481878	26.409232	2.279130	
