kww	// User ID
24-6-2021	// Evaluation date
p18_warmup_013	24-6-2021	07:35:52:892	// Source file name and timestamp
357.143	// Sampling rate
0.717	// Data capture period

1.910000	// height
98.200000	// mass


Sample #	elbVar	shldrIR	LwristLinVelo	thorJFPd	thorSTPd	UaJFPp	UaSTPp	UaJFPd	UaSTPd	FaJFPp	FaSTPp	RwristLinVelo	
0	-0.254205	0.555585	3.456738	5.226092	5.923599	-5.226092	-36.078359	16.927038	-3.581740	-16.927038	9.493762	3.473528	
1	0.067522	0.435970	3.409376	7.813758	6.061555	-7.813758	-35.190614	15.836330	-0.436919	-15.836330	1.195021	3.529411	
2	0.341688	0.322897	3.361590	10.251144	6.467286	-10.251144	-36.171929	15.987965	2.263537	-15.987965	-6.582813	3.575504	
3	0.609329	0.153906	3.317339	13.934816	5.789410	-13.934816	-30.125387	13.421446	4.998888	-13.421446	-15.010609	3.611550	
4	0.793235	-0.042485	3.283308	18.174207	4.732996	-18.174207	-21.915140	10.546642	7.278603	-10.546642	-22.313787	3.638076	
5	0.864200	-0.272986	3.262221	22.785006	3.404272	-22.785006	-12.035852	7.583241	9.039228	-7.583241	-27.891315	3.656298	
6	0.825501	-0.524238	3.255610	27.394577	1.998962	-27.394577	-1.518754	4.753266	10.303284	-4.753266	-31.539664	3.667839	
7	0.700480	-0.778798	3.263842	31.826607	0.628395	-31.826607	9.204891	1.968267	11.156228	-1.968267	-33.444448	3.674455	
8	0.513060	-1.026710	3.286530	36.003403	-0.608943	-36.003403	19.786957	-0.825480	11.700556	0.825480	-33.984326	3.677790	
9	0.285603	-1.261527	3.322706	39.850536	-1.649313	-39.850536	29.971013	-3.666891	12.027425	3.666891	-33.574822	3.679220	
10	0.044490	-1.473358	3.371027	43.283159	-2.462909	-43.283159	39.532528	-6.592111	12.228109	6.592111	-32.640719	3.679806	
11	-0.182429	-1.656819	3.429861	46.188687	-3.045684	-46.188687	48.260095	-9.616180	12.416946	9.616180	-31.624770	3.680244	
12	-0.376373	-1.814588	3.497358	48.436632	-3.406893	-48.436632	55.967272	-12.709886	12.708094	12.709886	-30.887040	3.680814	
13	-0.531725	-1.954803	3.571636	49.897456	-3.557562	-49.897456	62.485116	-15.777998	13.191756	15.777998	-30.648997	3.681488	
14	-0.646678	-2.086875	3.650943	50.417815	-3.514733	-50.417815	67.653151	-18.701935	13.950258	18.701935	-31.068949	3.682015	
15	-0.717555	-2.210412	3.733728	49.954995	-3.318399	-49.954995	71.435580	-21.442099	15.039326	21.442099	-32.215687	3.681928	
16	-0.741838	-2.317396	3.818754	48.614353	-3.025749	-48.614353	73.955138	-24.044769	16.456669	24.044769	-34.011361	3.680692	
17	-0.721480	-2.405941	3.905131	46.479737	-2.678972	-46.479737	75.314767	-26.528640	18.174196	26.528640	-36.325395	3.677886	
18	-0.661555	-2.477674	3.992152	43.636324	-2.294350	-43.636324	75.545108	-28.842474	20.180879	28.842474	-39.067549	3.673178	
19	-0.565892	-2.532753	4.079166	40.196459	-1.881922	-40.196459	74.698615	-30.943203	22.473548	30.943203	-42.161389	3.666233	
20	-0.438014	-2.572153	4.165652	36.216436	-1.454662	-36.216436	72.853703	-32.820748	25.031142	32.820748	-45.494678	3.656722	
21	-0.285023	-2.594321	4.251292	31.752283	-1.029531	-31.752283	70.142214	-34.476110	27.798297	34.476110	-48.893554	3.644379	
22	-0.114407	-2.595996	4.335863	26.858946	-0.633650	-26.858946	66.785260	-35.951500	30.689072	35.951500	-52.146658	3.629070	
23	0.070510	-2.576433	4.419115	21.546179	-0.296390	-21.546179	63.020627	-37.332720	33.624960	37.332720	-55.086147	3.610879	
24	0.266177	-2.536729	4.500784	15.834973	-0.031998	-15.834973	59.034763	-38.678243	36.550212	38.678243	-57.604375	3.590089	
25	0.465068	-2.481938	4.580689	9.738303	0.163217	-9.738303	54.954225	-39.983624	39.406612	39.983624	-59.606855	3.567082	
26	0.660419	-2.420006	4.658759	3.249495	0.301857	-3.249495	50.856406	-41.225424	42.140362	41.225424	-61.027198	3.542253	
27	0.849613	-2.354978	4.735006	-3.491027	0.404815	3.491027	46.774986	-42.385015	44.744642	42.385015	-61.879486	3.515934	
28	1.032397	-2.285899	4.809491	-10.099215	0.502790	10.099215	42.714860	-43.426876	47.259972	43.426876	-62.239132	3.488307	
29	1.209044	-2.213031	4.882233	-16.297221	0.623006	16.297221	38.651010	-44.304679	49.722335	44.304679	-62.167158	3.459373	
30	1.380234	-2.143992	4.953148	-22.265981	0.777805	22.265981	34.509420	-45.000354	52.138056	45.000354	-61.685439	3.429056	
31	1.547856	-2.089181	5.022067	-28.295807	0.974350	28.295807	30.217899	-45.526351	54.511580	45.526351	-60.813400	3.397324	
32	1.713236	-2.051571	5.088816	-34.298732	1.227927	34.298732	25.800526	-45.890208	56.852140	45.890208	-59.570905	3.364210	
33	1.875446	-2.025166	5.153239	-39.993871	1.551359	39.993871	21.374394	-46.118799	59.146004	46.118799	-57.951417	3.329842	
34	2.036779	-2.001247	5.215185	-45.389108	1.940132	45.389108	16.960244	-46.282666	61.385032	46.282666	-55.962190	3.294498	
35	2.206664	-1.973217	5.274530	-50.824112	2.383011	50.824112	12.337929	-46.429946	63.619290	46.429946	-53.671864	3.258533	
36	2.395888	-1.934434	5.331173	-56.633521	2.870859	56.633521	7.199385	-46.561140	65.924537	46.561140	-51.167281	3.222269	
37	2.612049	-1.876185	5.385013	-62.955716	3.390921	62.955716	1.337148	-46.676991	68.352809	46.676991	-48.511565	3.185985	
38	2.859001	-1.792205	5.436023	-69.734598	3.928047	69.734598	-5.299237	-46.798682	70.922866	46.798682	-45.746023	3.149939	
39	3.134909	-1.682786	5.484309	-76.833135	4.470303	76.833135	-12.626523	-46.930657	73.605041	46.930657	-42.883677	3.114382	
40	3.434767	-1.553396	5.530137	-84.255080	5.018084	84.255080	-20.606504	-46.988831	76.349566	46.988831	-39.926730	3.079498	
41	3.757188	-1.411498	5.573900	-92.057050	5.593232	92.057050	-29.341890	-46.815677	79.146738	46.815677	-36.895399	3.045313	
42	4.107750	-1.261680	5.615991	-100.048678	6.218200	100.048678	-38.918282	-46.339931	82.023680	46.339931	-33.825386	3.011704	
43	4.495323	-1.101666	5.656726	-107.964846	6.879914	107.964846	-49.289141	-45.656256	84.996844	45.656256	-30.755692	2.978538	
44	4.921323	-0.928643	5.696322	-115.735633	7.547524	115.735633	-60.291131	-44.859305	88.026655	44.859305	-27.696513	2.945778	
45	5.369440	-0.745103	5.734856	-123.253339	8.224033	123.253339	-71.534442	-43.906948	90.962550	43.906948	-24.567854	2.913446	
46	5.806301	-0.552103	5.772238	-130.355060	8.933718	130.355060	-82.280077	-42.749474	93.512107	42.749474	-21.186495	2.881615	
47	6.194512	-0.345269	5.808216	-137.132917	9.674170	137.132917	-91.660303	-41.449291	95.322751	41.449291	-17.347492	2.850573	
48	6.517051	-0.128896	5.842464	-143.858471	10.418215	143.858471	-99.299040	-40.055469	96.209919	40.055469	-12.950095	2.820886	
49	6.792512	0.072129	5.874639	-150.721520	11.141445	150.721520	-105.697936	-38.488029	96.311545	38.488029	-8.050407	2.793189	
50	7.049054	0.229893	5.904359	-157.642940	11.835794	157.642940	-111.591480	-36.638059	95.875408	36.638059	-2.751357	2.768012	
51	7.292739	0.334638	5.931227	-164.352468	12.495067	164.352468	-117.181486	-34.494092	94.984287	34.494092	2.904317	2.745835	
52	7.514158	0.390914	5.954964	-170.658878	13.099512	170.658878	-122.277401	-32.136775	93.602102	32.136775	8.896904	2.727199	
53	7.701593	0.403587	5.975493	-176.358956	13.642385	176.358956	-126.617188	-29.629756	91.680415	29.629756	15.207282	2.712733	
54	7.842951	0.370588	5.992926	-181.051418	14.140511	181.051418	-129.959182	-26.919677	89.163895	26.919677	21.847904	2.703120	
55	7.935074	0.291706	6.007559	-184.293476	14.589046	184.293476	-132.185990	-23.936791	86.052398	23.936791	28.803985	2.699037	
56	7.989922	0.181484	6.019929	-185.810311	14.935142	185.810311	-133.331678	-20.781662	82.449270	20.781662	35.960730	2.701112	
57	8.020445	0.063693	6.030840	-185.532740	15.104227	185.532740	-133.443956	-17.676016	78.457863	17.676016	43.160937	2.709857	
58	8.029771	-0.042809	6.041352	-183.607987	15.016676	183.607987	-132.518225	-14.804552	74.106914	14.804552	50.266176	2.725633	
59	8.020166	-0.128425	6.052625	-180.305051	14.590155	180.305051	-130.618899	-12.276403	69.431417	12.276403	57.135787	2.748592	
60	7.996989	-0.189497	6.065641	-175.751992	13.762354	175.751992	-127.858520	-10.124816	64.503619	10.124816	63.645654	2.778629	
61	7.961767	-0.227172	6.081133	-169.934147	12.492938	169.934147	-124.267962	-8.314272	59.365481	8.314272	69.743631	2.815413	
62	7.911278	-0.249981	6.099700	-162.848214	10.733174	162.848214	-119.839622	-6.784733	54.014490	6.784733	75.442342	2.858462	
63	7.845835	-0.270039	6.121629	-154.448056	8.412809	154.448056	-114.651188	-5.489576	48.482947	5.489576	80.740977	2.907190	
64	7.774770	-0.292671	6.146689	-144.789242	5.452977	144.789242	-108.875391	-4.425893	42.897440	4.425893	85.571072	2.960900	
65	7.708526	-0.315152	6.174323	-134.245100	1.779011	134.245100	-102.624478	-3.675117	37.404439	3.675117	89.831057	3.018778	
66	7.650869	-0.334650	6.203953	-123.307333	-2.678336	123.307333	-95.877129	-3.352903	32.085840	3.352903	93.446321	3.079968	
67	7.599600	-0.351462	6.235158	-112.355891	-7.981043	112.355891	-88.550059	-3.494899	26.959750	3.494899	96.410340	3.143667	
68	7.551075	-0.366939	6.267690	-101.635115	-14.175160	101.635115	-80.545224	-4.068833	22.021535	4.068833	98.775638	3.209226	
69	7.507824	-0.381746	6.301320	-91.233047	-21.298198	91.233047	-71.785272	-5.062656	17.307309	5.062656	100.590710	3.276171	
70	7.470629	-0.401893	6.335767	-80.851231	-29.398632	80.851231	-62.081168	-6.430141	12.819979	6.430141	101.952076	3.344143	
71	7.426483	-0.442730	6.370827	-69.723775	-38.553888	69.723775	-51.027442	-7.984568	8.444554	7.984568	103.048340	3.412958	
72	7.368798	-0.507507	6.406463	-57.446447	-48.873269	57.446447	-38.363279	-9.630919	4.187619	9.630919	103.884844	3.482608	
73	7.313648	-0.571485	6.442757	-44.482155	-60.451470	44.482155	-24.226613	-11.641543	0.339404	11.641543	104.135207	3.553067	
74	7.277944	-0.604556	6.479809	-31.312625	-73.339473	31.312625	-8.835656	-14.416755	-2.777126	14.416755	103.448432	3.624187	
75	7.264329	-0.590441	6.517669	-17.999584	-87.582003	17.999584	7.726785	-18.169603	-4.964027	18.169603	101.621869	3.695767	
76	7.273256	-0.515542	6.556303	-4.590246	-103.236591	4.590246	25.343843	-22.981826	-6.015153	22.981826	98.451998	3.767527	
77	7.310661	-0.358948	6.595611	8.795627	-120.364630	-8.795627	43.772206	-28.963103	-5.653062	28.963103	93.675907	3.839046	
78	7.380682	-0.102031	6.635478	22.114623	-139.017468	-22.114623	62.799160	-36.257183	-3.641117	36.257183	87.089470	3.909741	
79	7.482162	0.263719	6.675716	35.556864	-159.193391	-35.556864	82.375488	-44.971509	0.145098	44.971509	78.614463	3.978897	
80	7.611864	0.739463	6.715955	49.636203	-180.829624	-49.636203	102.590308	-55.175132	5.725267	55.175132	68.291427	4.045732	
81	7.763826	1.318502	6.755597	64.839787	-203.856121	-64.839787	123.649272	-66.905367	12.974621	66.905367	56.317221	4.109529	
82	7.931762	1.990418	6.793780	81.135570	-228.236495	-81.135570	145.796039	-80.203658	21.663036	80.203658	42.975066	4.169788	
83	8.113257	2.744907	6.829347	98.120021	-253.999048	-98.120021	169.336631	-95.199666	31.555485	95.199666	28.494514	4.226177	
84	8.309650	3.559592	6.860871	115.515899	-281.315138	-115.515899	195.032519	-112.115357	42.350696	112.115357	13.162617	4.278379	
85	8.528382	4.397906	6.886746	132.885929	-310.527928	-132.885929	224.176611	-131.256647	53.610636	131.256647	-2.494103	4.326206	
86	8.782807	5.230511	6.905387	148.998005	-341.997337	-148.998005	257.908783	-153.045909	64.931271	153.045909	-17.922549	4.369868	
87	9.088080	6.047379	6.915372	162.278389	-375.991566	-162.278389	296.777696	-177.991647	76.137762	177.991647	-32.854702	4.409977	
88	9.459399	6.845419	6.915396	171.674674	-412.762677	-171.674674	341.074653	-206.564744	87.158380	206.564744	-47.135093	4.447348	
89	9.908652	7.617089	6.904227	176.605091	-452.536790	-176.605091	391.046159	-239.073889	97.841025	239.073889	-60.477205	4.482973	
90	10.441779	8.356274	6.880719	176.523370	-495.413686	-176.523370	446.616808	-275.677972	108.087562	275.677972	-72.660628	4.517924	
91	11.058563	9.070673	6.843855	170.875900	-541.138618	-170.875900	506.887996	-316.385707	118.069761	316.385707	-83.816126	4.553067	
92	11.753289	9.783611	6.792874	159.284076	-588.858826	-159.284076	569.894680	-360.902976	128.125378	360.902976	-94.285629	4.588837	
93	12.521911	10.519779	6.727343	141.258841	-637.407997	-141.258841	633.272440	-408.664703	138.417416	408.664703	-104.155445	4.625201	
94	13.366737	11.295204	6.647121	115.909068	-685.637263	-115.909068	694.890028	-459.008406	148.833924	459.008406	-113.129394	4.661822	
95	14.292522	12.116558	6.552390	82.761534	-732.389548	-82.761534	752.918302	-511.217016	159.158168	511.217016	-120.786108	4.698286	
96	15.298253	12.972275	6.443709	42.067327	-776.605206	-42.067327	806.071806	-564.554220	169.200782	564.554220	-126.764653	4.734232	
97	16.367471	13.823770	6.321938	-6.186478	-817.511246	6.186478	853.787622	-618.296336	178.871280	618.296336	-130.825121	4.769347	
98	17.464615	14.613913	6.188137	-62.843345	-854.625106	62.843345	895.979699	-671.785134	188.294953	671.785134	-132.954269	4.803231	
99	18.536426	15.313276	6.043552	-129.385329	-886.797695	129.385329	931.012429	-724.306803	198.142574	724.306803	-133.913906	4.834983	
100	19.526094	15.956767	5.889681	-206.730790	-911.396896	206.730790	954.391793	-774.881983	209.559277	774.881983	-135.474579	4.862676	
101	20.397275	16.593897	5.728319	-294.231395	-925.918371	294.231395	962.388592	-822.674800	223.298970	822.674800	-139.432201	4.883507	
102	21.139874	17.235151	5.561496	-390.464762	-929.978517	390.464762	955.444124	-867.768537	239.406681	867.768537	-146.928032	4.894747	
103	21.761336	17.871873	5.391324	-494.035192	-925.289707	494.035192	937.099405	-911.506859	257.747849	911.506859	-158.771674	4.894651	
104	22.288064	18.506690	5.219931	-603.339788	-914.778359	603.339788	912.039437	-956.289286	278.250460	956.289286	-175.490141	4.883017	
105	22.773640	19.162958	5.049443	-716.614198	-902.052001	716.614198	885.252922	-1005.229533	300.825941	1005.229533	-197.048956	4.861651	
106	23.289716	19.875996	4.881853	-832.229803	-890.877150	832.229803	861.597026	-1061.574128	325.236632	1061.574128	-222.760594	4.834790	
107	23.897543	20.664503	4.718793	-948.196351	-884.129302	948.196351	845.024893	-1127.596183	350.942190	1127.596183	-251.423801	4.809080	
108	24.622963	21.514859	4.561289	-1061.594396	-882.854301	1061.594396	837.552712	-1203.675028	377.259058	1203.675028	-281.829116	4.792600	
109	25.448235	22.385054	4.409588	-1169.011797	-886.194536	1169.011797	838.990209	-1287.982418	403.553253	1287.982418	-313.089517	4.793127	
110	26.330531	23.219624	4.263192	-1267.522731	-892.096745	1267.522731	847.525672	-1377.057327	429.367481	1377.057327	-344.617333	4.816513	
111	27.229472	23.977293	4.121097	-1355.361922	-898.346462	1355.361922	860.461983	-1467.234366	454.693199	1467.234366	-376.269438	4.865870	
112	28.112992	24.643966	3.982102	-1432.016407	-903.393066	1432.016407	875.126446	-1555.695277	479.907916	1555.695277	-408.340291	4.941641	
113	28.960933	25.230621	3.845055	-1497.759124	-906.720003	1497.759124	889.645344	-1641.054196	505.584067	1641.054196	-441.417830	5.042318	
114	29.768714	25.765434	3.708912	-1552.918384	-908.588813	1552.918384	902.863267	-1723.230983	532.335063	1723.230983	-476.188148	5.165491	
115	30.531768	26.267903	3.572758	-1597.294569	-909.284248	1597.294569	913.756814	-1802.054655	560.353267	1802.054655	-512.900799	5.308705	
116	31.241157	26.737350	3.435921	-1630.355116	-909.000372	1630.355116	921.504597	-1876.897092	589.346553	1876.897092	-551.246093	5.469891	
117	31.899403	27.173247	3.298268	-1652.100234	-908.516276	1652.100234	926.157773	-1947.983136	619.085194	1947.983136	-590.892223	5.647726	
118	32.525816	27.593973	3.160614	-1662.911636	-909.088409	1662.911636	928.435005	-2016.929275	649.706728	2016.929275	-631.827860	5.842071	
119	33.155931	28.041687	3.024721	-1663.188263	-911.991633	1663.188263	929.320019	-2086.540762	681.736535	2086.540762	-674.395920	6.054200	
120	33.840842	28.572060	2.892814	-1653.942152	-918.525526	1653.942152	930.192293	-2160.452843	716.027635	2160.452843	-719.189757	6.286684	
121	34.632879	29.237346	2.767143	-1636.110960	-929.233286	1636.110960	931.805692	-2241.823727	753.365758	2241.823727	-766.619364	6.543073	
122	35.574127	30.083752	2.649497	-1609.448349	-943.221369	1609.448349	933.212566	-2332.243135	794.111546	2332.243135	-816.612966	6.827508	
123	36.696678	31.149325	2.540484	-1573.292515	-959.097598	1573.292515	932.815794	-2432.126804	838.249931	2432.126804	-868.814728	7.144095	
124	38.020826	32.455271	2.439554	-1527.202339	-975.948586	1527.202339	929.671869	-2541.481827	885.480879	2541.481827	-922.697048	7.496091	
125	39.545075	34.001657	2.345924	-1470.383713	-992.926451	1470.383713	923.012789	-2659.119232	934.976721	2659.119232	-977.168905	7.885220	
126	41.265125	35.788868	2.259124	-1402.121355	-1009.037534	1402.121355	911.772518	-2782.742790	985.753312	2782.742790	-1030.964583	8.311335	
127	43.200003	37.848450	2.179019	-1322.893457	-1024.080163	1322.893457	895.537508	-2911.022899	1037.151353	2911.022899	-1083.364535	8.772400	
128	45.308951	40.174042	2.105730	-1233.141491	-1037.726890	1233.141491	874.484302	-3039.689376	1086.486349	3039.689376	-1131.940007	9.264645	
129	47.440699	42.656514	2.039388	-1132.305281	-1047.927834	1132.305281	848.591016	-3157.739991	1127.740101	3157.739991	-1171.374675	9.782864	
130	49.440842	45.172207	1.980136	-1020.677890	-1052.341582	1020.677890	818.578865	-3253.821550	1154.467203	3253.821550	-1196.619481	10.321014	
131	51.211980	47.644981	1.928443	-899.419640	-1049.321971	899.419640	786.053662	-3320.355649	1161.440219	3320.355649	-1204.480846	10.872968	
132	52.666174	50.002733	1.885148	-768.777289	-1036.952757	768.777289	752.296749	-3350.395308	1143.737340	3350.395308	-1192.319423	11.433129	
133	53.693975	52.146301	1.851119	-628.503120	-1013.078582	628.503120	718.376365	-3336.317290	1096.523216	3336.317290	-1157.380083	11.996772	
134	54.229647	53.972339	1.826868	-479.213041	-975.959246	479.213041	685.468372	-3273.233201	1017.478762	3273.233201	-1099.386002	12.559902	
135	54.338450	55.419237	1.812384	-322.765139	-924.657997	322.765139	654.743856	-3162.689220	909.349319	3162.689220	-1023.723137	13.118719	
136	54.171161	56.472816	1.807289	-162.098781	-859.585261	162.098781	628.329515	-3011.450592	778.128200	3011.450592	-939.453070	13.669390	
137	53.858122	57.123602	1.811019	-1.070271	-782.733316	1.070271	610.360039	-2828.260439	629.816472	2828.260439	-855.380920	14.208295	
138	53.493137	57.341587	1.822748	155.294858	-697.318709	-155.294858	606.530243	-2623.125072	470.111183	2623.125072	-779.807118	14.732067	
139	53.175834	57.122286	1.841359	300.226622	-607.822716	-300.226622	623.336707	-2407.348924	304.677091	2407.348924	-721.050003	15.237302	
140	53.018412	56.527787	1.865591	425.875636	-519.876868	-425.875636	667.616266	-2191.866812	137.804043	2191.866812	-686.020727	15.720369	
141	53.094695	55.637492	1.894122	525.535195	-438.760795	-525.535195	744.966439	-1984.536432	-28.611528	1984.536432	-679.120970	16.177038	
142	53.383071	54.508992	1.925592	595.281493	-368.095327	-595.281493	857.918359	-1788.255755	-195.086844	1788.255755	-701.041249	16.601587	
143	53.751891	53.197411	1.958608	634.794409	-309.331524	-634.794409	1004.779967	-1600.109115	-364.086981	1600.109115	-747.225129	16.985910	
144	53.993979	51.744885	1.991678	649.183699	-260.244201	-649.183699	1177.526447	-1410.626742	-538.045891	1410.626742	-809.662694	17.318417	
145	53.881837	50.130204	2.023416	651.453072	-212.838020	-651.453072	1359.851355	-1203.613017	-716.444942	1203.613017	-881.408125	17.581881	
146	53.221569	48.249394	2.052949	663.795168	-153.565525	-663.795168	1530.346281	-959.334819	-894.025849	959.334819	-959.683697	17.750941	
147	51.911693	45.969310	2.079929	715.881381	-68.224743	-715.881381	1674.083862	-663.620817	-1061.891524	663.620817	-1044.344569	17.792487	
148	49.976740	43.203607	2.104194	837.282654	49.046625	-837.282654	1797.004138	-320.921384	-1211.058646	320.921384	-1128.843370	17.673425	
149	47.525431	39.948469	2.125602	1040.613460	186.870613	-1040.613460	1928.255277	36.709663	-1334.126475	-36.709663	-1185.650934	17.378529	
150	44.718936	36.297176	2.144145	1299.194996	315.270810	-1299.194996	2101.408755	356.307465	-1423.972555	-356.307465	-1158.832598	16.933568	
151	41.863842	32.400877	2.160133	1540.521782	397.324027	-1540.521782	2328.293842	588.626023	-1474.583766	-588.626023	-981.615137	16.417749	
152	39.412129	28.253902	2.174113	1670.855162	407.135429	-1670.855162	2584.875772	712.769942	-1481.709219	-712.769942	-616.358596	15.947618	
153	37.687552	23.397612	2.186535	1613.405751	339.034299	-1613.405751	2806.909456	741.351814	-1437.991878	-741.351814	-85.802790	15.633629	
154	36.629928	16.890242	2.197597	1340.171556	203.747867	-1340.171556	2890.504235	710.507521	-1330.663849	-710.507521	525.443520	15.533930	
155	35.815366	7.861259	2.207386	903.544913	24.014883	-903.544913	2722.418347	673.277658	-1154.952476	-673.277658	1090.806131	15.630597	
156	34.660103	-3.445847	2.215993	456.713131	-161.795087	-456.713131	2264.765203	696.121327	-939.072181	-696.121327	1479.995163	15.835919	
157	32.607006	-15.082551	2.223467	201.262290	-303.014956	-201.262290	1629.166425	833.641995	-740.695524	-833.641995	1618.358751	16.025490	
158	29.291368	-24.359741	2.229788	261.116040	-363.280441	-261.116040	1018.199550	1083.212279	-595.117308	-1083.212279	1524.728019	16.087892	
159	24.714285	-29.735680	2.234913	605.995965	-346.059311	-605.995965	568.107487	1376.535660	-484.006392	-1376.535660	1280.674254	15.965478	
160	19.263753	-31.564729	2.238736	1096.286911	-285.779625	-1096.286911	282.843590	1629.858313	-372.439390	-1629.858313	973.673350	15.662628	
161	13.527717	-31.236046	2.241043	1578.616651	-218.613149	-1578.616651	101.130132	1793.685087	-251.196236	-1793.685087	670.647210	15.226327	
162	8.059688	-30.074016	2.241651	1947.762889	-164.787643	-1947.762889	-27.835960	1860.633634	-135.628261	-1860.633634	414.704494	14.720089	
163	3.258579	-28.892183	2.240501	2157.858832	-128.819570	-2157.858832	-123.579461	1848.467458	-45.493389	-1848.467458	226.969445	14.204560	
164	-0.652583	-28.040620	2.237640	2202.534373	-106.597855	-2202.534373	-185.287300	1783.168723	7.372563	-1783.168723	110.534897	13.726933	
165	-3.610327	-27.580041	2.233215	2093.373965	-91.226481	-2093.373965	-205.845766	1689.864004	20.766395	-1689.864004	56.441222	13.316852	
166	-5.657541	-27.423851	2.227326	1855.088800	-76.523174	-1855.088800	-179.457895	1589.972924	-1.314982	-1589.972924	50.482453	12.986597	
167	-6.888126	-27.432852	2.219791	1528.630434	-58.856324	-1528.630434	-104.047867	1501.063908	-52.308557	-1501.063908	78.373974	12.733908	
168	-7.432502	-27.477074	2.210184	1167.613342	-37.520977	-1167.613342	18.478313	1437.172483	-125.200207	-1437.172483	128.179321	12.545953	
169	-7.464231	-27.456126	2.198098	829.628286	-14.187046	-829.628286	182.250765	1408.525258	-213.584310	-1408.525258	190.945994	12.403564	
170	-7.184421	-27.270004	2.183170	570.014663	7.890766	-570.014663	375.846358	1421.080747	-311.654547	-1421.080747	260.128457	12.285113	
171	-6.777727	-26.769892	2.165056	437.298415	24.821737	-437.298415	578.464425	1476.970821	-412.977982	-1476.970821	330.044822	12.169287	
172	-6.367295	-25.732460	2.143613	466.108709	33.417706	-466.108709	756.461480	1575.001422	-508.750219	-1575.001422	394.107825	12.036450	
173	-5.996358	-23.887851	2.118912	667.875972	32.950642	-667.875972	864.839000	1709.552113	-586.900042	-1709.552113	444.005205	11.869164	
174	-5.642316	-21.021522	2.091241	1022.308679	26.696970	-1022.308679	858.970343	1868.273495	-634.134450	-1868.273495	471.275296	11.653054	
175	-5.246819	-17.124779	2.061161	1473.857612	21.706970	-1473.857612	716.356804	2031.090323	-641.200477	-2031.090323	471.010631	11.378891	
176	-4.752779	-12.495813	2.029323	1940.465405	25.856029	-1940.465405	455.448567	2173.231555	-608.073804	-2173.231555	444.918523	11.045339	
177	-4.137123	-7.698895	1.996291	2338.481776	43.570912	-2338.481776	134.609711	2272.416689	-545.317557	-2272.416689	401.371544	10.660643	
178	-3.414756	-3.384929	1.962703	2612.405897	73.247120	-2612.405897	-172.194016	2316.532318	-469.811213	-2316.532318	351.963833	10.241658	
179	-2.617628	-0.071073	1.929626	2750.361170	108.372085	-2750.361170	-407.269980	2306.878749	-397.293837	-2306.878749	306.535704	9.809819	
180	-1.772357	1.995406	1.898370	2777.586727	141.062613	-2777.586727	-546.669194	2254.911400	-337.505458	-2254.911400	270.416125	9.385679	
181	-0.885751	2.842652	1.869760	2735.261453	164.979384	-2735.261453	-596.420303	2175.164652	-293.738389	-2175.164652	244.728074	8.984690	
182	0.057893	2.695877	1.843909	2659.620361	176.337264	-2659.620361	-577.982049	2079.083242	-264.508627	-2079.083242	227.803351	8.615572	
183	1.090107	1.874925	1.820688	2572.408497	173.624012	-2572.408497	-515.075273	1972.667500	-245.938988	-1972.667500	216.813143	8.281010	
184	2.246472	0.716739	1.800026	2481.921723	157.196207	-2481.921723	-427.699907	1857.864829	-233.803963	-1857.864829	209.155122	7.979775	
185	3.544785	-0.467571	1.781842	2387.937441	129.528279	-2387.937441	-332.313472	1735.675971	-224.338519	-1735.675971	203.004934	7.709005	
186	4.959533	-1.427436	1.766028	2286.633284	95.581516	-2286.633284	-243.559963	1608.616052	-214.225986	-1608.616052	197.185151	7.465662	
187	6.413752	-1.989847	1.752459	2174.510046	62.273144	-2174.510046	-174.767351	1481.086657	-200.594876	-1481.086657	190.786290	7.246897	
188	7.795942	-2.047661	1.740880	2050.709970	36.950780	-2050.709970	-136.911812	1358.153331	-181.394684	-1358.153331	182.860226	7.049837	
189	8.989792	-1.557139	1.730978	1917.640111	25.422293	-1917.640111	-136.276932	1244.193575	-156.061417	-1244.193575	172.448190	6.871505	
190	9.908200	-0.554562	1.722557	1779.968910	30.089818	-1779.968910	-171.837711	1141.808419	-125.974648	-1141.808419	158.925903	6.709134	
191	10.523684	0.850373	1.715419	1642.435220	49.017458	-1642.435220	-234.605849	1051.091722	-94.144652	-1051.091722	142.357753	6.560731	
192	10.873742	2.512056	1.709296	1508.136834	76.779790	-1508.136834	-310.278248	969.982582	-64.197801	-969.982582	123.637746	6.425652	
193	11.040070	4.278426	1.704104	1378.258878	106.578572	-1378.258878	-383.557227	895.650540	-39.332730	-895.650540	104.385701	6.304971	
194	11.119878	6.001136	1.700077	1252.595990	132.285798	-1252.595990	-441.841475	825.884078	-21.699744	-825.884078	86.573797	6.201297	
195	11.193040	7.542549	1.697429	1130.084768	149.744240	-1130.084768	-477.356506	759.683875	-12.180053	-759.683875	71.872731	6.117995	
196	11.290703	8.779798	1.696002	1009.436459	157.214468	-1009.436459	-487.510013	697.092900	-10.415541	-697.092900	60.981429	6.057841	
197	11.395042	9.625452	1.695432	890.735120	155.181716	-890.735120	-474.290264	638.825450	-15.053210	-638.825450	53.490922	6.021558	
198	11.465989	10.046306	1.695466	776.281942	145.601844	-776.281942	-442.927797	585.841678	-24.144134	-585.841678	48.334469	6.007306	
199	11.447641	10.031688	1.695931	669.193371	130.903347	-669.193371	-400.024974	538.862903	-35.373370	-538.862903	44.154402	6.011111	
200	11.271429	9.576186	1.696645	572.293693	113.449847	-572.293693	-352.449705	498.106636	-46.147893	-498.106636	39.502752	6.027290	
201	10.881145	8.704638	1.697551	487.730877	95.349148	-487.730877	-306.645563	463.278267	-53.942020	-463.278267	33.187174	6.049120	
202	10.243038	7.465274	1.698779	416.273190	78.220469	-416.273190	-267.777450	433.681846	-56.679723	-433.681846	24.453383	6.069769	
203	9.341584	5.908513	1.700575	357.310789	63.143857	-357.310789	-239.334790	408.425453	-52.947213	-408.425453	12.958751	6.082836	
204	8.190043	4.102876	1.703106	309.458003	50.846390	-309.458003	-223.077187	386.637108	-42.308697	-386.637108	-1.112988	6.082750	
205	6.833203	2.143273	1.706206	270.750298	41.796821	-270.750298	-218.998498	367.570200	-25.455713	-367.570200	-17.040888	6.065445	
206	5.315194	0.107787	1.709496	238.887027	36.147930	-238.887027	-225.759118	350.579749	-3.677101	-350.579749	-34.042588	6.028673	
207	3.668847	-1.949315	1.712730	211.922585	33.816714	-211.922585	-241.136270	335.077140	21.514499	-335.077140	-51.479314	5.971451	
208	1.973174	-3.907609	1.715806	188.559142	34.706796	-188.559142	-261.549076	320.676510	47.723073	-320.676510	-68.102707	5.894050	
209	0.359105	-5.586394	1.718611	167.864796	38.543688	-167.864796	-282.534090	307.276748	71.965834	-307.276748	-82.120467	5.799183	
210	-1.112094	-6.934968	1.721032	149.093503	44.541154	-149.093503	-301.531584	294.647163	92.967151	-294.647163	-93.063134	5.691555	
211	-2.499407	-8.086241	1.722953	131.779017	51.739308	-131.779017	-318.867065	282.200151	111.702347	-282.200151	-102.263405	5.574738	
212	-3.866471	-9.166701	1.724248	115.982872	59.493234	-115.982872	-335.097148	269.454322	129.077008	-269.454322	-110.860211	5.449473	
213	-5.199343	-10.187825	1.724874	102.241773	67.336713	-102.241773	-349.238688	256.350358	144.648794	-256.350358	-118.673642	5.315190	
214	-6.442566	-11.112393	1.724852	91.159722	74.778255	-91.159722	-359.758635	243.111940	157.460263	-243.111940	-124.944781	5.171811	
215	-7.552918	-11.919571	1.724172	83.053464	81.394958	-83.053464	-365.720143	229.972304	166.911759	-229.972304	-129.139788	5.020091	
216	-8.515379	-12.612587	1.722775	77.922865	86.908411	-77.922865	-366.806895	216.998918	172.857480	-216.998918	-131.101577	4.861215	
217	-9.328902	-13.198550	1.720606	75.569420	91.181494	-75.569420	-362.959693	204.222816	175.328968	-204.222816	-130.858405	4.696467	
218	-9.989258	-13.668888	1.717680	75.543312	94.191188	-75.543312	-354.251030	191.785284	174.374419	-191.785284	-128.456420	4.527250	
219	-10.487737	-14.001462	1.714031	77.140131	95.978692	-77.140131	-341.000876	179.903222	170.132699	-179.903222	-123.972630	4.355211	
220	-10.816818	-14.175731	1.709538	79.612847	96.591284	-79.612847	-323.824285	168.781969	162.925295	-168.781969	-117.582737	4.182263	
221	-10.978587	-14.190792	1.703936	82.295273	96.089606	-82.295273	-303.667960	158.512472	153.318932	-158.512472	-109.627573	4.010555	
222	-10.994599	-14.070866	1.697005	84.555177	94.635344	-84.555177	-281.834546	149.049355	142.115022	-149.049355	-100.646758	3.842243	
223	-10.897640	-13.845888	1.688629	85.881645	92.480800	-85.881645	-259.629385	140.300896	130.112335	-140.300896	-91.229289	3.679233	
224	-10.712482	-13.533146	1.678804	86.066864	89.855593	-86.066864	-237.918196	132.167554	117.880791	-132.167554	-81.818722	3.523009	
225	-10.459970	-13.147458	1.667741	85.175043	86.957270	-85.175043	-217.237776	124.551726	105.856489	-124.551726	-72.759541	3.374623	
226	-10.169535	-12.713893	1.655840	83.300411	83.996179	-83.300411	-198.080691	117.372958	94.462464	-117.372958	-64.386531	3.234681	
227	-9.866907	-12.254157	1.643469	80.426121	81.124864	-80.426121	-180.782066	110.547875	83.992377	-110.547875	-56.905938	3.103335	
228	-9.564257	-11.776338	1.630882	76.481850	78.396160	-76.481850	-165.449914	103.996085	74.567631	-103.996085	-50.354560	2.980376	
229	-9.274900	-11.289466	1.618333	71.468609	75.847476	-71.468609	-152.156962	97.674009	66.275757	-97.674009	-44.762812	2.865304	
230	-9.016389	-10.811698	1.606083	65.558360	73.495033	-65.558360	-140.891729	91.560369	59.181578	-91.560369	-40.172897	2.757355	
231	-8.796171	-10.360550	1.594282	59.031003	71.269692	-59.031003	-131.415350	85.621100	53.236812	-85.621100	-36.515123	2.655613	
232	-8.612689	-9.947603	1.582984	52.115602	69.070170	-52.115602	-123.386579	79.807461	48.312525	-79.807461	-33.637245	2.559149	
233	-8.462826	-9.579049	1.572206	44.998648	66.815249	-44.998648	-116.473252	74.082286	44.259722	-74.082286	-31.393685	2.467091	
234	-8.340330	-9.255796	1.561906	37.908689	64.429947	-37.908689	-110.340599	68.437942	40.911036	-68.437942	-29.642845	2.378642	
235	-8.238370	-8.976766	1.552000	31.081094	61.852364	-31.081094	-104.679579	62.889156	38.099146	-62.889156	-28.257864	2.293073	
236	-8.153646	-8.739510	1.542394	24.691658	59.051724	-24.691658	-99.239776	57.464287	35.677456	-57.464287	-27.158114	2.209709	
237	-8.081452	-8.536949	1.532989	18.876664	56.016911	-18.876664	-93.807215	52.201595	33.506748	-52.201595	-26.268131	2.127968	
238	-8.007341	-8.356313	1.523736	13.774258	52.723218	-13.774258	-88.147136	47.133390	31.437121	-47.133390	-25.457907	2.047428	
239	-7.906570	-8.174906	1.514671	9.454762	49.139567	-9.454762	-82.046449	42.277170	29.319786	-42.277170	-24.566886	1.967863	
240	-7.753489	-7.962967	1.505880	5.833059	45.280907	-5.833059	-75.447128	37.634659	27.055725	-37.634659	-23.470651	1.889298	
241	-7.528567	-7.701460	1.497424	2.702091	41.209538	-2.702091	-68.426512	33.166509	24.620289	-33.166509	-22.098270	1.812035	
242	-7.214781	-7.381781	1.489335	-0.159352	36.981936	0.159352	-61.081625	28.799974	22.024355	-28.799974	-20.409510	1.736579	
243	-6.789940	-6.985952	1.481685	-2.869471	32.617890	2.869471	-53.509089	24.488685	19.279828	-24.488685	-18.367679	1.663627	
244	-6.223725	-6.483796	1.474641	-5.436219	28.107366	5.436219	-45.817582	20.220171	16.410493	-20.220171	-15.928198	1.594158	
245	-5.483804	-5.845362	1.468450	-7.840131	23.432968	7.840131	-38.119909	15.973843	13.469846	-15.973843	-13.063211	1.529479	
246	-4.544843	-5.047541	1.463426	-10.061460	18.583165	10.061460	-30.531210	11.709541	10.537704	-11.709541	-9.779878	1.471160	
247	-3.392652	-4.073728	1.459939	-12.099822	13.546952	12.099822	-23.159320	7.381758	7.698727	-7.381758	-6.104132	1.420959	
248	-2.026282	-2.917445	1.458395	-13.992108	8.300433	13.992108	-16.052846	2.950069	5.010606	-2.950069	-2.057644	1.380769	
249	-0.461296	-1.589464	1.459224	-15.773653	2.800539	15.773653	-9.136197	-1.613589	2.474332	1.613589	2.367399	1.352553	
250	1.257369	-0.130444	1.462851	-17.466831	-2.973271	17.466831	-2.218274	-6.314184	0.031130	6.314184	7.203225	1.338240	
251	3.032424	1.369538	1.469629	-19.079299	-8.920929	19.079299	4.923316	-11.092192	-2.409590	11.092192	12.425188	1.339356	
252	4.732773	2.793367	1.479774	-20.591338	-14.821289	20.591338	12.482459	-15.810652	-4.950410	15.810652	17.921331	1.356481	
253	6.162191	3.977957	1.493228	-21.881096	-20.128119	21.881096	20.181310	-20.054228	-7.552490	20.054228	23.267066	1.388612	
254	7.221113	4.844359	1.509635	-22.860549	-24.473164	22.860549	27.688446	-23.528555	-10.147420	23.528555	28.137349	1.433344	
255	7.289043	4.865787	1.527760	-22.455769	-25.324854	22.455769	31.336390	-24.129266	-11.457060	24.129266	30.024036	1.484082	
