kww	// User ID
24-6-2021	// Evaluation date
p19_warmup_013	24-6-2021	12:21:37:959	// Source file name and timestamp
357.143	// Sampling rate
0.903	// Data capture period

2.030000	// height
96.800000	// mass


Sample #	elbVar	shldrIR	LwristLinVelo	thorJFPd	thorSTPd	UaJFPp	UaSTPp	UaJFPd	UaSTPd	FaJFPp	FaSTPp	RwristLinVelo	
0	4.091808	2.477026	2.286526	13.974111	0.428807	-13.974111	-20.908474	0.446319	15.521345	-0.446319	-39.261990	1.964856	
1	4.028594	2.321717	2.279813	15.180201	0.448605	-15.180201	-19.088071	0.796333	15.001849	-0.796333	-39.365734	1.932912	
2	4.077321	2.260501	2.270156	16.135110	0.503442	-16.135110	-18.337699	1.083606	14.896682	-1.083606	-40.294591	1.901538	
3	3.571148	1.754969	2.259590	17.765816	0.429543	-17.765816	-13.468216	1.655500	12.848694	-1.655500	-36.858438	1.872587	
4	2.885163	1.130394	2.251551	19.414907	0.295400	-19.414907	-7.591260	2.228196	10.273405	-2.228196	-32.008796	1.849209	
5	2.082621	0.424531	2.247479	20.854066	0.125177	-20.854066	-1.155447	2.779482	7.393439	-2.779482	-26.281488	1.832674	
6	1.264333	-0.286364	2.247916	21.987565	-0.049686	-21.987565	5.210905	3.285474	4.528427	-3.285474	-20.478018	1.823599	
7	0.470552	-0.959157	2.252783	23.029748	-0.219303	-23.029748	11.359998	3.731476	1.771129	-3.731476	-14.860421	1.821992	
8	-0.269243	-1.575547	2.261782	24.168351	-0.367834	-24.168351	17.195627	4.116584	-0.817923	-4.116584	-9.607655	1.827517	
9	-0.930761	-2.128898	2.274398	25.408421	-0.483706	-25.408421	22.623683	4.442759	-3.185247	-4.442759	-4.871642	1.839580	
10	-1.512173	-2.613976	2.290207	26.809844	-0.574652	-26.809844	27.701736	4.702672	-5.344901	-4.702672	-0.620233	1.857406	
11	-2.020390	-3.023351	2.309256	28.521209	-0.657469	-28.521209	32.534090	4.879035	-7.328604	-4.879035	3.250851	1.880129	
12	-2.430812	-3.335943	2.331668	30.413008	-0.741474	-30.413008	36.917178	4.943061	-9.036128	-4.943061	6.552758	1.906890	
13	-2.715696	-3.546540	2.356866	32.181870	-0.822053	-32.181870	40.556773	4.898156	-10.339081	-4.898156	8.980541	1.936948	
14	-2.888881	-3.684003	2.383575	33.722601	-0.889765	-33.722601	43.472061	4.792959	-11.263865	-4.792959	10.522325	1.969699	
15	-2.984738	-3.778648	2.410466	35.048354	-0.943113	-35.048354	45.859357	4.665705	-11.925914	-4.665705	11.385602	2.004653	
16	-3.024612	-3.844391	2.436687	36.168871	-0.986715	-36.168871	47.859634	4.519763	-12.398997	-4.519763	11.736883	2.041420	
17	-3.017039	-3.886175	2.461935	37.172042	-1.025441	-37.172042	49.570186	4.341017	-12.711482	-4.341017	11.668084	2.079702	
18	-2.970042	-3.900458	2.486185	38.222759	-1.068335	-38.222759	51.081376	4.108527	-12.890357	-4.108527	11.280879	2.119254	
19	-2.895069	-3.879356	2.509387	39.473703	-1.129231	-39.473703	52.458404	3.803849	-12.970926	-3.803849	10.698718	2.159854	
20	-2.807703	-3.825419	2.531470	40.942616	-1.216039	-40.942616	53.748891	3.432080	-13.001920	-3.432080	10.050766	2.201238	
21	-2.723617	-3.752446	2.552514	42.458363	-1.325811	-42.458363	54.977391	3.019606	-13.037615	-3.019606	9.447658	2.243125	
22	-2.651997	-3.673528	2.572780	43.880829	-1.452204	-43.880829	56.157113	2.589332	-13.112787	-2.589332	8.944434	2.285312	
23	-2.592356	-3.593402	2.592537	45.260674	-1.589168	-45.260674	57.281614	2.154466	-13.223367	-2.154466	8.506602	2.327671	
24	-2.532725	-3.506318	2.611742	46.621319	-1.730144	-46.621319	58.229645	1.711749	-13.309341	-1.711749	8.006493	2.370115	
25	-2.463626	-3.408095	2.629991	47.807017	-1.872835	-47.807017	58.876610	1.240623	-13.318877	-1.240623	7.381521	2.412594	
26	-2.391209	-3.305412	2.646956	48.705035	-2.019612	-48.705035	59.281307	0.727434	-13.279192	-0.727434	6.727052	2.455035	
27	-2.325299	-3.204564	2.662600	49.364411	-2.171744	-49.364411	59.559148	0.172153	-13.240864	-0.172153	6.139069	2.497317	
28	-2.270939	-3.106462	2.677033	49.831410	-2.328647	-49.831410	59.760227	-0.422141	-13.230789	0.422141	5.644657	2.539353	
29	-2.226842	-3.008452	2.690378	50.125179	-2.487425	-50.125179	59.889721	-1.055611	-13.240439	1.055611	5.218151	2.581170	
30	-2.177766	-2.896312	2.702570	50.317196	-2.643712	-50.317196	59.827400	-1.747481	-13.182220	1.747481	4.728601	2.622877	
31	-2.112776	-2.764372	2.713286	50.364170	-2.789853	-50.364170	59.444604	-2.513518	-12.986753	2.513518	4.095615	2.664516	
32	-2.045651	-2.645432	2.722329	49.926463	-2.903996	-49.926463	58.839049	-3.314954	-12.729636	3.314954	3.441361	2.705979	
33	-1.991282	-2.574066	2.729878	48.712934	-2.963517	-48.712934	58.190631	-4.096346	-12.513701	4.096346	2.885614	2.747058	
34	-1.944855	-2.540321	2.736268	46.885379	-2.972586	-46.885379	57.542969	-4.859748	-12.337270	4.859748	2.394438	2.787591	
35	-1.893546	-2.508647	2.741718	44.862252	-2.956213	-44.862252	56.837087	-5.654167	-12.138817	5.654167	1.882593	2.827572	
36	-1.832446	-2.463635	2.746303	42.838712	-2.932776	-42.838712	56.048869	-6.517309	-11.885334	6.517309	1.327697	2.867096	
37	-1.769459	-2.433288	2.750124	40.529404	-2.891911	-40.529404	55.260490	-7.434513	-11.620688	7.434513	0.796275	2.906216	
38	-1.714126	-2.450341	2.753466	37.620975	-2.812055	-37.620975	54.581693	-8.363620	-11.418022	8.363620	0.362598	2.944893	
39	-1.664510	-2.496302	2.756693	34.435477	-2.703381	-34.435477	54.056413	-9.302256	-11.286292	9.302256	0.014913	2.983016	
40	-1.611113	-2.523128	2.760026	31.577504	-2.598253	-31.577504	53.635571	-10.290569	-11.167997	10.290569	-0.325544	3.020408	
41	-1.549564	-2.511142	2.763461	29.146093	-2.509648	-29.146093	53.213419	-11.359039	-11.016126	11.359039	-0.699414	3.056908	
42	-1.484317	-2.477255	2.766931	26.816287	-2.425119	-26.816287	52.732195	-12.503627	-10.837131	12.503627	-1.063323	3.092560	
43	-1.419948	-2.440270	2.770474	24.445192	-2.330912	-24.445192	52.204661	-13.707423	-10.651588	13.707423	-1.366007	3.127620	
44	-1.356661	-2.393825	2.774202	22.259116	-2.233399	-22.259116	51.651346	-14.973630	-10.456576	14.973630	-1.593977	3.162312	
45	-1.298069	-2.320233	2.778202	20.496072	-2.153446	-20.496072	51.101399	-16.321373	-10.259749	16.321373	-1.710622	3.196686	
46	-1.252865	-2.224129	2.782546	18.984345	-2.097766	-18.984345	50.594511	-17.750805	-10.100578	17.750805	-1.644966	3.230748	
47	-1.225156	-2.137791	2.787287	17.092964	-2.042604	-17.092964	50.085885	-19.221918	-10.013895	19.221918	-1.373751	3.264586	
48	-1.212192	-2.083643	2.792380	14.405114	-1.965877	-14.405114	49.489885	-20.690848	-10.012003	20.690848	-0.928533	3.298357	
49	-1.212385	-2.048777	2.797694	11.416870	-1.883050	-11.416870	48.890496	-22.160481	-10.103649	22.160481	-0.317251	3.332183	
50	-1.226476	-2.015901	2.803095	8.883860	-1.815411	-8.883860	48.442000	-23.643684	-10.296165	23.643684	0.462189	3.366052	
51	-1.244838	-1.983008	2.808433	6.802521	-1.755988	-6.802521	48.034635	-25.117549	-10.534214	25.117549	1.291608	3.399831	
52	-1.240537	-1.941098	2.813449	4.651002	-1.689949	-4.651002	47.287263	-26.556694	-10.653043	26.556694	1.887762	3.433371	
53	-1.186011	-1.868615	2.817758	2.223019	-1.615896	-2.223019	45.878122	-27.954179	-10.471323	27.954179	1.970580	3.466542	
54	-1.069680	-1.744960	2.820952	-0.172674	-1.545203	0.172674	43.747863	-29.302142	-9.897759	29.302142	1.410514	3.499145	
55	-0.892933	-1.572188	2.822796	-2.362920	-1.479345	2.362920	40.977911	-30.569586	-8.929200	30.569586	0.202279	3.530909	
56	-0.665579	-1.388850	2.823309	-4.743338	-1.392723	4.743338	37.661437	-31.701003	-7.639988	31.701003	-1.547237	3.561590	
57	-0.402294	-1.230446	2.822545	-7.660081	-1.264828	7.660081	33.924305	-32.660094	-6.146247	32.660094	-3.651721	3.591026	
58	-0.115120	-1.087672	2.820345	-10.912950	-1.111870	10.912950	29.919593	-33.463328	-4.528690	33.463328	-5.958896	3.619095	
59	0.177588	-0.938330	2.816474	-14.140496	-0.965778	14.140496	25.887364	-34.155726	-2.888941	34.155726	-8.277784	3.645662	
60	0.448060	-0.792956	2.810975	-17.212572	-0.839015	17.212572	22.157294	-34.764474	-1.394004	34.764474	-10.336150	3.670584	
61	0.690577	-0.672662	2.804154	-20.172447	-0.721951	20.172447	18.825031	-35.293952	-0.080022	35.293952	-12.072353	3.693763	
62	0.925634	-0.567243	2.796219	-22.942198	-0.609562	22.942198	15.667450	-35.765027	1.199277	35.765027	-13.670607	3.715123	
63	1.164301	-0.451239	2.787112	-25.444658	-0.507269	25.444658	12.470500	-36.212395	2.540899	36.212395	-15.231087	3.734559	
64	1.403078	-0.322246	2.776601	-27.872689	-0.411488	27.872689	9.183073	-36.635771	3.921961	36.635771	-16.724494	3.751964	
65	1.643222	-0.202321	2.764339	-30.464031	-0.306078	30.464031	5.814435	-36.981916	5.316441	36.981916	-18.158261	3.767339	
66	1.890826	-0.116240	2.749910	-33.462267	-0.173687	33.462267	2.326201	-37.179345	6.727974	37.179345	-19.565926	3.780758	
67	2.143211	-0.070658	2.732955	-36.870889	-0.019167	36.870889	-1.211736	-37.207035	8.135962	37.207035	-20.897589	3.792256	
68	2.389385	-0.048766	2.713369	-40.174451	0.122722	40.174451	-4.517562	-37.118934	9.499884	37.118934	-22.049905	3.801832	
69	2.619898	-0.024648	2.691398	-43.007080	0.217483	43.007080	-7.371818	-36.983678	10.791686	36.983678	-22.956587	3.809588	
70	2.822191	0.018675	2.667614	-45.204174	0.241240	45.204174	-9.611411	-36.843844	11.942019	36.843844	-23.534310	3.815834	
71	2.982573	0.084908	2.642815	-46.244730	0.170683	46.244730	-10.958631	-36.732622	12.855573	36.732622	-23.690523	3.821031	
72	3.105532	0.181185	2.617743	-45.751069	0.000317	45.751069	-11.382927	-36.665582	13.554968	36.665582	-23.483293	3.825632	
73	3.221364	0.324495	2.592799	-44.039219	-0.239374	44.039219	-11.396963	-36.616554	14.237952	36.616554	-23.175060	3.830024	
74	3.373040	0.518955	2.568108	-41.870883	-0.496007	41.870883	-11.710307	-36.529681	15.170220	36.529681	-23.099626	3.834536	
75	3.583548	0.742664	2.543624	-40.061540	-0.728222	40.061540	-12.690681	-36.345189	16.458320	36.345189	-23.387796	3.839430	
76	3.838406	0.969895	2.519146	-39.024283	-0.929678	39.024283	-14.217935	-36.016589	17.959003	36.016589	-23.865456	3.844875	
77	4.118052	1.200557	2.494335	-38.623286	-1.117081	38.623286	-16.093757	-35.522808	19.515899	35.522808	-24.339959	3.850966	
78	4.421878	1.450380	2.468636	-38.743989	-1.297152	38.743989	-18.337672	-34.872100	21.107590	34.872100	-24.767039	3.857734	
79	4.741649	1.723099	2.441378	-39.562303	-1.465901	39.562303	-20.889477	-34.099516	22.669567	34.099516	-25.052325	3.865137	
80	5.049997	2.010112	2.412362	-41.169279	-1.625645	41.169279	-23.442720	-33.251988	24.027174	33.251988	-24.999735	3.873032	
81	5.332693	2.294330	2.382063	-43.457058	-1.779951	43.457058	-25.731656	-32.352438	25.077225	32.352438	-24.514462	3.881187	
82	5.598742	2.554809	2.351126	-46.279432	-1.927007	46.279432	-27.684436	-31.403054	25.849681	31.403054	-23.640123	3.889360	
83	5.851535	2.787210	2.320064	-49.427443	-2.066535	49.427443	-29.279882	-30.454175	26.377349	30.454175	-22.412903	3.897332	
84	6.078274	3.004672	2.289414	-52.585017	-2.207472	52.585017	-30.415274	-29.611572	26.628862	29.611572	-20.814094	3.904779	
85	6.272416	3.217413	2.259789	-55.566956	-2.357662	55.566956	-31.030960	-28.946887	26.594393	28.946887	-18.855973	3.911153	
86	6.439890	3.422914	2.231709	-58.452550	-2.513372	58.452550	-31.194011	-28.462889	26.313720	28.462889	-16.588971	3.915743	
87	6.581460	3.610455	2.205632	-61.335621	-2.670894	61.335621	-30.943090	-28.150182	25.798837	28.150182	-14.028849	3.917778	
88	6.698025	3.773708	2.182157	-64.214471	-2.828815	64.214471	-30.333088	-28.006875	25.071821	28.006875	-11.202327	3.916447	
89	6.805249	3.916597	2.161877	-67.085599	-2.980664	67.085599	-29.557487	-27.997751	24.229130	27.997751	-8.192061	3.910920	
90	6.921813	4.050750	2.145109	-69.953402	-3.120527	69.953402	-28.841721	-28.065045	23.378827	28.065045	-5.073761	3.900420	
91	7.050022	4.188350	2.132001	-72.813432	-3.257294	72.813432	-28.259312	-28.190789	22.541803	28.190789	-1.847576	3.884318	
92	7.178442	4.329632	2.122812	-75.636523	-3.418054	75.636523	-27.678367	-28.396688	21.648666	28.396688	1.555642	3.862091	
93	7.309197	4.469172	2.117905	-78.369736	-3.618621	78.369736	-27.014343	-28.668018	20.690498	28.668018	5.151483	3.833253	
94	7.467433	4.612234	2.117466	-80.942945	-3.848739	80.942945	-26.380041	-28.930673	19.779136	28.930673	8.867860	3.797396	
95	7.671858	4.768356	2.121400	-83.297131	-4.101492	83.297131	-25.853310	-29.130225	18.985321	29.130225	12.684582	3.754319	
96	7.911668	4.935861	2.129577	-85.406450	-4.389712	85.406450	-25.315444	-29.281872	18.234301	29.281872	16.682542	3.704110	
97	8.157441	5.100849	2.142051	-87.247005	-4.731236	87.247005	-24.544554	-29.453203	17.385112	29.453203	20.944540	3.647187	
98	8.382384	5.250986	2.159050	-88.826894	-5.142317	88.826894	-23.358297	-29.738014	16.326254	29.738014	25.504126	3.584337	
99	8.579895	5.386616	2.180911	-90.152786	-5.646928	90.152786	-21.682591	-30.188263	15.020716	30.188263	30.373444	3.516672	
100	8.765905	5.516167	2.208085	-91.150076	-6.263244	91.150076	-19.554192	-30.780671	13.517036	30.780671	35.531917	3.445538	
101	8.949998	5.644329	2.241080	-91.795773	-6.984403	91.795773	-17.041329	-31.512867	11.864117	31.512867	40.909403	3.372556	
102	9.125654	5.769504	2.280329	-92.205152	-7.790062	92.205152	-14.183151	-32.444796	10.059716	32.444796	46.422654	3.299685	
103	9.295030	5.891882	2.326034	-92.492051	-8.666178	92.492051	-11.017427	-33.616829	8.108501	33.616829	52.018749	3.229109	
104	9.465803	6.012541	2.378152	-92.669508	-9.619109	92.669508	-7.541201	-35.022465	6.014278	35.022465	57.693882	3.163048	
105	9.631087	6.125052	2.436585	-92.709665	-10.657942	92.709665	-3.698258	-36.667154	3.746969	36.667154	63.448041	3.103563	
106	9.775237	6.220959	2.501260	-92.624943	-11.758132	92.624943	0.503007	-38.595257	1.288098	38.595257	69.216647	3.052367	
107	9.888118	6.301649	2.571964	-92.459553	-12.873379	92.459553	4.968047	-40.834093	-1.346692	40.834093	74.900722	3.010769	
108	9.966394	6.373093	2.648303	-92.321792	-13.967500	92.321792	9.626265	-43.367999	-4.144739	43.367999	80.452091	2.979726	
109	10.018546	6.432063	2.729896	-92.298481	-15.043377	92.298481	14.505609	-46.174099	-7.105713	46.174099	85.928772	2.959854	
110	10.070715	6.473289	2.816517	-92.300469	-16.155535	92.300469	19.691447	-49.219428	-10.215770	49.219428	91.474058	2.951378	
111	10.143391	6.499549	2.908046	-92.265857	-17.351374	92.265857	25.218132	-52.462956	-13.450794	52.462956	97.171470	2.954134	
112	10.223596	6.508303	3.004350	-92.379621	-18.610812	92.379621	31.038649	-55.921497	-16.799952	55.921497	102.949585	2.967677	
113	10.283916	6.491369	3.105193	-92.975993	-19.858768	92.975993	37.056513	-59.680009	-20.251397	59.680009	108.667672	2.991453	
114	10.323918	6.458030	3.210183	-94.312931	-21.029892	94.312931	43.171411	-63.762401	-23.778548	63.762401	114.241807	3.024946	
115	10.363904	6.431566	3.318822	-96.448359	-22.110343	96.448359	49.355273	-68.064338	-27.376144	68.064338	119.669461	3.067681	
116	10.411541	6.422303	3.430656	-99.346124	-23.101350	99.346124	55.642413	-72.484096	-31.069505	72.484096	124.958914	3.119210	
117	10.464381	6.428654	3.545318	-102.955925	-23.995398	102.955925	62.044983	-76.989265	-34.880038	76.989265	130.078663	3.179142	
118	10.519902	6.448602	3.662437	-107.102772	-24.804235	107.102772	68.570898	-81.533910	-38.819552	81.533910	134.984358	3.247057	
119	10.565269	6.468120	3.781595	-111.448503	-25.556153	111.448503	75.266361	-86.053010	-42.887802	86.053010	139.640310	3.322514	
120	10.585607	6.467414	3.902388	-115.643133	-26.281255	115.643133	82.151693	-90.496998	-47.055134	90.496998	143.996306	3.405191	
121	10.581204	6.439582	4.024429	-119.394813	-27.035485	119.394813	89.206195	-94.807458	-51.285493	94.807458	148.017524	3.494792	
122	10.551957	6.378444	4.147302	-122.438090	-27.872784	122.438090	96.380087	-98.917559	-55.530991	98.917559	151.659535	3.590817	
123	10.484371	6.275460	4.270483	-124.642284	-28.766211	124.642284	103.517869	-102.773338	-59.684727	102.773338	154.753458	3.692632	
124	10.369837	6.128637	4.393309	-125.904514	-29.676937	125.904514	110.467943	-106.340358	-63.635481	106.340358	157.136054	3.799723	
125	10.205560	5.929720	4.515121	-125.865702	-30.633245	125.865702	117.203370	-109.592800	-67.299658	109.592800	158.763658	3.911833	
126	9.981065	5.673560	4.635292	-124.284916	-31.581031	124.284916	123.577958	-112.472613	-70.545845	112.472613	159.520710	4.028864	
127	9.697002	5.375349	4.753116	-121.265471	-32.415006	121.265471	129.381404	-114.904792	-73.278703	114.904792	159.326833	4.150589	
128	9.372593	5.047263	4.867940	-116.729847	-33.221537	116.729847	134.719837	-116.875578	-75.534627	116.875578	158.352338	4.276421	
129	9.019018	4.689498	4.979316	-110.543271	-34.157765	110.543271	139.825304	-118.434058	-77.348320	118.434058	156.772790	4.405398	
130	8.636560	4.300297	5.086962	-102.676891	-35.294590	102.676891	144.812481	-119.639794	-78.702827	119.639794	154.643310	4.536302	
131	8.227740	3.867724	5.190724	-92.777509	-36.756945	92.777509	149.859970	-120.542065	-79.603410	120.542065	152.048817	4.667822	
132	7.794474	3.385819	5.290515	-80.779020	-38.635689	80.779020	155.061067	-121.174340	-80.052518	121.174340	149.052421	4.798602	
133	7.335248	2.873716	5.386215	-67.592130	-40.792557	67.592130	160.160942	-121.572785	-80.025172	121.572785	145.623148	4.927173	
134	6.846590	2.349140	5.477737	-54.329818	-43.023063	54.329818	164.804223	-121.794920	-79.506413	121.794920	141.748252	5.051963	
135	6.324596	1.807519	5.565093	-41.524278	-45.275221	41.524278	168.847916	-121.903867	-78.518600	121.903867	137.513501	5.171439	
136	5.771504	1.236262	5.648322	-29.148275	-47.651109	29.148275	172.419199	-121.951087	-77.139855	121.951087	133.073403	5.284258	
137	5.196738	0.629456	5.727501	-16.989865	-50.308951	16.989865	175.795587	-121.975130	-75.480757	121.975130	128.576541	5.389433	
138	4.606607	-0.016303	5.802816	-5.057845	-53.379751	5.057845	179.190596	-122.023621	-73.617495	122.023621	124.109085	5.486434	
139	4.003414	-0.707890	5.874576	6.339300	-56.976703	-6.339300	182.773438	-122.216080	-71.639904	122.216080	119.803269	5.575097	
140	3.399875	-1.446912	5.943169	16.694961	-61.262034	-16.694961	186.961690	-122.835597	-69.832366	122.835597	116.067951	5.655442	
141	2.816030	-2.222638	6.009068	25.325012	-66.353647	-25.325012	192.243258	-124.209552	-68.588894	124.209552	113.397949	5.727547	
142	2.256211	-3.022373	6.072850	31.539889	-72.171271	-31.539889	198.589861	-126.381495	-68.048298	126.381495	111.848304	5.791397	
143	1.712365	-3.836505	6.135179	34.884655	-78.543155	-34.884655	205.648133	-129.146993	-68.119987	129.146993	111.134934	5.846739	
144	1.184896	-4.649863	6.196779	35.067628	-85.336364	-35.067628	213.255906	-132.356650	-68.789354	132.356650	111.096794	5.893217	
145	0.679419	-5.448159	6.258368	31.908908	-92.438485	-31.908908	221.358076	-135.914925	-70.089290	135.914925	111.654680	5.930523	
146	0.192128	-6.227746	6.320454	25.580076	-99.720404	-25.580076	229.703011	-139.524433	-71.908867	139.524433	112.552315	5.958383	
147	-0.291692	-6.986094	6.383137	16.717945	-106.967296	-16.717945	237.637195	-142.542455	-73.976153	142.542455	113.356952	5.976589	
148	-0.785460	-7.717059	6.446087	5.990514	-113.951237	-5.990514	244.451206	-144.304960	-76.030326	144.304960	113.710758	5.985105	
149	-1.292155	-8.416088	6.508552	-6.369778	-120.589703	6.369778	249.981693	-144.539053	-77.971468	144.539053	113.504189	5.984034	
150	-1.807543	-9.077032	6.569395	-20.375529	-126.907309	20.375529	254.532663	-143.309021	-79.818823	143.309021	112.781838	5.973443	
151	-2.327025	-9.690768	6.627349	-35.955003	-132.926458	35.955003	258.486963	-140.835439	-81.603596	140.835439	111.602470	5.953298	
152	-2.850387	-10.252437	6.681323	-52.955871	-138.655375	52.955871	262.160346	-137.417141	-83.329443	137.417141	110.007538	5.923528	
153	-3.380804	-10.764569	6.730523	-71.247702	-144.120800	71.247702	265.771699	-133.350537	-84.999030	133.350537	108.057341	5.884011	
154	-3.924414	-11.234799	6.774378	-90.589635	-149.291782	90.589635	269.280971	-128.757213	-86.584433	128.757213	105.785499	5.834684	
155	-4.489802	-11.671876	6.812399	-110.444396	-154.081416	110.444396	272.447162	-123.491900	-88.018581	123.491900	103.192976	5.775716	
156	-5.073516	-12.081764	6.844162	-130.543629	-158.714243	130.543629	275.495732	-117.594892	-89.387741	117.594892	100.504548	5.707357	
157	-5.652211	-12.468027	6.869461	-151.487976	-163.807981	151.487976	279.181778	-111.663779	-90.986071	111.663779	98.226023	5.629756	
158	-6.198720	-12.831308	6.888374	-174.156735	-169.901499	174.156735	283.988903	-106.406920	-93.044952	106.406920	96.770944	5.543247	
159	-6.691534	-13.159670	6.901241	-199.003008	-177.256216	199.003008	289.933422	-102.235408	-95.603411	102.235408	96.296045	5.448690	
160	-7.109236	-13.427050	6.908598	-226.116712	-185.997173	226.116712	296.859585	-99.382854	-98.624844	99.382854	96.872191	5.347435	
161	-7.429295	-13.608251	6.911070	-255.516061	-196.186154	255.516061	304.636034	-98.081121	-102.072707	98.081121	98.567981	5.241095	
162	-7.628633	-13.687731	6.909353	-287.321139	-207.940955	287.321139	313.461134	-98.716997	-105.932824	98.716997	101.417612	5.131379	
163	-7.687059	-13.660869	6.904285	-321.735864	-221.562670	321.735864	323.882285	-101.806696	-110.193528	101.806696	105.342278	5.019969	
164	-7.596220	-13.534652	6.896787	-358.769812	-237.373324	358.769812	336.344240	-107.742869	-114.801307	107.742869	110.097406	4.908390	
165	-7.360573	-13.318744	6.887720	-398.039630	-255.524151	398.039630	350.957476	-116.689260	-119.656913	116.689260	115.324745	4.797946	
166	-6.987294	-13.007887	6.877786	-439.170423	-276.032607	439.170423	367.562835	-128.631965	-124.571012	128.631965	120.590257	4.689632	
167	-6.482607	-12.586324	6.867498	-481.690446	-298.634809	481.690446	385.754236	-143.429527	-129.267652	143.429527	125.431614	4.584056	
168	-5.858572	-12.054080	6.857215	-524.297098	-322.681231	524.297098	405.056179	-160.841414	-133.515776	160.841414	129.466433	4.481428	
169	-5.128678	-11.421987	6.847161	-565.396710	-347.589085	565.396710	425.213440	-180.693807	-137.131904	180.693807	132.371433	4.381545	
170	-4.301046	-10.694005	6.837414	-604.196015	-373.257011	604.196015	446.320812	-203.032146	-139.898415	203.032146	133.811834	4.283754	
171	-3.387095	-9.876053	6.827958	-640.736321	-399.820798	640.736321	468.629707	-227.826356	-141.626685	227.826356	133.527117	4.187025	
172	-2.405010	-8.981528	6.818720	-675.493805	-427.288696	675.493805	492.244445	-254.705719	-142.202259	254.705719	131.395095	4.090081	
173	-1.374018	-8.027902	6.809576	-709.229787	-455.633741	709.229787	517.172801	-283.158019	-141.548441	283.158019	127.400079	3.991496	
174	-0.312866	-7.039494	6.800376	-743.078610	-485.028297	743.078610	543.556607	-312.763098	-139.647308	312.763098	121.648573	3.889912	
175	0.760831	-6.045987	6.791006	-778.629555	-515.791129	778.629555	571.599140	-343.211191	-136.556328	343.211191	114.378393	3.784251	
176	1.830685	-5.073244	6.781424	-817.557993	-548.008489	817.557993	601.103188	-374.167459	-132.327588	374.167459	105.883603	3.673727	
177	2.882325	-4.136877	6.771619	-860.837512	-581.163155	860.837512	631.045510	-405.241091	-126.901871	405.241091	96.408889	3.557870	
178	3.908371	-3.240939	6.761541	-908.113700	-614.035819	908.113700	659.513807	-436.148040	-120.086780	436.148040	86.084923	3.436629	
179	4.909652	-2.379435	6.751100	-958.208513	-644.982380	958.208513	684.096482	-466.823280	-111.632804	466.823280	74.951169	3.310411	
180	5.885556	-1.543838	6.740211	-1011.052629	-672.515561	1011.052629	702.678003	-497.190714	-101.345927	497.190714	63.054021	3.180094	
181	6.823269	-0.731828	6.728745	-1068.532359	-695.539668	1068.532359	713.916789	-526.668777	-89.181810	526.668777	50.535053	3.047031	
182	7.703304	0.053815	6.716399	-1131.284276	-712.903303	1131.284276	716.912707	-554.265475	-75.243587	554.265475	37.574608	2.912937	
183	8.513573	0.810072	6.702706	-1195.223550	-723.132950	1195.223550	710.891362	-579.269103	-59.707031	579.269103	24.264185	2.779654	
184	9.250751	1.533357	6.687193	-1253.670121	-725.027025	1253.670121	695.640205	-601.442015	-42.796356	601.442015	10.611386	2.648961	
185	9.915423	2.224887	6.669481	-1301.179706	-718.137211	1301.179706	671.697750	-620.735061	-24.744672	620.735061	-3.432594	2.522409	
186	10.513557	2.897731	6.649378	-1333.852694	-702.516382	1333.852694	639.811984	-637.210878	-5.745561	637.210878	-17.986604	2.401136	
187	11.062529	3.572180	6.627097	-1348.811569	-678.698844	1348.811569	600.839841	-651.331716	14.062716	651.331716	-33.234025	2.285752	
188	11.595967	4.270612	6.603541	-1344.691948	-648.031372	1344.691948	556.068526	-664.394302	34.714758	664.394302	-49.487027	2.176374	
189	12.158775	5.019133	6.580595	-1321.682676	-612.487229	1321.682676	506.991452	-678.502308	56.505630	678.502308	-67.200313	2.072709	
190	12.796972	5.852737	6.561353	-1280.774206	-574.049148	1280.774206	454.636192	-696.015092	79.970338	696.015092	-86.912568	1.974149	
191	13.551324	6.818502	6.550119	-1222.884673	-534.330457	1222.884673	399.181051	-719.082809	105.834420	719.082809	-109.213754	1.879844	
192	14.452453	7.970090	6.552163	-1148.754259	-494.612618	1148.754259	340.196986	-749.439187	134.833343	749.439187	-134.602560	1.788771	
193	15.518015	9.357310	6.573293	-1059.480308	-456.098535	1059.480308	277.239716	-788.397233	167.503263	788.397233	-163.312139	1.700022	
194	16.751542	11.019284	6.619327	-956.870255	-420.118990	956.870255	210.305960	-836.898195	204.078135	836.898195	-195.234154	1.613263	
195	18.137530	12.980558	6.695585	-843.728992	-388.157447	843.728992	140.082436	-895.307439	244.339902	895.307439	-229.800286	1.528846	
196	19.635731	15.247932	6.806412	-723.654869	-361.632103	723.654869	68.013227	-963.043013	287.392618	963.043013	-265.822805	1.447495	
197	21.190736	17.819526	6.954846	-600.021840	-341.643391	600.021840	-3.962711	-1038.713874	331.593811	1038.713874	-301.517622	1.369989	
198	22.754326	20.691410	7.142820	-475.958283	-329.049660	475.958283	-73.321024	-1120.726287	374.647170	1120.726287	-334.645634	1.296933	
199	24.287727	23.837740	7.371623	-355.345355	-324.503440	355.345355	-136.327528	-1207.146810	413.607891	1207.146810	-362.524631	1.228678	
200	25.746624	27.193242	7.641810	-242.752227	-328.186543	242.752227	-187.959566	-1295.135093	444.923047	1295.135093	-382.098975	1.165402	
201	27.078801	30.658735	7.952802	-142.945465	-339.637226	142.945465	-222.528249	-1380.927744	464.759026	1380.927744	-390.272841	1.107178	
202	28.226605	34.109750	8.302745	-60.548974	-357.655551	60.548974	-234.621314	-1459.874757	469.428153	1459.874757	-384.256943	1.053999	
203	29.130793	37.407004	8.688606	1.593425	-380.195080	-1.593425	-220.431321	-1526.844605	455.858160	1526.844605	-361.875039	1.005797	
204	29.745063	40.411592	9.106500	43.626398	-404.458352	-43.626398	-178.943028	-1577.044233	422.232085	1577.044233	-322.009720	0.962468	
205	30.046752	42.991740	9.552000	67.662115	-427.152709	-67.662115	-112.462569	-1606.205186	368.578226	1606.205186	-265.087110	0.923987	
206	30.034132	45.028903	10.020122	77.246502	-444.778480	-77.246502	-26.734168	-1610.833038	296.996601	1610.833038	-193.297631	0.890556	
207	29.718410	46.432190	10.505287	78.386660	-453.868917	-78.386660	69.312814	-1588.945808	211.416654	1588.945808	-110.394354	0.862612	
208	29.123813	47.151068	11.001499	79.041056	-451.287381	-79.041056	164.760571	-1540.315308	117.154388	1540.315308	-21.425030	0.840629	
209	28.298322	47.183296	11.502416	86.245384	-434.797637	-86.245384	249.046371	-1466.241431	20.469079	1466.241431	67.319040	0.825027	
210	27.319990	46.577378	12.001145	104.013878	-403.535728	-104.013878	314.190547	-1369.290603	-72.068781	1369.290603	148.439113	0.816067	
211	26.283935	45.422865	12.489905	133.282752	-358.124114	-133.282752	356.001325	-1253.025965	-154.506341	1253.025965	214.079638	0.813301	
212	25.277672	43.832686	12.959814	173.033518	-300.422690	-173.033518	374.186642	-1121.611315	-222.416159	1121.611315	257.043032	0.815221	
213	24.362822	41.927618	13.400764	221.815199	-232.861386	-221.815199	371.357434	-979.012984	-273.350591	979.012984	271.778965	0.819844	
214	23.561698	39.822580	13.801249	278.142058	-157.918854	-278.142058	351.848860	-828.254764	-306.830529	828.254764	255.091362	0.825608	
215	22.854149	37.620887	14.148260	340.190645	-78.047308	-340.190645	320.791028	-671.362955	-324.106664	671.362955	206.753757	0.831758	
216	22.196508	35.420880	14.427559	406.035926	4.205131	-406.035926	283.466773	-509.823409	-327.985618	509.823409	129.923633	0.838271	
217	21.539286	33.312022	14.624383	473.604729	85.884307	-473.604729	245.297459	-345.259546	-322.835625	345.259546	31.455219	0.845503	
218	20.832617	31.347937	14.724547	540.537672	163.432727	-540.537672	211.703208	-179.989362	-314.291064	179.989362	-78.330387	0.853525	
219	19.131494	29.112749	14.715981	601.028873	235.794753	-601.028873	168.737974	-14.832133	-295.766572	14.832133	-178.105306	0.861668	
220	19.251680	27.812799	14.591072	664.340555	288.520774	-664.340555	181.819045	135.410057	-312.485020	-135.410057	-282.687683	0.868986	
221	18.532155	26.118621	14.350258	716.687610	325.388597	-716.687610	202.144887	269.899708	-331.611092	-269.899708	-353.447287	0.874952	
222	18.028246	24.368168	14.006689	756.574611	338.138885	-756.574611	260.328144	374.176055	-369.367523	-374.176055	-389.058191	0.879457	
223	17.858349	22.541085	13.590448	775.544707	324.076315	-775.544707	366.257299	437.798373	-424.933975	-437.798373	-380.711603	0.882593	
224	18.099310	20.688389	13.149567	763.408343	284.634466	-763.408343	524.460512	456.263434	-492.900869	-456.263434	-323.153815	0.884729	
225	18.778425	18.875935	12.744922	712.918954	225.422099	-712.918954	731.745115	433.792725	-565.222600	-433.792725	-216.849323	0.886635	
226	19.884612	17.110116	12.438623	624.439869	153.970180	-624.439869	978.926442	381.311527	-634.659092	-381.311527	-67.934419	0.889330	
227	21.339621	15.268286	12.279509	507.952577	76.955618	-507.952577	1251.865021	312.262142	-695.679059	-312.262142	113.375067	0.893734	
228	22.929149	13.089043	12.291066	383.299525	-0.842967	-383.299525	1528.525387	241.202069	-742.184159	-241.202069	312.935578	0.900581	
229	24.305683	10.260418	12.465252	280.588578	-75.796148	-280.588578	1777.668349	185.295561	-766.562814	-185.295561	510.628931	0.910548	
230	25.083609	6.547997	12.763402	239.507123	-143.906547	-239.507123	1962.669354	165.142556	-761.598495	-165.142556	679.015473	0.924352	
231	24.938754	1.938281	13.123400	300.974572	-199.547341	-300.974572	2049.730179	202.024737	-722.926280	-202.024737	786.625500	0.942605	
232	23.701323	-3.291453	13.471605	489.185564	-235.962949	-489.185564	2018.956216	309.531112	-650.936155	-309.531112	808.107519	0.965204	
233	21.417452	-8.674699	13.738390	794.595837	-248.072745	-794.595837	1872.921906	482.800790	-551.131260	-482.800790	737.584845	0.990622	
234	18.306811	-13.715070	13.873698	1171.315692	-235.571825	-1171.315692	1637.935727	695.317210	-432.468832	-695.317210	594.494820	1.016118	
235	14.672940	-17.992163	13.856418	1552.129875	-203.730804	-1552.129875	1356.441956	908.573785	-305.720776	-908.573785	415.429050	1.039105	
236	10.841767	-21.238098	13.694266	1873.608796	-161.265225	-1873.608796	1072.778864	1087.926103	-182.530334	-1087.926103	238.479637	1.058266	
237	7.109787	-23.381102	13.416060	2097.648122	-116.943730	-2097.648122	820.136400	1213.807192	-73.780444	-1213.807192	90.927775	1.073303	
238	3.711289	-24.540978	13.060790	2219.123536	-77.151327	-2219.123536	615.462247	1283.701454	12.357397	-1283.701454	-14.742780	1.084395	
239	0.814899	-24.973571	12.667656	2257.649929	-45.113655	-2257.649929	462.492880	1306.740103	71.335401	-1306.740103	-77.778588	1.091946	
240	-1.479713	-24.965189	12.269698	2240.129648	-21.383608	-2240.129648	358.152994	1295.904744	101.964968	-1295.904744	-103.774084	1.096264	
241	-3.129417	-24.738116	11.891189	2187.629363	-5.000946	-2187.629363	297.060686	1263.471194	105.709723	-1263.471194	-100.931354	1.097444	
242	-4.118143	-24.420906	11.547388	2110.836794	5.425908	-2110.836794	273.578854	1219.488010	86.026954	-1219.488010	-77.936475	1.095609	
243	-4.455650	-24.055641	11.245753	2009.898932	11.138112	-2009.898932	283.562056	1170.195533	47.603633	-1170.195533	-42.494454	1.091013	
244	-4.182318	-23.602733	10.988281	1879.745688	12.948046	-1879.745688	325.055722	1117.877083	-4.383055	-1117.877083	-0.702682	1.083912	
245	-3.344496	-22.971803	10.774152	1719.915943	11.109486	-1719.915943	397.946632	1062.018072	-64.835522	-1062.018072	43.085397	1.074534	
246	-1.982209	-22.068611	10.602003	1540.999484	5.404816	-1540.999484	502.627420	1000.248273	-129.067717	-1000.248273	86.138717	1.063141	
247	-0.157133	-20.807203	10.471566	1363.602060	-4.586035	-1363.602060	635.999152	930.400090	-192.702265	-930.400090	126.909171	1.050003	
248	2.012714	-19.118330	10.384335	1212.828959	-19.071934	-1212.828959	788.172917	852.924266	-251.644352	-852.924266	164.710078	1.035340	
249	4.344171	-16.972459	10.342852	1111.910241	-37.564979	-1111.910241	942.079374	772.582146	-302.098937	-772.582146	199.357594	1.019301	
250	6.605031	-14.389376	10.348360	1076.559414	-58.603495	-1076.559414	1074.198386	699.409807	-340.267543	-699.409807	230.350912	1.001987	
251	8.542606	-11.434619	10.397516	1110.985886	-79.800228	-1110.985886	1157.495095	647.336843	-362.445485	-647.336843	255.996228	0.983603	
252	9.926541	-8.226460	10.479812	1206.309014	-98.051737	-1206.309014	1168.797757	629.545165	-366.020808	-629.545165	273.240263	0.964557	
253	10.606257	-4.948912	10.577401	1342.091848	-110.140088	-1342.091848	1098.382641	652.897649	-350.618613	-652.897649	278.526754	0.945305	
254	10.550416	-1.824965	10.667831	1491.718919	-113.742024	-1491.718919	954.162094	714.915743	-318.512247	-714.915743	269.305161	0.926185	
255	9.845911	0.936320	10.728717	1630.198241	-108.190165	-1630.198241	758.921425	804.150251	-274.372488	-804.150251	245.591904	0.907511	
256	8.667665	3.179403	10.742515	1740.517086	-94.652464	-1740.517086	543.812881	903.581655	-224.291028	-903.581655	210.574262	0.889687	
257	7.227118	4.836585	10.699562	1815.572671	-75.676868	-1815.572671	338.694558	996.013460	-174.157412	-996.013460	169.553097	0.873174	
258	5.723547	5.940415	10.598543	1855.843691	-54.343432	-1855.843691	164.295087	1068.394634	-128.476639	-1068.394634	128.170521	0.858460	
259	4.327389	6.593182	10.445108	1865.467943	-33.597773	-1865.467943	30.765115	1113.261009	-90.125346	-1113.261009	91.124865	0.846038	
260	3.180539	6.924875	10.249837	1848.923940	-15.898445	-1848.923940	-60.342001	1128.207018	-60.464481	-1128.207018	61.458081	0.836350	
261	2.384087	7.063277	10.026218	1809.269061	-2.923659	-1809.269061	-113.781596	1114.875253	-39.536821	-1114.875253	40.330700	0.829708	
262	1.979838	7.120687	9.788666	1748.328884	4.726950	-1748.328884	-138.453764	1078.033853	-26.412086	-1078.033853	27.322613	0.826313	
263	1.950801	7.199119	9.550618	1667.689820	7.599891	-1667.689820	-145.172519	1024.200674	-19.574281	-1024.200674	21.033023	0.826325	
264	2.241868	7.382098	9.323158	1569.808809	7.056189	-1569.808809	-143.880985	960.071157	-17.333755	-960.071157	19.751345	0.829909	
265	2.780143	7.714465	9.114400	1458.862307	4.710228	-1458.862307	-141.366440	891.571563	-18.142146	-891.571563	21.916492	0.837220	
266	3.484929	8.201943	8.929382	1340.259396	1.923153	-1340.259396	-140.675618	823.407605	-20.723721	-823.407605	26.262122	0.848357	
267	4.268789	8.816480	8.770225	1219.655129	-0.374536	-1219.655129	-142.074636	759.117691	-24.037744	-759.117691	31.733864	0.863360	
268	5.040147	9.501485	8.636444	1102.362912	-1.584770	-1102.362912	-144.516390	701.316346	-27.206816	-701.316346	37.366596	0.882236	
269	5.720857	10.185526	8.525428	992.817408	-1.494558	-992.817408	-146.385880	651.526050	-29.616771	-651.526050	42.370388	0.904953	
270	6.263885	10.793597	8.433169	894.082974	-0.397181	-894.082974	-145.810806	609.987499	-31.010105	-609.987499	46.263530	0.931380	
271	6.650306	11.252587	8.355107	807.862213	1.105669	-807.862213	-141.269187	575.993642	-31.382252	-575.993642	48.812379	0.961276	
272	6.879387	11.499070	8.286794	734.894876	2.384001	-734.894876	-132.104616	548.398364	-30.811648	-548.398364	49.914462	0.994360	
273	6.968470	11.495560	8.224362	675.060339	2.842418	-675.060339	-118.581748	525.832142	-29.398809	-525.832142	49.602368	1.030292	
274	6.949357	11.239389	8.164851	627.476835	1.999428	-627.476835	-101.639361	506.890222	-27.291959	-506.890222	48.070373	1.068638	
275	6.853558	10.752160	8.106354	590.879185	-0.359662	-590.879185	-82.520014	490.388251	-24.678187	-490.388251	45.602679	1.108922	
276	6.704457	10.066633	8.047930	563.799794	-4.242372	-563.799794	-62.377027	475.381124	-21.747173	-475.381124	42.501154	1.150682	
277	6.517127	9.214019	7.989384	544.815684	-9.634810	-544.815684	-41.999422	461.109626	-18.636623	-461.109626	39.030762	1.193490	
278	6.294406	8.219139	7.930929	532.707106	-16.448015	-532.707106	-22.008975	447.057347	-15.346127	-447.057347	35.329405	1.236936	
279	6.025477	7.113083	7.872893	525.918711	-24.260966	-525.918711	-3.339289	432.931272	-11.722254	-432.931272	31.378370	1.280608	
280	5.688715	5.936488	7.815586	522.345896	-32.196719	-522.345896	12.617941	418.669553	-7.496632	-418.669553	27.013234	1.324096	
281	5.256290	4.724518	7.759123	519.948766	-39.118472	-519.948766	24.311123	404.485712	-2.297931	-404.485712	21.921640	1.367034	
282	4.700889	3.497214	7.703172	517.192662	-43.994402	-517.192662	30.498981	390.725343	4.280222	-390.725343	15.714280	1.409100	
283	4.000897	2.268380	7.646848	513.043592	-46.062843	-513.043592	30.468489	377.704335	12.546288	-377.704335	8.040421	1.449986	
284	3.145850	1.056741	7.588840	506.799668	-44.816308	-506.799668	23.922343	365.671317	22.619301	-365.671317	-1.334621	1.489400	
285	2.140926	-0.117821	7.527654	497.930217	-40.035876	-497.930217	10.809069	354.827573	34.424880	-354.827573	-12.488196	1.527120	
286	1.004010	-1.236633	7.461798	485.979302	-31.791196	-485.979302	-8.755731	345.362440	47.731438	-345.362440	-25.326953	1.562998	
287	-0.241460	-2.280301	7.389805	470.628359	-20.392410	-470.628359	-34.408143	337.434367	62.181829	-337.434367	-39.603054	1.596937	
288	-1.570280	-3.237792	7.310169	451.896302	-6.375463	-451.896302	-65.433459	331.092088	77.335968	-331.092088	-54.951392	1.628857	
289	-2.954937	-4.105114	7.221349	429.923936	9.610407	-429.923936	-100.908551	326.236128	92.703205	-326.236128	-70.917428	1.658705	
290	-4.363978	-4.868035	7.121945	404.668840	26.925354	-404.668840	-139.779398	322.639882	107.742511	-322.639882	-86.967063	1.686464	
291	-5.763588	-5.512534	7.010910	376.562594	44.831729	-376.562594	-180.504385	319.923631	121.912731	-319.923631	-102.531443	1.712119	
292	-7.120764	-6.044247	6.887615	346.866636	62.469019	-346.866636	-221.002030	317.551881	134.735927	-317.551881	-117.050488	1.735637	
293	-8.400634	-6.477261	6.751946	316.840794	79.029557	-316.840794	-259.122606	314.923361	145.756505	-314.923361	-129.933169	1.757010	
294	-9.564766	-6.828711	6.604500	287.597018	93.785247	-287.597018	-292.774910	311.445342	154.522236	-311.445342	-140.568295	1.776260	
295	-10.579325	-7.122247	6.446670	260.463415	106.116114	-260.463415	-320.005823	306.613107	160.682749	-306.613107	-148.479579	1.793364	
296	-11.423914	-7.379746	6.280476	236.550758	115.661704	-236.550758	-339.449462	300.124229	164.085119	-300.124229	-153.462488	1.808248	
297	-12.093378	-7.618069	6.108223	216.482220	122.355487	-216.482220	-350.527549	291.912564	164.780501	-291.912564	-155.588852	1.820853	
298	-12.595229	-7.843953	5.932205	200.394318	126.377852	-200.394318	-353.403303	282.138638	162.969370	-282.138638	-155.134669	1.831173	
299	-12.947529	-8.054519	5.754500	187.898900	128.086576	-187.898900	-348.931733	271.140366	158.977958	-271.140366	-152.521743	1.839226	
300	-13.178245	-8.254550	5.576800	178.323223	127.915497	-178.323223	-338.435131	259.327060	153.252498	-259.327060	-148.269801	1.845069	
301	-13.319904	-8.456210	5.400280	170.914454	126.331047	-170.914454	-323.413670	247.099098	146.262439	-247.099098	-142.892314	1.848830	
302	-13.402262	-8.655804	5.225634	164.634941	123.890714	-164.634941	-305.591512	234.882895	138.395284	-234.882895	-136.813245	1.850679	
303	-13.454628	-8.803283	5.053178	157.598752	121.472139	-157.598752	-287.655710	223.297204	130.025022	-223.297204	-130.438272	1.850783	
304	-13.496609	-8.823805	4.882978	147.896150	119.913722	-147.896150	-272.445930	212.847481	121.529908	-212.847481	-124.100817	1.849328	
305	-13.511155	-8.714146	4.715083	135.762145	118.963732	-135.762145	-259.922748	203.155799	113.048768	-203.155799	-117.768926	1.846523	
306	-13.452458	-8.543769	4.549738	122.943954	117.520837	-122.943954	-247.456628	193.218356	104.430754	-193.218356	-111.109289	1.842602	
307	-13.278237	-8.346910	4.387454	110.312671	114.850348	-110.312671	-233.225118	182.352319	95.498700	-182.352319	-103.855145	1.837846	
308	-12.950477	-8.098816	4.229093	97.723292	110.718058	-97.723292	-216.839835	170.243502	86.158898	-170.243502	-95.857919	1.832589	
309	-12.423327	-7.758012	4.076043	84.927468	104.977420	-84.927468	-198.213688	156.606410	76.361067	-156.606410	-86.985369	1.827235	
310	-11.645561	-7.283141	3.930300	71.937092	97.467612	-71.937092	-177.242661	141.173431	66.110297	-141.173431	-77.145360	1.822271	
311	-10.567440	-6.639450	3.794377	59.070809	87.977954	-59.070809	-153.729970	123.726149	55.473609	-123.726149	-66.310252	1.818230	
312	-9.149374	-5.802130	3.671121	46.752355	76.284786	-46.752355	-127.466642	104.119220	44.569431	-104.119220	-54.515293	1.815663	
313	-7.369631	-4.756288	3.563478	35.327392	62.238669	-35.327392	-98.361667	82.306760	33.537929	-82.306760	-41.829519	1.815170	
314	-5.225222	-3.497816	3.474359	24.990617	45.797029	-24.990617	-66.348362	58.288366	22.467350	-58.288366	-28.276353	1.817383	
315	-2.737865	-2.036924	3.406650	15.689029	27.047020	-15.689029	-31.340040	32.087665	11.351305	-32.087665	-13.812048	1.822889	
316	0.029872	-0.408556	3.363065	7.063910	6.246333	-7.063910	6.687473	3.821229	0.112551	-3.821229	1.603135	1.832175	
317	2.957767	1.316752	3.345733	-1.496278	-16.079193	1.496278	47.475387	-26.153589	-11.322324	26.153589	17.882218	1.845623	
318	5.871673	3.035480	3.355641	-10.707457	-39.116830	10.707457	90.265671	-57.144675	-22.940192	57.144675	34.713031	1.863447	
319	8.499012	4.584459	3.391985	-20.889910	-61.280328	20.889910	132.617560	-87.332099	-34.260380	87.332099	51.073863	1.885565	
320	10.606962	5.820959	3.451208	-31.865912	-80.987406	31.865912	171.643377	-114.708905	-44.606664	114.708905	65.754596	1.911414	
321	11.474345	6.313142	3.526301	-39.649339	-92.004009	39.649339	195.057425	-130.204627	-50.590131	130.204627	73.799552	1.939845	
322	11.847335	6.508788	3.604505	-46.351748	-99.419130	46.351748	211.602635	-140.904755	-54.607667	140.904755	78.905752	1.968823	
