kww	// User ID
24-6-2021	// Evaluation date
p19_warmup_018	24-6-2021	12:23:12:404	// Source file name and timestamp
357.143	// Sampling rate
0.933	// Data capture period

2.030000	// height
96.800000	// mass


Sample #	elbVar	shldrIR	LwristLinVelo	thorJFPd	thorSTPd	UaJFPp	UaSTPp	UaJFPd	UaSTPd	FaJFPp	FaSTPp	RwristLinVelo	
0	4.434180	2.329784	2.157559	12.313374	1.113735	-12.313374	-12.452752	2.190857	11.873957	-2.190857	-40.050073	1.503632	
1	4.342211	2.154179	2.148599	12.898313	1.162536	-12.898313	-11.784694	2.556732	11.647751	-2.556732	-40.089659	1.475750	
2	4.357913	2.054706	2.136531	13.376825	1.289322	-13.376825	-11.691742	2.945925	11.693588	-2.945925	-40.880651	1.448346	
3	3.891960	1.626191	2.123130	14.154292	1.145374	-14.154292	-9.335049	3.199204	10.543626	-3.199204	-38.059575	1.423053	
4	3.258998	1.101299	2.111636	15.098175	0.888166	-15.098175	-6.194802	3.334507	8.996716	-3.334507	-34.046692	1.402716	
5	2.494517	0.500930	2.103811	16.174385	0.545390	-16.174385	-2.464437	3.383635	7.143475	-3.383635	-29.191137	1.388514	
6	1.690037	-0.113397	2.100638	17.198749	0.169893	-17.198749	1.390104	3.383606	5.199951	-3.383606	-24.114941	1.380960	
7	0.910965	-0.694597	2.102226	18.118633	-0.216567	-18.118633	5.091202	3.354576	3.315305	-3.354576	-19.210542	1.379976	
8	0.207119	-1.202719	2.108117	18.991611	-0.610268	-18.991611	8.471563	3.293669	1.602768	-3.293669	-14.745584	1.385173	
9	-0.402419	-1.630019	2.117721	19.744934	-1.004451	-19.744934	11.458849	3.200144	0.105280	-3.200144	-10.781623	1.395968	
10	-0.916644	-1.993998	2.130568	20.315168	-1.380702	-20.315168	14.067446	3.109557	-1.174301	-3.109557	-7.333420	1.411677	
11	-1.346079	-2.315875	2.146235	20.795742	-1.716373	-20.795742	16.367788	3.077122	-2.262523	-3.077122	-4.409894	1.431607	
12	-1.707705	-2.606988	2.164226	21.335872	-1.995370	-21.335872	18.414309	3.134408	-3.204877	-3.134408	-1.972694	1.455034	
13	-2.014320	-2.872634	2.184030	21.968319	-2.218026	-21.968319	20.247740	3.276202	-4.039585	-3.276202	0.051538	1.481159	
14	-2.274528	-3.125520	2.205256	22.569663	-2.389881	-22.569663	21.931065	3.487360	-4.799625	-3.487360	1.745964	1.509209	
15	-2.495693	-3.376883	2.227640	23.087243	-2.511886	-23.087243	23.546696	3.762170	-5.521116	-3.762170	3.164487	1.538617	
16	-2.675035	-3.604522	2.250915	23.661716	-2.603992	-23.661716	25.145090	4.064354	-6.213523	-4.064354	4.312980	1.569031	
17	-2.797820	-3.755273	2.274796	24.420934	-2.710438	-24.420934	26.676484	4.299710	-6.834361	-4.299710	5.188275	1.600188	
18	-2.858370	-3.806414	2.299077	25.251705	-2.848409	-25.251705	28.024952	4.399883	-7.333697	-4.399883	5.807470	1.631862	
19	-2.876573	-3.796865	2.323618	25.930573	-2.989258	-25.930573	29.172146	4.397194	-7.724730	-4.397194	6.211887	1.663839	
20	-2.883226	-3.782314	2.348235	26.457510	-3.099170	-26.457510	30.246621	4.378275	-8.073781	-4.378275	6.442932	1.695920	
21	-2.892023	-3.786659	2.372635	27.021790	-3.170581	-27.021790	31.363065	4.387042	-8.420947	-4.387042	6.507257	1.727980	
22	-2.892613	-3.796466	2.396473	27.652124	-3.225071	-27.652124	32.488658	4.378459	-8.741316	-4.378459	6.398725	1.759992	
23	-2.871158	-3.789446	2.419511	28.166897	-3.291281	-28.166897	33.524854	4.277675	-8.992255	-4.277675	6.147364	1.791984	
24	-2.828985	-3.759703	2.441739	28.480413	-3.379598	-28.480413	34.457288	4.061917	-9.171282	-4.061917	5.824650	1.824042	
25	-2.782457	-3.719986	2.463290	28.754769	-3.475761	-28.754769	35.364757	3.780897	-9.323920	-3.780897	5.497060	1.856322	
26	-2.746476	-3.684527	2.484266	29.168826	-3.563280	-29.168826	36.314450	3.495459	-9.495243	-3.495459	5.197038	1.889023	
27	-2.719947	-3.653194	2.504685	29.695250	-3.644224	-29.695250	37.295348	3.214119	-9.679259	-3.214119	4.919005	1.922357	
28	-2.700409	-3.629361	2.524459	30.263644	-3.720721	-30.263644	38.313310	2.944195	-9.867319	-2.944195	4.644325	1.956528	
29	-2.692664	-3.623192	2.543499	30.873956	-3.795217	-30.873956	39.430651	2.694310	-10.080724	-2.694310	4.421945	1.991710	
30	-2.695439	-3.633762	2.561902	31.477900	-3.876119	-31.477900	40.658719	2.437526	-10.323820	-2.437526	4.314939	2.028005	
31	-2.706917	-3.666266	2.579704	32.049423	-3.941287	-32.049423	41.976707	2.201961	-10.605248	-2.201961	4.247384	2.065414	
32	-2.730903	-3.732624	2.596443	32.613988	-3.948569	-32.613988	43.370049	2.063797	-10.957384	-2.063797	4.089743	2.103864	
33	-2.763940	-3.817131	2.611384	33.098333	-3.897706	-33.098333	44.762738	1.999888	-11.374771	-1.999888	3.871740	2.143293	
34	-2.795010	-3.883989	2.624215	33.425933	-3.836914	-33.425933	46.079539	1.887887	-11.805699	-1.887887	3.775107	2.183657	
35	-2.818871	-3.916645	2.635279	33.706959	-3.812075	-33.706959	47.367472	1.645507	-12.215786	-1.645507	3.942174	2.224863	
36	-2.838122	-3.924561	2.645200	34.078037	-3.832362	-34.078037	48.717470	1.282315	-12.611181	-1.282315	4.361451	2.266828	
37	-2.853509	-3.922703	2.654499	34.461116	-3.877336	-34.461116	50.116768	0.832958	-12.999982	-0.832958	4.906009	2.309594	
38	-2.858801	-3.917245	2.663416	34.696467	-3.919546	-34.696467	51.459103	0.314971	-13.363590	-0.314971	5.415232	2.353276	
39	-2.848286	-3.905630	2.671898	34.727235	-3.939768	-34.727235	52.644324	-0.254159	-13.681558	0.254159	5.774440	2.397913	
40	-2.823794	-3.885419	2.679762	34.498008	-3.927818	-34.498008	53.627109	-0.851878	-13.959840	0.851878	5.959953	2.443476	
41	-2.793211	-3.859715	2.686856	34.038306	-3.885592	-34.038306	54.469121	-1.458497	-14.229451	1.458497	6.035311	2.489985	
42	-2.765731	-3.831434	2.693171	33.634621	-3.833667	-33.634621	55.333209	-2.060548	-14.529314	2.060548	6.117633	2.537480	
43	-2.744804	-3.800371	2.698870	33.499226	-3.791962	-33.499226	56.325438	-2.658908	-14.872917	2.658908	6.284074	2.585885	
44	-2.724887	-3.766051	2.704175	33.518251	-3.760094	-33.518251	57.401974	-3.277576	-15.232798	3.277576	6.511437	2.635049	
45	-2.698997	-3.724493	2.709234	33.578438	-3.734039	-33.578438	58.466430	-3.951567	-15.573904	3.951567	6.760568	2.684840	
46	-2.668375	-3.669641	2.714149	33.907115	-3.725077	-33.907115	59.511961	-4.692144	-15.896894	4.692144	7.058073	2.735145	
47	-2.640411	-3.598293	2.719033	34.668972	-3.743175	-34.668972	60.536218	-5.479819	-16.229548	5.479819	7.443625	2.785844	
48	-2.618493	-3.506718	2.723970	35.294504	-3.772991	-35.294504	61.335841	-6.288314	-16.576266	6.288314	7.901021	2.836768	
49	-2.597188	-3.392376	2.728950	34.941083	-3.785402	-34.941083	61.643004	-7.095566	-16.894463	7.095566	8.354402	2.887601	
50	-2.569618	-3.259908	2.733873	33.476907	-3.770778	-33.476907	61.450365	-7.889795	-17.139108	7.889795	8.740294	2.937955	
51	-2.535206	-3.116167	2.738724	31.572594	-3.752453	-31.572594	61.020612	-8.681193	-17.303252	8.681193	9.075232	2.987525	
52	-2.494160	-2.965328	2.743660	29.982562	-3.757084	-29.982562	60.581591	-9.489438	-17.385414	9.489438	9.374958	3.036098	
53	-2.443750	-2.812434	2.748724	28.928224	-3.781253	-28.928224	60.148855	-10.310275	-17.375797	10.310275	9.583201	3.083514	
54	-2.382770	-2.663733	2.753633	28.274957	-3.804887	-28.274957	59.661286	-11.113845	-17.280310	11.113845	9.645911	3.129696	
55	-2.314192	-2.526304	2.758020	27.921707	-3.818097	-27.921707	59.140744	-11.882966	-17.124305	11.882966	9.598753	3.174688	
56	-2.243472	-2.410120	2.761763	27.752310	-3.818328	-27.752310	58.654673	-12.634563	-16.941672	12.634563	9.545156	3.218617	
57	-2.167980	-2.324917	2.764968	27.468220	-3.790231	-27.468220	58.146366	-13.380827	-16.726584	13.380827	9.487320	3.261587	
58	-2.073711	-2.277612	2.767687	26.712566	-3.705360	-26.712566	57.446564	-14.093351	-16.424478	14.093351	9.270034	3.303619	
59	-1.951858	-2.266333	2.769843	25.387249	-3.554738	-25.387249	56.488126	-14.744060	-16.013337	14.744060	8.788260	3.344663	
60	-1.812331	-2.272722	2.771334	23.703938	-3.370307	-23.703938	55.378243	-15.341432	-15.558107	15.341432	8.135870	3.384589	
61	-1.679524	-2.275386	2.772081	22.009237	-3.203013	-22.009237	54.331178	-15.897627	-15.192749	15.897627	7.537245	3.423162	
62	-1.574636	-2.264506	2.772004	20.612853	-3.091200	-20.612853	53.536285	-16.414421	-15.031890	16.414421	7.187610	3.460107	
63	-1.499120	-2.233708	2.771046	19.600370	-3.049403	-19.600370	52.973383	-16.908807	-15.062405	16.908807	7.119865	3.495298	
64	-1.434728	-2.172816	2.769260	18.854663	-3.070648	-18.854663	52.396990	-17.402334	-15.138059	17.402334	7.185676	3.528807	
65	-1.356449	-2.068919	2.766853	18.295230	-3.143578	-18.295230	51.520105	-17.906466	-15.066921	17.906466	7.155705	3.560760	
66	-1.247040	-1.910498	2.764133	17.946880	-3.267159	-17.946880	50.175801	-18.436443	-14.705486	18.436443	6.860966	3.591245	
67	-1.104574	-1.703984	2.761330	17.700748	-3.428600	-17.700748	48.346846	-18.993040	-14.022811	18.993040	6.273783	3.620277	
68	-0.938358	-1.475024	2.758453	17.300968	-3.596158	-17.300968	46.131792	-19.545746	-13.090247	19.545746	5.474048	3.647833	
69	-0.761994	-1.236606	2.755398	16.832224	-3.771340	-16.832224	43.742180	-20.072946	-12.019817	20.072946	4.574752	3.673986	
70	-0.586129	-0.986892	2.752097	16.586131	-3.979316	-16.586131	41.379265	-20.579285	-10.902425	20.579285	3.660116	3.698929	
71	-0.412400	-0.740783	2.748423	16.368377	-4.192907	-16.368377	39.053308	-21.060551	-9.775396	21.060551	2.754672	3.722871	
72	-0.238732	-0.517783	2.744119	15.816445	-4.364147	-15.816445	36.693972	-21.505883	-8.644529	21.505883	1.857308	3.745949	
73	-0.061056	-0.313845	2.738932	14.938614	-4.487876	-14.938614	34.265652	-21.915565	-7.481095	21.915565	0.929239	3.768189	
74	0.128078	-0.121680	2.732732	13.799372	-4.570931	-13.799372	31.753091	-22.261656	-6.246771	22.261656	-0.098455	3.789567	
75	0.329061	0.047744	2.725436	12.344729	-4.607262	-12.344729	29.239143	-22.481888	-4.981027	22.481888	-1.206196	3.809995	
76	0.536259	0.186952	2.716933	10.590578	-4.591782	-10.590578	26.791488	-22.552013	-3.741956	22.552013	-2.318604	3.829312	
77	0.751580	0.309035	2.707109	8.628294	-4.523720	-8.628294	24.302044	-22.506976	-2.496470	22.506976	-3.447879	3.847401	
78	0.979054	0.425630	2.695814	6.473931	-4.399474	-6.473931	21.657888	-22.389394	-1.202903	22.389394	-4.629475	3.864323	
79	1.210049	0.533120	2.682850	4.056018	-4.221439	-4.056018	18.938316	-22.228560	0.079636	22.228560	-5.790307	3.880333	
80	1.426678	0.636680	2.668238	1.467055	-4.028266	-1.467055	16.357288	-22.063048	1.245214	22.063048	-6.800058	3.895792	
81	1.617357	0.756618	2.652393	-1.049159	-3.872722	1.049159	14.055777	-21.932241	2.242223	21.932241	-7.594536	3.910989	
82	1.784657	0.900068	2.635879	-3.369353	-3.764958	3.369353	12.028475	-21.836902	3.088892	21.836902	-8.205923	3.926018	
83	1.941657	1.054571	2.619065	-5.456675	-3.676286	5.456675	10.203562	-21.744223	3.845404	21.744223	-8.725387	3.940797	
84	2.103570	1.204025	2.602032	-7.358429	-3.564321	7.358429	8.437021	-21.614701	4.584064	21.614701	-9.253898	3.955137	
85	2.277955	1.337487	2.584615	-9.215379	-3.399091	9.215379	6.601032	-21.416126	5.327280	21.416126	-9.831700	3.968822	
86	2.454580	1.452841	2.566536	-11.014235	-3.203825	11.014235	4.833097	-21.156699	5.982198	21.156699	-10.366179	3.981777	
87	2.611236	1.553203	2.547631	-12.686136	-3.031875	12.686136	3.437077	-20.893560	6.402353	20.893560	-10.695607	3.994157	
88	2.754194	1.640111	2.527897	-14.365909	-2.881300	14.365909	2.378867	-20.647424	6.637907	20.647424	-10.873424	4.006128	
89	2.933361	1.711412	2.507146	-16.205596	-2.683010	16.205596	1.218138	-20.340809	6.989928	20.340809	-11.226441	4.017615	
90	3.188308	1.768562	2.484844	-18.165623	-2.390928	18.165623	-0.361458	-19.892972	7.683893	19.892972	-11.973638	4.028345	
91	3.511048	1.827736	2.460435	-20.124773	-2.037663	20.124773	-2.295903	-19.330154	8.676869	19.330154	-13.013824	4.037955	
92	3.866923	1.910274	2.433684	-22.057253	-1.695293	22.057253	-4.333874	-18.750362	9.776294	18.750362	-14.082316	4.045996	
93	4.221844	2.024193	2.404671	-24.022374	-1.424580	24.022374	-6.215930	-18.232873	10.786584	18.232873	-14.928208	4.051947	
94	4.553847	2.166460	2.373655	-26.080714	-1.259703	26.080714	-7.775702	-17.813780	11.584263	17.813780	-15.394736	4.055279	
95	4.854752	2.331715	2.340992	-28.344734	-1.202415	28.344734	-9.013874	-17.497209	12.134208	17.497209	-15.431732	4.055511	
96	5.120270	2.512928	2.307062	-30.937131	-1.244105	30.937131	-9.961329	-17.290094	12.433774	17.290094	-15.032840	4.052200	
97	5.342997	2.699657	2.272335	-33.884835	-1.386543	33.884835	-10.554735	-17.218898	12.468312	17.218898	-14.187243	4.044971	
98	5.524633	2.876689	2.237400	-37.150817	-1.606374	37.150817	-10.810161	-17.261227	12.259283	17.261227	-12.926000	4.033562	
99	5.674643	3.032084	2.202847	-40.654065	-1.858570	40.654065	-10.862662	-17.350672	11.858673	17.350672	-11.308708	4.017827	
100	5.790601	3.163474	2.169342	-44.312148	-2.128238	44.312148	-10.760559	-17.480884	11.272572	17.480884	-9.350826	3.997711	
101	5.867782	3.268515	2.137762	-48.060830	-2.423516	48.060830	-10.442545	-17.686402	10.497075	17.686402	-7.066083	3.973224	
102	5.923874	3.344110	2.108926	-51.775937	-2.738159	51.775937	-9.924475	-17.934650	9.609287	17.934650	-4.535087	3.944455	
103	5.987586	3.396244	2.083199	-55.341569	-3.040952	55.341569	-9.396045	-18.138093	8.747192	18.138093	-1.871753	3.911576	
104	6.062688	3.435054	2.060590	-58.758848	-3.302289	58.758848	-9.024234	-18.284804	7.980179	18.284804	0.864250	3.874830	
105	6.130877	3.466519	2.041242	-62.050812	-3.524284	62.050812	-8.781417	-18.444652	7.268389	18.444652	3.677076	3.834585	
106	6.185564	3.493637	2.025601	-65.146533	-3.722328	65.146533	-8.587131	-18.633595	6.570661	18.633595	6.562015	3.791318	
107	6.232044	3.515358	2.014139	-67.893308	-3.912221	67.893308	-8.379806	-18.814644	5.877981	18.814644	9.501104	3.745481	
108	6.271822	3.528600	2.007241	-70.145470	-4.132774	70.145470	-8.039007	-18.995993	5.162407	18.995993	12.512052	3.697489	
109	6.300595	3.538616	2.005273	-71.933632	-4.429672	71.933632	-7.455113	-19.258080	4.381960	19.258080	15.631284	3.647868	
110	6.316125	3.556404	2.008526	-73.435131	-4.814009	73.435131	-6.624633	-19.688002	3.525241	19.688002	18.860543	3.597326	
111	6.329772	3.586682	2.017122	-74.695047	-5.275716	74.695047	-5.605284	-20.278432	2.623695	20.278432	22.183534	3.546699	
112	6.363055	3.630163	2.030971	-75.620564	-5.824887	75.620564	-4.436795	-20.942726	1.711084	20.942726	25.635198	3.496958	
113	6.433155	3.685003	2.049814	-76.156445	-6.493272	76.156445	-3.104496	-21.621343	0.796469	21.621343	29.296719	3.449320	
114	6.538652	3.744686	2.073373	-76.384206	-7.274297	76.384206	-1.615859	-22.347209	-0.107507	22.347209	33.164620	3.405305	
115	6.669530	3.807144	2.101570	-76.462460	-8.102681	76.462460	-0.081246	-23.154005	-0.957011	23.154005	37.120609	3.366540	
116	6.828322	3.877118	2.134556	-76.430164	-8.940225	76.430164	1.404037	-23.981146	-1.719209	23.981146	41.115945	3.334488	
117	7.011173	3.956836	2.172572	-76.371988	-9.807051	76.371988	2.879157	-24.837769	-2.447379	24.837769	45.255555	3.310375	
118	7.194077	4.043298	2.215812	-76.622173	-10.717021	76.622173	4.437242	-25.886188	-3.250030	25.886188	49.649804	3.295171	
119	7.364542	4.136386	2.264341	-77.485172	-11.644449	77.485172	6.092222	-27.239054	-4.172389	27.239054	54.267410	3.289529	
120	7.528102	4.236460	2.318098	-78.964578	-12.567339	78.964578	7.846866	-28.891403	-5.210504	28.891403	59.013204	3.293805	
121	7.684138	4.335109	2.376990	-80.837651	-13.499980	80.837651	9.788203	-30.835088	-6.388016	30.835088	63.846336	3.308136	
122	7.832164	4.425190	2.440951	-82.808627	-14.478639	82.808627	12.011289	-33.067313	-7.725766	33.067313	68.771149	3.332441	
123	7.978035	4.506144	2.509945	-84.602425	-15.545037	84.602425	14.581238	-35.570751	-9.228434	35.570751	73.831360	3.366384	
124	8.119649	4.576747	2.583894	-86.112005	-16.690865	86.112005	17.489839	-38.354612	-10.891182	38.354612	79.024138	3.409453	
125	8.250175	4.638038	2.662586	-87.432791	-17.853652	87.432791	20.653117	-41.433090	-12.695615	41.433090	84.280853	3.461004	
126	8.366786	4.694982	2.745725	-88.729609	-18.972405	88.729609	24.004448	-44.794271	-14.632526	44.794271	89.567920	3.520127	
127	8.465082	4.753392	2.833009	-90.193080	-19.968335	90.193080	27.462690	-48.428329	-16.691956	48.428329	94.823575	3.585495	
128	8.540582	4.816638	2.924118	-91.932751	-20.773149	91.932751	30.951534	-52.297873	-18.860368	52.297873	99.960529	3.655346	
129	8.599340	4.883306	3.018737	-93.825668	-21.413171	93.825668	34.516611	-56.302894	-21.144881	56.302894	105.001099	3.727625	
130	8.647530	4.955341	3.116599	-95.757928	-21.912302	95.757928	38.203103	-60.342110	-23.555472	60.342110	109.977409	3.800395	
131	8.680933	5.035545	3.217405	-97.788253	-22.226946	97.788253	41.974263	-64.338163	-26.082888	64.338163	114.810665	3.872403	
132	8.700343	5.113136	3.320789	-99.841695	-22.395045	99.841695	45.908060	-68.227984	-28.728028	68.227984	119.472700	3.943312	
133	8.713476	5.171763	3.426489	-101.685669	-22.503490	101.685669	50.136563	-71.996920	-31.504474	71.996920	124.036649	4.013444	
134	8.720637	5.204073	3.534408	-103.203892	-22.549018	103.203892	54.620687	-75.644414	-34.388245	75.644414	128.488367	4.083461	
135	8.722295	5.212857	3.644484	-104.343715	-22.542118	104.343715	59.277811	-79.108764	-37.332582	79.108764	132.754079	4.154238	
136	8.728131	5.205572	3.756678	-104.943191	-22.596924	104.943191	64.139237	-82.295147	-40.319720	82.295147	136.830793	4.226757	
137	8.746494	5.185495	3.870964	-104.705893	-22.867339	104.705893	69.265085	-85.124913	-43.344957	85.124913	140.707878	4.302083	
138	8.772522	5.145787	3.987221	-103.347962	-23.475132	103.347962	74.671526	-87.560677	-46.387245	87.560677	144.323856	4.381392	
139	8.776485	5.064397	4.105150	-100.903910	-24.398691	100.903910	80.215233	-89.664249	-49.355766	89.664249	147.511682	4.465837	
140	8.723244	4.915653	4.224134	-97.587889	-25.532367	97.587889	85.608466	-91.527106	-52.089886	91.527106	149.996656	4.556330	
141	8.614885	4.701039	4.343252	-93.377919	-26.917306	93.377919	90.739734	-93.123966	-54.509152	93.123966	151.646627	4.653512	
142	8.466357	4.445164	4.461465	-88.376260	-28.590552	88.376260	95.552669	-94.390530	-56.592121	94.390530	152.394967	4.757763	
143	8.260177	4.161544	4.577635	-83.253450	-30.310760	83.253450	99.670888	-95.349042	-58.210322	95.349042	151.989378	4.869005	
144	7.985415	3.857860	4.690516	-78.578980	-31.835683	78.578980	102.802700	-96.002081	-59.278142	96.002081	150.313857	4.986475	
145	7.674098	3.554769	4.799012	-74.193688	-33.240397	74.193688	105.228551	-96.274728	-59.943131	96.274728	147.680598	5.108689	
146	7.364125	3.269406	4.902504	-69.690642	-34.733669	69.690642	107.479285	-96.169502	-60.434589	96.169502	144.564599	5.233529	
147	7.064800	2.995374	5.000884	-64.912618	-36.405792	64.912618	109.844448	-95.815654	-60.861728	95.815654	141.280904	5.358495	
148	6.756029	2.703369	5.094204	-59.875027	-38.196814	59.875027	112.245467	-95.345477	-61.151380	95.345477	137.854967	5.481145	
149	6.420755	2.373118	5.182399	-54.621708	-40.035633	54.621708	114.550534	-94.843202	-61.216020	94.843202	134.249922	5.599469	
150	6.078631	2.022155	5.265559	-49.233561	-41.980010	49.233561	116.958261	-94.404891	-61.195740	94.404891	130.720987	5.711989	
151	5.758813	1.679004	5.344314	-43.892284	-44.124379	43.892284	119.794420	-94.138892	-61.316565	94.138892	127.614834	5.817662	
152	5.461774	1.348623	5.419660	-38.761985	-46.465560	38.761985	123.125974	-94.090094	-61.622030	94.090094	124.987700	5.915758	
153	5.168431	1.013803	5.492517	-33.918935	-48.945855	33.918935	126.789857	-94.263393	-62.018504	94.263393	122.704126	6.005769	
154	4.855625	0.646890	5.563558	-29.541661	-51.494709	29.541661	130.501160	-94.681317	-62.384309	94.681317	120.617256	6.087271	
155	4.498394	0.223548	5.633196	-25.956565	-53.997686	25.956565	133.859960	-95.318891	-62.565114	95.318891	118.522483	6.159858	
156	4.081738	-0.260620	5.701610	-23.449182	-56.343502	23.449182	136.548341	-96.074957	-62.449412	96.074957	116.236271	6.223336	
157	3.605842	-0.798855	5.768858	-21.994939	-58.557117	21.994939	138.567445	-96.869085	-62.045933	96.869085	113.745072	6.277865	
158	3.074789	-1.397616	5.834927	-21.202454	-60.837616	21.202454	140.180134	-97.702040	-61.431611	97.702040	111.164971	6.323804	
159	2.494229	-2.069922	5.899724	-20.748004	-63.390243	20.748004	141.638595	-98.604609	-60.706918	98.604609	108.646028	6.361507	
160	1.872262	-2.819723	5.963104	-20.616970	-66.302740	20.616970	143.033267	-99.561989	-59.960095	99.561989	106.290194	6.391283	
161	1.213914	-3.646457	6.024929	-20.820791	-69.624314	20.820791	144.403185	-100.503197	-59.224918	100.503197	104.105628	6.413430	
162	0.519652	-4.550280	6.085080	-21.332659	-73.402518	21.332659	145.784462	-101.324615	-58.503265	101.324615	102.059072	6.428265	
163	-0.209117	-5.526449	6.143365	-22.297049	-77.620499	22.297049	147.144587	-101.891488	-57.828226	101.891488	100.156285	6.436093	
164	-0.963211	-6.554023	6.199458	-24.089027	-82.146926	24.089027	148.373440	-102.025385	-57.287361	102.025385	98.444495	6.437161	
165	-1.728417	-7.602028	6.252927	-27.133697	-86.793211	27.133697	149.354009	-101.544340	-56.983224	101.544340	96.962375	6.431521	
166	-2.491290	-8.647950	6.303332	-31.617492	-91.481578	31.617492	150.191312	-100.377091	-57.032053	100.377091	95.763138	6.418851	
167	-3.239518	-9.677171	6.350364	-37.507198	-96.257795	37.507198	151.275138	-98.598708	-57.572507	98.598708	94.922022	6.398736	
168	-3.964871	-10.675527	6.393868	-44.769612	-101.143377	44.769612	153.009749	-96.315139	-58.691919	96.315139	94.432304	6.371288	
169	-4.666957	-11.633800	6.433669	-53.245932	-106.125788	53.245932	155.654334	-93.542971	-60.366252	93.542971	94.145273	6.337254	
170	-5.348191	-12.553301	6.469421	-62.451264	-111.323056	62.451264	159.518732	-90.272793	-62.528365	90.272793	93.889994	6.297490	
171	-6.007767	-13.439340	6.500735	-71.949790	-116.980354	71.949790	165.039287	-86.589697	-65.181101	86.589697	93.636079	6.252568	
172	-6.645250	-14.282118	6.527346	-81.905558	-123.108756	81.905558	172.311862	-82.558874	-68.382209	82.558874	93.474602	6.202823	
173	-7.260429	-15.051632	6.549117	-92.945781	-129.432994	92.945781	181.081909	-78.218376	-72.189496	78.218376	93.547716	6.148513	
174	-7.848080	-15.720087	6.566047	-105.643008	-135.829808	105.643008	191.312963	-73.789090	-76.652365	73.789090	94.030390	6.089693	
175	-8.401916	-16.277700	6.578308	-120.267461	-142.352329	120.267461	202.952670	-69.587266	-81.760676	69.587266	95.054563	6.026009	
176	-8.918514	-16.726980	6.586221	-136.688898	-148.978180	136.688898	215.569959	-65.823137	-87.429504	65.823137	96.680338	5.956951	
177	-9.392622	-17.071497	6.590202	-154.456804	-155.670265	154.456804	228.682498	-62.612443	-93.547119	62.612443	98.945612	5.882196	
178	-9.810220	-17.303641	6.590705	-173.025891	-162.419234	173.025891	241.887904	-60.076155	-99.980854	60.076155	101.879880	5.801720	
179	-10.148836	-17.405803	6.588230	-191.855845	-169.262988	191.855845	254.840273	-58.465917	-106.562043	58.465917	105.494391	5.715858	
180	-10.388442	-17.372277	6.583394	-210.639725	-176.548657	210.639725	267.580525	-58.220969	-113.126503	58.220969	109.793782	5.625003	
181	-10.518107	-17.218484	6.576995	-229.438266	-184.955489	229.438266	280.582236	-59.840949	-119.562734	59.840949	114.767478	5.529133	
182	-10.532297	-16.965774	6.569987	-248.340760	-195.039027	248.340760	294.199133	-63.644736	-125.788861	63.644736	120.330115	5.427885	
183	-10.428723	-16.631529	6.563329	-267.387290	-207.037856	267.387290	308.494570	-69.678547	-131.726319	69.678547	126.295764	5.320966	
184	-10.208399	-16.228280	6.557791	-286.823871	-221.084765	286.823871	323.568405	-77.836340	-137.301666	77.836340	132.401411	5.208346	
185	-9.874333	-15.764100	6.553855	-307.203735	-237.378900	307.203735	339.726853	-88.016388	-142.446723	88.016388	138.343300	5.090217	
186	-9.431514	-15.248958	6.551732	-329.409096	-256.290612	329.409096	357.549221	-100.246316	-147.117373	100.246316	143.827348	4.966833	
187	-8.886805	-14.695048	6.551438	-354.300706	-278.179728	354.300706	377.680694	-114.638845	-151.292864	114.638845	148.581965	4.838319	
188	-8.248059	-14.108226	6.552850	-382.420472	-303.106866	382.420472	400.466304	-131.201701	-154.940205	131.201701	152.343653	4.704644	
189	-7.523930	-13.485156	6.555734	-414.418712	-330.981188	414.418712	425.996582	-149.829007	-157.979091	149.829007	154.858941	4.565732	
190	-6.723541	-12.816830	6.559747	-451.409520	-361.815459	451.409520	454.281029	-170.456726	-160.272729	170.456726	155.904897	4.421543	
191	-5.856675	-12.096284	6.564447	-494.617986	-395.697732	494.617986	485.235252	-193.112894	-161.679234	193.112894	155.344303	4.272141	
192	-4.934372	-11.324328	6.569370	-544.708984	-432.580770	544.708984	518.552226	-217.843671	-162.085273	217.843671	153.140041	4.117767	
193	-3.967563	-10.504113	6.574069	-601.304630	-472.042840	601.304630	553.478881	-244.627529	-161.364132	244.627529	149.290689	3.958915	
194	-2.964485	-9.634198	6.578107	-663.351141	-513.395848	663.351141	588.897601	-273.369183	-159.341678	273.369183	143.778384	3.796388	
195	-1.930132	-8.709824	6.581051	-729.988804	-556.014311	729.988804	623.660034	-303.961756	-155.804975	303.961756	136.563774	3.631277	
196	-0.867698	-7.728261	6.582496	-800.652583	-599.354988	800.652583	656.672595	-336.351261	-150.582615	336.351261	127.644312	3.464937	
197	0.222149	-6.690948	6.582141	-874.731094	-642.885678	874.731094	686.921453	-370.647115	-143.593960	370.647115	117.074809	3.298994	
198	1.341969	-5.602690	6.579849	-951.765539	-686.161957	951.765539	713.623485	-407.151920	-134.749224	407.151920	104.867544	3.135252	
199	2.492755	-4.472728	6.575606	-1031.762672	-728.766540	1031.762672	736.258233	-446.142428	-123.936088	446.142428	90.994366	2.975488	
200	3.668807	-3.313824	6.569447	-1114.818055	-770.054416	1114.818055	754.393186	-487.625139	-111.157424	487.625139	75.524160	2.821167	
201	4.858464	-2.140700	6.561455	-1200.299864	-808.988414	1200.299864	767.562332	-531.283419	-96.581601	531.283419	58.667735	2.673190	
202	6.046093	-0.973201	6.551774	-1286.545500	-844.178188	1286.545500	775.380826	-576.486024	-80.489802	576.486024	40.730453	2.531962	
203	7.213289	0.164153	6.540574	-1371.282734	-874.045722	1371.282734	777.693210	-622.307856	-63.173995	622.307856	22.025225	2.397717	
204	8.343295	1.249216	6.527936	-1452.031562	-897.104017	1452.031562	774.607061	-667.730284	-44.816192	667.730284	2.751996	2.270654	
205	9.426035	2.266149	6.513747	-1526.092831	-912.206046	1526.092831	766.457943	-711.921502	-25.477356	711.921502	-17.033216	2.150875	
206	10.461934	3.206975	6.497739	-1590.606389	-918.663623	1590.606389	753.702146	-754.469193	-5.129466	754.469193	-37.391940	2.038386	
207	11.463021	4.074919	6.479703	-1643.049477	-916.261039	1643.049477	736.695948	-795.472544	16.381593	795.472544	-58.507485	1.933100	
208	12.449389	4.885753	6.459779	-1681.310014	-904.982831	1681.310014	715.315381	-835.276469	39.324340	835.276469	-80.631514	1.834755	
209	13.452292	5.676408	6.438774	-1703.081403	-884.854431	1703.081403	688.634654	-874.572131	64.213127	874.572131	-104.188105	1.742907	
210	14.519744	6.518572	6.418587	-1705.800594	-856.389359	1705.800594	655.047491	-915.147635	92.156497	915.147635	-130.078306	1.656983	
211	15.703026	7.504897	6.402648	-1687.030026	-820.788899	1687.030026	612.672327	-959.680903	124.727139	959.680903	-159.502537	1.576303	
212	17.033993	8.716718	6.396102	-1644.514582	-779.446904	1644.514582	559.590484	-1010.471137	163.325158	1010.471137	-193.310279	1.500181	
213	18.519029	10.218371	6.405663	-1576.056619	-733.660828	1576.056619	493.880222	-1068.959088	208.861108	1068.959088	-231.715676	1.428069	
214	20.150177	12.076771	6.439192	-1479.817149	-684.945075	1479.817149	413.781363	-1136.284572	261.828581	1136.284572	-274.469890	1.359632	
215	21.912847	14.368124	6.505166	-1355.267065	-635.394619	1355.267065	318.289183	-1213.576013	322.192489	1213.576013	-320.898256	1.294780	
216	23.779872	17.161534	6.612073	-1203.616120	-587.524122	1203.616120	207.849829	-1301.396337	388.895002	1301.396337	-369.579784	1.233621	
217	25.707511	20.502715	6.767688	-1027.943556	-543.947504	1027.943556	84.946447	-1399.177239	459.351367	1399.177239	-418.046448	1.176274	
218	27.638076	24.398265	6.978359	-834.645183	-507.408032	834.645183	-44.865354	-1505.043203	529.176522	1505.043203	-462.701327	1.122811	
219	29.499913	28.795176	7.248323	-634.359419	-480.599234	634.359419	-172.075804	-1615.559653	592.131111	1615.559653	-498.870629	1.073360	
220	31.213377	33.569406	7.579125	-440.210187	-465.484343	440.210187	-283.656259	-1725.779380	640.537995	1725.779380	-521.143366	1.028097	
221	32.703780	38.524541	7.969437	-265.491032	-462.667150	265.491032	-364.640752	-1829.630022	666.284683	1829.630022	-524.017902	0.987082	
222	33.903653	43.405784	8.415300	-121.368857	-470.908250	121.368857	-401.018127	-1919.889414	662.139411	1919.889414	-502.664445	0.950258	
223	34.744458	47.931471	8.910558	-12.906102	-486.629947	12.906102	-383.916488	-1988.209345	623.099404	1988.209345	-453.741584	0.917596	
224	35.153205	51.824004	9.447398	63.321960	-504.009415	-63.321960	-312.947722	-2025.901113	547.554272	2025.901113	-376.195449	0.889123	
225	35.069491	54.840695	10.016910	116.810014	-516.123779	-116.810014	-196.903916	-2025.555198	438.188557	2025.555198	-272.035437	0.864776	
226	34.478220	56.812265	10.609618	158.714507	-516.548878	-158.714507	-51.968271	-1983.158248	302.333498	1983.158248	-146.908106	0.844191	
227	33.420102	57.660522	11.215864	198.435376	-500.401848	-198.435376	101.707229	-1898.852834	151.126456	1898.852834	-9.936447	0.826653	
228	31.979499	57.387753	11.825831	242.293677	-464.525234	-242.293677	243.568385	-1775.866237	-2.173911	1775.866237	127.006609	0.811323	
229	30.282731	56.077883	12.429197	293.870691	-407.659369	-293.870691	356.062942	-1619.886872	-144.077957	1619.886872	250.324295	0.797441	
230	28.490426	53.900250	13.014802	353.956678	-330.860820	-353.956678	428.289285	-1438.945436	-263.056084	1438.945436	346.400325	0.784392	
231	26.763999	51.079874	13.570403	420.753305	-237.141858	-420.753305	457.484633	-1242.019917	-351.397402	1242.019917	403.529051	0.771742	
232	25.231480	47.859745	14.082233	490.769287	-130.569573	-490.769287	447.527731	-1037.046662	-406.018987	1037.046662	413.430720	0.759234	
233	23.965214	44.481713	14.534576	558.968982	-15.830376	-558.968982	406.730245	-829.884073	-428.553726	829.884073	372.702495	0.746827	
234	22.959841	41.165604	14.909728	619.509234	102.145018	-619.509234	345.228887	-624.102147	-424.857366	624.102147	284.185964	0.734692	
235	22.126776	38.080818	15.188428	666.353441	218.379809	-666.353441	272.573898	-421.354064	-403.793918	421.354064	157.452158	0.723079	
236	21.328537	35.326366	15.350826	692.579174	327.341247	-692.579174	196.889319	-222.485713	-375.744168	222.485713	7.863945	0.712256	
237	20.435287	32.913665	15.378226	691.725053	422.507638	-691.725053	125.315826	-29.016898	-351.249177	29.016898	-145.843520	0.702550	
238	19.384187	30.758170	15.256072	661.538483	496.179615	-661.538483	66.490647	154.876048	-340.013620	-154.876048	-284.721831	0.694401	
239	18.239826	28.713919	14.979018	606.900198	539.323412	-606.900198	35.993597	319.781200	-350.689999	-319.781200	-391.833888	0.688388	
240	17.211286	26.641857	14.558662	539.718321	543.046770	-539.718321	60.284887	450.284485	-390.336947	-450.284485	-452.673352	0.685155	
241	16.570388	24.468596	14.032252	473.690905	502.777499	-473.690905	170.909830	529.419324	-461.235901	-529.419324	-455.116789	0.685356	
242	16.516372	22.221988	13.467264	415.201344	422.737297	-415.201344	388.809516	548.021838	-556.611504	-548.021838	-391.299115	0.689619	
243	17.116610	20.031960	12.954724	358.012359	316.276429	-358.012359	712.960933	511.982161	-661.826153	-511.982161	-261.162679	0.698320	
244	18.379568	18.020187	12.588101	288.516389	200.106563	-288.516389	1125.053432	438.701224	-763.038244	-438.701224	-72.706889	0.711429	
245	20.321389	16.059054	12.435338	199.254806	87.232291	-199.254806	1597.660944	346.764677	-852.994908	-346.764677	163.102164	0.728717	
246	22.871823	13.643562	12.518470	102.407918	-14.759544	-102.407918	2088.297857	253.943445	-925.975973	-253.943445	433.848360	0.749961	
247	25.697054	10.084752	12.808361	38.759107	-100.676951	-38.759107	2527.747676	186.328312	-970.264735	-186.328312	714.644641	0.774872	
248	28.138035	4.873272	13.231787	77.519429	-165.285899	-77.519429	2824.295663	183.211552	-969.125962	-183.211552	953.541135	0.803012	
249	29.389871	-2.004698	13.686687	294.925194	-203.976062	-294.925194	2895.666349	282.851466	-910.188783	-282.851466	1078.992970	0.833868	
250	28.867195	-9.914088	14.065230	726.970657	-215.392619	-726.970657	2717.225053	493.100772	-794.554312	-493.100772	1041.799284	0.866939	
251	26.460630	-17.734084	14.282591	1325.367241	-203.282268	-1325.367241	2345.649880	773.073226	-636.744947	-773.073226	856.003413	0.901739	
252	22.488858	-24.331372	14.300416	1965.697329	-175.522435	-1965.697329	1889.534120	1049.499511	-457.111869	-1049.499511	590.934636	0.937752	
253	17.501445	-29.024915	14.131591	2511.629654	-141.020796	-2511.629654	1452.648744	1256.725440	-276.308070	-1256.725440	325.050031	0.974385	
254	12.104254	-31.741406	13.825232	2880.274255	-106.782602	-2880.274255	1096.221600	1365.795624	-113.705640	-1365.795624	109.815530	1.010979	
255	6.853042	-32.859458	13.443667	3061.658877	-76.875262	-3061.658877	837.123888	1385.334227	14.440887	-1385.334227	-35.776161	1.046855	
256	2.210329	-32.934926	13.043711	3094.164829	-52.984370	-3094.164829	666.736415	1344.253777	97.539056	-1344.253777	-113.368373	1.081312	
257	-1.476399	-32.449690	12.666973	3025.538247	-35.121110	-3025.538247	569.039530	1273.943639	132.187765	-1273.943639	-133.718859	1.113648	
258	-3.999024	-31.676857	12.337533	2887.416704	-22.094409	-2887.416704	528.426427	1198.696817	122.110993	-1198.696817	-111.164230	1.143295	
259	-5.285059	-30.696110	12.063804	2693.089854	-12.139869	-2693.089854	531.254548	1133.299022	76.408791	-1133.299022	-61.064958	1.169938	
260	-5.342578	-29.469054	11.842588	2448.967774	-3.687048	-2448.967774	567.221737	1083.598310	6.750299	-1083.598310	2.408481	1.193504	
261	-4.218103	-27.894194	11.664234	2165.393007	4.039615	-2165.393007	629.631760	1047.615392	-74.844434	-1047.615392	67.755874	1.214082	
262	-2.012490	-25.846265	11.517846	1861.793318	10.630963	-1861.793318	713.285325	1017.398590	-157.329994	-1017.398590	126.804855	1.231765	
263	1.079839	-23.223749	11.395549	1566.898132	14.391965	-1566.898132	812.548748	982.041295	-231.888727	-982.041295	175.223207	1.246690	
264	4.752683	-19.997294	11.294985	1314.886769	12.629899	-1314.886769	919.988037	932.452936	-292.914492	-932.452936	212.583909	1.259334	
265	8.607488	-16.238018	11.219269	1138.539983	2.462209	-1138.539983	1024.495589	866.991788	-338.061450	-866.991788	241.332945	1.270508	
266	12.212365	-12.125301	11.174007	1059.687754	-17.755623	-1059.687754	1110.597100	794.559289	-367.228851	-794.559289	264.601617	1.280998	
267	15.187786	-7.935384	11.162167	1080.263733	-46.928857	-1080.263733	1160.379165	732.635347	-380.846870	-732.635347	283.598261	1.291384	
268	17.264570	-3.996349	11.179338	1180.422504	-80.711602	-1180.422504	1158.598700	700.187064	-379.194987	-700.187064	296.541535	1.302179	
269	18.302917	-0.613662	11.212524	1326.887752	-112.729116	-1326.887752	1100.307094	708.831558	-363.486070	-708.831558	300.213989	1.314002	
270	18.305392	1.996635	11.243409	1486.265357	-137.029004	-1486.265357	994.736039	758.223272	-336.614065	-758.223272	292.473701	1.327552	
271	17.402765	3.752417	11.253698	1635.140409	-150.155039	-1635.140409	860.342571	838.232675	-302.416432	-838.232675	273.589793	1.343490	
272	15.805475	4.728974	11.229465	1763.163833	-151.698116	-1763.163833	715.507216	934.416691	-264.495105	-934.416691	245.908491	1.362241	
273	13.761252	5.129103	11.163149	1869.397401	-143.528625	-1869.397401	573.052806	1032.348900	-225.651843	-1032.348900	212.794507	1.383567	
274	11.529312	5.210022	11.053644	1955.939391	-128.648061	-1955.939391	440.289240	1119.659187	-188.026441	-1119.659187	177.796729	1.406307	
275	9.359517	5.231732	10.905353	2023.271485	-110.228104	-2023.271485	320.046549	1186.927649	-153.252977	-1186.927649	144.036748	1.428842	
276	7.471758	5.415760	10.726823	2068.756980	-90.923927	-2068.756980	211.815702	1228.275475	-122.433295	-1228.275475	113.833526	1.449876	
277	6.028437	5.891390	10.529271	2087.844085	-72.620971	-2087.844085	114.590225	1241.518147	-96.230771	-1241.518147	88.706979	1.468623	
278	5.105946	6.679720	10.324921	2076.236803	-56.507406	-2076.236803	28.653310	1227.874172	-74.912149	-1227.874172	69.412330	1.484566	
279	4.688312	7.723740	10.125195	2031.692731	-43.104192	-2031.692731	-45.212184	1191.455929	-58.299502	-1191.455929	55.959311	1.497346	
280	4.694138	8.917431	9.939239	1955.056555	-32.456246	-1955.056555	-106.046361	1138.130610	-45.920308	-1138.130610	47.881796	1.506769	
281	5.011194	10.129220	9.773098	1850.277212	-24.497082	-1850.277212	-152.503462	1074.143113	-37.147686	-1074.143113	44.477596	1.512838	
282	5.513119	11.233631	9.629463	1723.957814	-18.970562	-1723.957814	-184.158082	1005.569750	-31.119735	-1005.569750	44.747828	1.515905	
283	6.074079	12.129270	9.507919	1584.813490	-15.372340	-1584.813490	-201.873444	937.829030	-26.794279	-937.829030	47.400563	1.516710	
284	6.590506	12.741954	9.405614	1442.639052	-13.404682	-1442.639052	-206.691680	874.784850	-23.195443	-874.784850	51.071961	1.516237	
285	6.994337	13.030153	9.318217	1306.712466	-13.185389	-1306.712466	-199.826363	818.462584	-19.575581	-818.462584	54.540673	1.515545	
286	7.254119	12.985094	9.240968	1184.204521	-15.021942	-1184.204521	-183.209434	769.433909	-15.450480	-769.433909	56.864092	1.515662	
287	7.366473	12.625998	9.169501	1079.319760	-19.070280	-1079.319760	-159.483323	727.291028	-10.589717	-727.291028	57.429323	1.517554	
288	7.342503	11.991334	9.100248	993.463811	-25.062982	-993.463811	-131.617987	691.136204	-4.998971	-691.136204	55.934865	1.522132	
289	7.200084	11.125827	9.030485	926.104013	-32.384291	-926.104013	-102.380195	659.994212	1.159249	-659.994212	52.347031	1.530158	
290	6.963488	10.080610	8.958273	875.503349	-40.328891	-875.503349	-73.927754	632.900685	7.636666	-632.900685	46.869291	1.542117	
291	6.660493	8.921036	8.882426	839.045358	-48.167535	-839.045358	-47.690451	608.871326	14.103926	-608.871326	39.890036	1.558174	
292	6.312611	7.718616	8.802436	813.613101	-55.092788	-813.613101	-24.491895	587.040696	20.210506	-587.040696	31.839202	1.578271	
293	5.929363	6.532824	8.718329	795.976978	-60.366067	-795.976978	-4.706495	566.764389	25.686342	-566.764389	23.067910	1.602189	
294	5.513125	5.402441	8.630474	782.985328	-63.599529	-782.985328	11.633062	547.545681	30.389449	-547.545681	13.849882	1.629508	
295	5.062902	4.350616	8.539403	771.794439	-64.772374	-771.794439	24.629649	528.999453	34.324990	-528.999453	4.389161	1.659617	
296	4.573212	3.393872	8.445623	760.145570	-63.895828	-760.145570	34.147486	510.969352	37.630953	-510.969352	-5.195405	1.691839	
297	4.037544	2.542437	8.349497	746.493934	-60.819279	-746.493934	39.636602	493.632603	40.529179	-493.632603	-14.841346	1.725578	
298	3.452168	1.795756	8.251158	729.874625	-55.412954	-729.874625	40.392029	477.396482	43.322258	-477.396482	-24.532345	1.760340	
299	2.818022	1.146926	8.150406	709.700066	-47.738396	-709.700066	35.944300	462.579345	46.341975	-462.579345	-34.262434	1.795683	
300	2.144805	0.589834	8.046804	685.749987	-38.070405	-685.749987	26.371914	449.141857	49.790569	-449.141857	-43.932030	1.831221	
301	1.448406	0.117632	7.939912	658.030265	-26.850340	-658.030265	12.293444	436.723310	53.710566	-436.723310	-53.357852	1.866662	
302	0.742606	-0.282346	7.829412	626.632951	-14.540266	-626.632951	-5.530680	424.870413	58.129405	-424.870413	-62.414817	1.901747	
303	0.032855	-0.633377	7.715013	591.987363	-1.469623	-591.987363	-26.555925	413.281076	63.179591	-413.281076	-71.151429	1.936135	
304	-0.687379	-0.967258	7.596244	554.931318	12.195473	-554.931318	-50.499483	401.909771	69.094414	-401.909771	-79.771548	1.969358	
305	-1.429660	-1.306619	7.472332	516.374773	26.292022	-516.374773	-77.006555	390.755059	76.042526	-390.755059	-88.442124	2.000900	
306	-2.194799	-1.650740	7.342429	477.167916	40.472013	-477.167916	-105.240710	379.634242	83.910722	-379.634242	-97.080619	2.030328	
307	-2.972151	-1.990412	7.206003	438.367920	54.288814	-438.367920	-134.065431	368.361410	92.365543	-368.361410	-105.426060	2.057427	
308	-3.750152	-2.331562	7.062965	401.477801	67.289500	-401.477801	-162.287681	356.881718	101.067707	-356.881718	-113.238116	2.082166	
309	-4.511587	-2.685823	6.913622	368.001291	78.880689	-368.001291	-188.367958	344.997211	109.580864	-344.997211	-120.201090	2.104552	
310	-5.228766	-3.044018	6.758804	338.585312	88.472765	-338.585312	-210.694546	332.345676	117.277964	-332.345676	-125.843683	2.124569	
311	-5.875397	-3.383326	6.600009	313.094305	95.793950	-313.094305	-228.314732	318.770768	123.596295	-318.770768	-129.798859	2.142247	
312	-6.436331	-3.694202	6.439272	291.293350	100.852661	-291.293350	-240.917397	304.405791	128.235251	-304.405791	-131.975202	2.157710	
313	-6.905886	-3.981017	6.278847	272.778023	103.766241	-272.778023	-248.467519	289.456813	131.064324	-289.456813	-132.425657	2.171135	
314	-7.280121	-4.247126	6.120952	256.740564	104.646992	-256.740564	-250.985221	274.015357	132.001857	-274.015357	-131.219518	2.182735	
315	-7.553605	-4.493971	5.967536	242.396389	103.562196	-242.396389	-248.483179	258.008107	131.056340	-258.008107	-128.486895	2.192778	
316	-7.724810	-4.724450	5.820049	229.271247	100.660087	-229.271247	-241.223542	241.345969	128.403032	-241.345969	-124.477952	2.201559	
317	-7.794236	-4.936296	5.679377	216.968916	96.206202	-216.968916	-229.771503	224.029540	124.284066	-224.029540	-119.446531	2.209355	
318	-7.752821	-5.118985	5.546016	205.092237	90.385540	-205.092237	-214.530453	206.032619	118.799147	-206.032619	-113.443001	2.216426	
319	-7.579740	-5.252437	5.420292	193.145196	83.278527	-193.145196	-195.700406	187.256978	111.863154	-187.256978	-106.297137	2.223018	
320	-7.256002	-5.290647	5.302517	180.014928	75.196416	-180.014928	-174.165717	167.728768	103.395719	-167.728768	-97.845783	2.229336	
321	-6.773366	-5.164430	5.192993	164.126623	66.732433	-164.126623	-151.712628	147.664368	93.462741	-147.664368	-88.106973	2.235531	
322	-6.120125	-4.829848	5.091938	144.788831	58.148528	-144.788831	-129.407991	127.130767	82.158851	-127.130767	-77.139217	2.241754	
323	-5.271917	-4.295903	4.999665	122.731389	49.061834	-122.731389	-106.560310	105.823639	69.494080	-105.823639	-64.870417	2.248228	
324	-4.211238	-3.595097	4.916822	98.954988	38.969235	-98.954988	-81.926250	83.295519	55.514852	-83.295519	-51.224972	2.255211	
325	-2.944195	-2.750847	4.844384	73.734184	27.682628	-73.734184	-54.908892	59.162121	40.398026	-59.162121	-36.265832	2.262938	
326	-1.503122	-1.768944	4.783700	46.589745	15.289725	-46.589745	-25.645770	33.129591	24.426915	-33.129591	-20.202515	2.271634	
327	0.049299	-0.660812	4.736522	16.739389	2.018021	-16.739389	5.338900	4.968182	8.019328	-4.968182	-3.420254	2.281485	
328	1.615777	0.514513	4.704546	-16.326590	-11.795527	16.326590	37.470772	-25.412603	-8.198801	25.412603	13.459779	2.292590	
329	3.079232	1.656718	4.688677	-52.721509	-25.661237	52.721509	70.013214	-57.768500	-23.453418	57.768500	29.639316	2.304992	
330	4.283633	2.630488	4.688522	-90.982461	-38.454438	90.982461	100.711081	-90.297767	-36.479320	90.297767	43.726305	2.318678	
331	5.140985	3.346450	4.701887	-128.930706	-49.221566	128.930706	127.476844	-120.925975	-46.420140	120.925975	54.706438	2.333452	
332	5.315469	3.502814	4.723786	-151.506262	-54.066907	151.506262	141.181604	-138.075540	-49.420352	138.075540	57.971190	2.348776	
333	5.336697	3.526436	4.746096	-172.090262	-57.243229	172.090262	151.194179	-152.718298	-50.698953	152.718298	59.306683	2.363759	
