kww	// User ID
24-6-2021	// Evaluation date
p19_e_75_step_002	24-6-2021	12:15:39:856	// Source file name and timestamp
357.143	// Sampling rate
0.781	// Data capture period

2.030000	// height
96.800000	// mass


Sample #	elbVar	shldrIR	LwristLinVelo	thorJFPd	thorSTPd	UaJFPp	UaSTPp	UaJFPd	UaSTPd	FaJFPp	FaSTPp	RwristLinVelo	
0	6.080914	4.803831	3.035613	-16.458917	8.659252	16.458917	-54.196601	-4.902856	25.343725	4.902856	-54.338093	2.670071	
1	6.113588	4.662065	3.051942	-12.134813	8.208455	12.134813	-49.950997	-4.742165	25.034392	4.742165	-56.254575	2.599381	
2	6.299457	4.654633	3.061594	-8.972468	8.198940	8.972468	-48.109184	-4.477735	25.305005	4.477735	-59.351102	2.530375	
3	5.622974	3.955984	3.066480	-2.101776	6.344810	2.101776	-37.495301	-3.703848	22.216863	3.703848	-54.789799	2.467919	
4	4.586026	2.977998	3.069836	5.588808	3.872150	-5.588808	-24.563533	-2.425184	17.963090	2.425184	-47.224169	2.420085	
5	3.256299	1.774262	3.072966	13.879439	0.983907	-13.879439	-10.064110	-0.636668	12.842948	0.636668	-37.403734	2.390183	
6	1.802550	0.489124	3.076305	22.288032	-1.958386	-22.288032	4.679602	1.463729	7.436914	-1.463729	-26.771050	2.379793	
7	0.329608	-0.767054	3.080206	30.526309	-4.814656	-30.526309	19.316007	3.446353	2.008034	-3.446353	-15.820174	2.388748	
8	-1.077704	-1.897857	3.086094	38.317258	-7.524083	-38.317258	33.733884	4.791294	-3.264812	-4.791294	-4.722291	2.415839	
9	-2.358487	-2.865667	3.096134	45.551976	-9.993777	-45.551976	47.767409	5.334780	-8.237278	-5.334780	6.100351	2.459175	
10	-3.474341	-3.691183	3.111803	52.145514	-12.076149	-52.145514	61.078584	5.297815	-12.782800	-5.297815	15.936213	2.516423	
11	-4.403146	-4.389256	3.133227	58.040218	-13.693245	-58.040218	73.356337	4.874765	-16.809632	-4.874765	24.289146	2.585075	
12	-5.135192	-4.942827	3.159759	63.246810	-14.889556	-63.246810	84.455750	4.021659	-20.267852	-4.021659	31.107365	2.662676	
13	-5.678169	-5.337081	3.190986	67.631316	-15.761851	-67.631316	94.373356	2.579060	-23.166460	-2.579060	36.663973	2.746950	
14	-6.049233	-5.577285	3.227017	71.024536	-16.380184	-71.024536	103.110260	0.524104	-25.525122	-0.524104	41.136509	2.835937	
15	-6.268368	-5.692186	3.267853	73.501715	-16.765771	-73.501715	110.618242	-1.949929	-27.343765	1.949929	44.431239	2.928067	
16	-6.361007	-5.725257	3.312928	75.218885	-16.919970	-75.218885	116.895744	-4.619953	-28.653903	4.619953	46.489094	3.022044	
17	-6.355174	-5.707830	3.361380	76.227381	-16.860517	-76.227381	122.044189	-7.365493	-29.533955	7.365493	47.450053	3.116703	
18	-6.275281	-5.658568	3.412223	76.627228	-16.615441	-76.627228	126.173009	-10.061759	-30.055526	10.061759	47.405989	3.211107	
19	-6.141255	-5.592618	3.464107	76.666688	-16.222316	-76.666688	129.371445	-12.546793	-30.260469	12.546793	46.321687	3.304645	
20	-5.971941	-5.527812	3.515405	76.449175	-15.711440	-76.449175	131.735177	-14.721904	-30.203896	14.721904	44.276517	3.396886	
21	-5.783670	-5.489242	3.564569	75.791162	-15.079056	-75.791162	133.324051	-16.534313	-29.967576	16.534313	41.468183	3.487390	
22	-5.591295	-5.485640	3.610266	74.662636	-14.353057	-74.662636	134.306302	-17.961045	-29.648442	17.961045	38.124572	3.575756	
23	-5.412648	-5.503560	3.651472	73.352751	-13.617063	-73.352751	135.064581	-19.081466	-29.374216	19.081466	34.634765	3.661712	
24	-5.260000	-5.521912	3.687799	72.177540	-12.943829	-72.177540	136.000795	-20.112269	-29.264465	20.112269	31.528673	3.745054	
25	-5.126082	-5.522097	3.719664	71.204577	-12.344297	-71.204577	137.186586	-21.239032	-29.314451	21.239032	29.042910	3.825613	
26	-4.991304	-5.508634	3.747759	70.150880	-11.760473	-70.150880	138.249038	-22.396953	-29.404623	22.396953	26.923131	3.903339	
27	-4.851332	-5.496429	3.772487	68.924328	-11.161594	-68.924328	138.914402	-23.385545	-29.496774	23.385545	24.927811	3.978295	
28	-4.717038	-5.478362	3.793986	67.935937	-10.598400	-67.935937	139.305888	-24.110176	-29.655344	24.110176	23.107306	4.050545	
29	-4.581622	-5.430997	3.812353	67.419745	-10.103537	-67.419745	139.401758	-24.605908	-29.824191	24.605908	21.453942	4.120145	
30	-4.424346	-5.338019	3.827673	67.189786	-9.657497	-67.189786	138.900589	-24.932671	-29.839914	24.932671	19.821680	4.187229	
31	-4.249478	-5.204128	3.840048	67.173767	-9.264330	-67.173767	137.806737	-25.118252	-29.710841	25.118252	18.276492	4.251965	
32	-4.083899	-5.049157	3.849764	67.502169	-8.958041	-67.502169	136.517917	-25.188493	-29.627258	25.188493	17.095783	4.314392	
33	-3.942021	-4.888906	3.857322	68.138601	-8.746421	-68.138601	135.315865	-25.195508	-29.708422	25.195508	16.418767	4.374418	
34	-3.820227	-4.727954	3.863274	68.838226	-8.607922	-68.838226	134.207316	-25.193460	-29.940738	25.193460	16.184989	4.432043	
35	-3.713707	-4.565814	3.868087	69.475818	-8.536560	-69.475818	133.162066	-25.182207	-30.292502	25.182207	16.293769	4.487466	
36	-3.621838	-4.398382	3.872151	70.205783	-8.563702	-70.205783	132.255920	-25.115186	-30.754535	25.115186	16.673535	4.540931	
37	-3.542387	-4.216813	3.875940	71.132119	-8.716733	-71.132119	131.570770	-25.001598	-31.296737	25.001598	17.284927	4.592519	
38	-3.468571	-4.020246	3.880078	71.937365	-8.960375	-71.937365	131.004225	-24.905217	-31.855104	24.905217	18.081508	4.642089	
39	-3.393668	-3.819491	3.885153	72.191278	-9.226294	-72.191278	130.335397	-24.854753	-32.381062	24.854753	18.996434	4.689329	
40	-3.316645	-3.617553	3.891632	71.856415	-9.492296	-71.856415	129.480614	-24.866044	-32.868569	24.866044	20.003162	4.733887	
41	-3.235838	-3.410826	3.899947	70.920839	-9.756530	-70.920839	128.389719	-24.959231	-33.289071	24.959231	21.066145	4.775504	
42	-3.134594	-3.201553	3.910354	68.905190	-9.967034	-68.905190	126.691924	-25.094790	-33.495925	25.094790	21.974286	4.814029	
43	-2.985507	-2.986199	3.922635	65.357747	-10.054461	-65.357747	123.802177	-25.196132	-33.260713	25.196132	22.381264	4.849278	
44	-2.767651	-2.753583	3.936090	60.356356	-9.979364	-60.356356	119.318896	-25.221719	-32.397509	25.221719	22.008355	4.880946	
45	-2.475517	-2.501653	3.949732	54.263871	-9.723332	-54.263871	113.183736	-25.157495	-30.846214	25.157495	20.750562	4.908607	
46	-2.125749	-2.243770	3.962611	47.445004	-9.297665	-47.445004	105.738411	-25.004823	-28.752305	25.004823	18.757868	4.931791	
47	-1.748075	-1.997898	3.974187	40.205874	-8.742532	-40.205874	97.539602	-24.797787	-26.386590	24.797787	16.348614	4.950008	
48	-1.360566	-1.768223	3.984267	32.912881	-8.105706	-32.912881	89.011062	-24.587504	-23.905855	24.587504	13.720560	4.962696	
49	-0.967953	-1.543923	3.992757	26.133462	-7.450679	-26.133462	80.464392	-24.418950	-21.331160	24.418950	10.917863	4.969364	
50	-0.570310	-1.319311	3.999646	20.342252	-6.832725	-20.342252	72.107260	-24.294590	-18.656002	24.294590	7.954547	4.969828	
51	-0.162061	-1.104090	4.004831	15.708043	-6.262788	-15.708043	63.973012	-24.164370	-15.851304	24.164370	4.818595	4.964216	
52	0.263407	-0.912061	4.007916	12.247051	-5.736047	-12.247051	56.093755	-23.972826	-12.880244	23.972826	1.500772	4.952782	
53	0.710723	-0.749645	4.008372	9.722739	-5.258684	-9.722739	48.504090	-23.661662	-9.724866	23.661662	-1.976631	4.935786	
54	1.179045	-0.614503	4.005730	7.528350	-4.844032	-7.528350	41.191549	-23.183868	-6.414862	23.183868	-5.516483	4.913509	
55	1.661473	-0.495413	3.999619	5.045409	-4.512067	-5.045409	34.166796	-22.536952	-3.001950	22.536952	-8.963651	4.886331	
56	2.160510	-0.373993	3.989664	2.257694	-4.282315	-2.257694	27.392677	-21.712978	0.579713	21.712978	-12.289797	4.854753	
57	2.690279	-0.230953	3.975374	-0.216172	-4.164182	0.216172	20.731796	-20.666052	4.509046	20.666052	-15.602489	4.819405	
58	3.261839	-0.049612	3.956232	-1.917128	-4.150683	1.917128	13.951246	-19.344129	8.919563	19.344129	-18.966318	4.781051	
59	3.879189	0.181208	3.931801	-2.976765	-4.216545	2.976765	6.796876	-17.714772	13.844101	17.714772	-22.351912	4.740525	
60	4.539203	0.465648	3.901634	-3.788592	-4.331736	3.788592	-0.827081	-15.782520	19.218051	15.782520	-25.637215	4.698661	
61	5.223926	0.804847	3.865265	-4.747800	-4.476117	4.747800	-8.756301	-13.625228	24.830031	13.625228	-28.552394	4.656301	
62	5.898947	1.196915	3.822592	-6.228083	-4.634879	6.228083	-16.575925	-11.417711	30.316237	11.417711	-30.714858	4.614337	
63	6.532734	1.636587	3.774184	-8.549471	-4.780253	8.549471	-23.865605	-9.349256	35.316208	9.349256	-31.840010	4.573690	
64	7.111915	2.120103	3.721017	-12.051882	-4.866524	12.051882	-30.451627	-7.538739	39.601344	7.538739	-31.853766	4.535330	
65	7.626947	2.645513	3.664169	-17.244471	-4.849521	17.244471	-36.256775	-6.099310	42.976954	6.099310	-30.743663	4.500279	
66	8.059315	3.208985	3.605010	-24.702546	-4.698365	24.702546	-41.132257	-5.209088	45.209760	5.209088	-28.482145	4.469519	
67	8.389067	3.800518	3.545418	-34.819039	-4.391929	34.819039	-44.917862	-5.059937	46.102754	5.059937	-25.096056	4.443904	
68	8.600512	4.402872	3.487604	-47.707525	-3.927873	47.707525	-47.464272	-5.786703	45.527992	5.786703	-20.652212	4.424100	
69	8.690322	4.995960	3.433812	-63.265813	-3.316664	63.265813	-48.766643	-7.407659	43.488559	7.407659	-15.275033	4.410531	
70	8.697244	5.552524	3.385857	-81.125074	-2.541087	81.125074	-49.316024	-9.617587	40.319882	9.617587	-9.280106	4.403370	
71	8.707473	6.037670	3.344309	-100.249233	-1.563006	100.249233	-49.955698	-11.713576	36.679454	11.713576	-3.123449	4.402493	
72	8.789637	6.430894	3.308276	-118.954288	-0.400134	118.954288	-51.049169	-13.102121	33.079694	13.102121	2.924031	4.407407	
73	8.949242	6.736724	3.276384	-135.659681	0.858376	135.659681	-52.218246	-13.716708	29.614471	13.716708	8.894033	4.417303	
74	9.165581	6.969786	3.247669	-149.325241	2.125870	149.325241	-52.994266	-13.734071	26.244870	13.734071	14.862753	4.431046	
75	9.423062	7.141095	3.221652	-159.380189	3.347736	159.380189	-53.155293	-13.279188	22.980498	13.279188	20.836366	4.447107	
76	9.703217	7.255815	3.198246	-165.637920	4.473264	165.637920	-52.555587	-12.482688	19.789085	12.482688	26.849200	4.463503	
77	9.986863	7.316176	3.177726	-168.189235	5.446211	168.189235	-51.086882	-11.507653	16.618305	11.507653	32.949443	4.477950	
78	10.260497	7.325243	3.160609	-167.332217	6.203594	167.332217	-48.679554	-10.533706	13.438730	10.533706	39.173299	4.488197	
79	10.498069	7.295042	3.147606	-163.848700	6.682561	163.848700	-45.264463	-9.906993	10.176602	9.906993	45.560623	4.492432	
80	10.653738	7.246290	3.139760	-159.116749	6.857595	159.116749	-40.880944	-10.151868	6.724968	10.151868	52.079854	4.489421	
81	10.696431	7.193193	3.138375	-154.402147	6.761058	154.402147	-35.774293	-11.593342	3.069896	11.593342	58.576364	4.478589	
82	10.635782	7.139380	3.144590	-150.230475	6.455795	150.230475	-30.289151	-14.110674	-0.673749	14.110674	64.858021	4.460146	
83	10.508922	7.082919	3.159055	-146.481304	5.991158	146.481304	-24.651344	-17.306766	-4.373590	17.306766	70.842348	4.435074	
84	10.356390	7.017007	3.181963	-142.778382	5.388009	142.778382	-18.935714	-20.760762	-7.956502	20.760762	76.581551	4.404934	
85	10.210956	6.940723	3.213101	-138.911159	4.670468	138.911159	-13.281281	-24.143391	-11.363853	24.143391	82.115944	4.371727	
86	10.100137	6.865495	3.251792	-134.857612	3.870554	134.857612	-7.888099	-27.213557	-14.543766	27.213557	87.448108	4.337873	
87	10.045971	6.802230	3.297074	-130.492642	2.981501	130.492642	-2.740988	-29.804062	-17.527568	29.804062	92.698119	4.306089	
88	10.055664	6.751289	3.348189	-125.657202	1.955491	125.657202	2.429822	-31.874580	-20.444509	31.874580	98.122666	4.279132	
89	10.121019	6.706919	3.404769	-120.442185	0.762319	120.442185	7.837196	-33.539010	-23.419978	33.539010	103.909653	4.259624	
90	10.240051	6.671096	3.466543	-115.056838	-0.592819	115.056838	13.423359	-34.887325	-26.480752	34.887325	110.052266	4.249941	
91	10.422909	6.652519	3.533094	-109.517979	-2.123462	109.517979	19.117036	-35.898350	-29.630421	35.898350	116.528744	4.252022	
92	10.664739	6.649307	3.604082	-103.861632	-3.855032	103.861632	25.074897	-36.687741	-32.949133	36.687741	123.445347	4.267246	
93	10.944927	6.656979	3.679505	-98.434424	-5.751901	98.434424	31.440856	-37.523649	-36.513483	37.523649	130.871289	4.296427	
94	11.238800	6.678444	3.759614	-93.763754	-7.709063	93.763754	38.157095	-38.649600	-40.317069	38.649600	138.665417	4.339848	
95	11.507139	6.708808	3.844723	-90.465916	-9.574354	90.465916	45.036776	-40.322024	-44.294689	40.322024	146.485516	4.397270	
96	11.722492	6.744635	3.934992	-89.051100	-11.205975	89.051100	51.812373	-42.647800	-48.369789	42.647800	153.984713	4.467996	
97	11.887135	6.793411	4.030297	-89.665055	-12.532809	89.665055	58.269626	-45.492371	-52.505601	45.492371	160.983367	4.551005	
98	11.997321	6.849446	4.130351	-92.225117	-13.514527	92.225117	64.346478	-48.753846	-56.694704	48.753846	167.391646	4.644923	
99	12.048836	6.899586	4.234843	-96.523484	-14.142394	96.523484	70.072350	-52.370289	-60.957993	52.370289	173.235798	4.747955	
100	12.059537	6.945169	4.343418	-102.125380	-14.483055	102.125380	75.532578	-56.167977	-65.355956	56.167977	178.681972	4.858026	
101	12.043368	6.984918	4.455557	-108.318536	-14.642398	108.318536	80.806944	-59.931818	-69.896431	59.931818	183.750433	4.973099	
102	11.997432	7.002205	4.570498	-114.269504	-14.721679	114.269504	85.908297	-63.515926	-74.501331	63.515926	188.276066	5.091404	
103	11.918692	6.981411	4.687364	-119.363523	-14.805566	119.363523	90.845401	-66.859539	-79.094063	66.859539	192.184543	5.211400	
104	11.809785	6.915291	4.805391	-123.255514	-14.973326	123.255514	95.694170	-69.936934	-83.628791	69.936934	195.532982	5.331650	
105	11.674597	6.801656	4.923972	-125.697825	-15.304245	125.697825	100.550085	-72.731010	-88.054713	72.731010	198.355246	5.450870	
106	11.512828	6.642168	5.042481	-126.544155	-15.850511	126.544155	105.454778	-75.254725	-92.293433	75.254725	200.583243	5.567978	
107	11.315283	6.435590	5.160138	-125.721484	-16.623512	125.721484	110.406699	-77.556491	-96.227953	77.556491	202.054311	5.682018	
108	11.063024	6.175521	5.276077	-123.247434	-17.579281	123.247434	115.274586	-79.692142	-99.691288	79.692142	202.531937	5.792103	
109	10.743023	5.865650	5.389446	-119.286195	-18.634487	119.286195	119.735515	-81.636466	-102.534263	81.636466	201.824621	5.897434	
110	10.365264	5.524162	5.499458	-113.856024	-19.756272	113.856024	123.570737	-83.247803	-104.735963	83.247803	199.951897	5.997370	
111	9.946101	5.162085	5.605484	-106.863661	-20.977504	106.863661	126.832251	-84.427607	-106.345745	84.427607	197.068986	6.091572	
112	9.490061	4.775288	5.707121	-98.484076	-22.343121	98.484076	129.688894	-85.220779	-107.387285	85.220779	193.328164	6.179962	
113	9.001977	4.359384	5.804167	-88.983161	-23.926926	88.983161	132.443370	-85.722307	-107.927446	85.722307	188.949599	6.262416	
114	8.497651	3.916858	5.896629	-78.570669	-25.834996	78.570669	135.502653	-86.040053	-108.150074	86.040053	184.302473	6.338556	
115	7.991759	3.450685	5.984765	-67.585378	-28.137311	67.585378	139.093600	-86.303230	-108.252386	86.303230	179.737768	6.407774	
116	7.484287	2.957323	6.069036	-56.394697	-30.854770	56.394697	143.203117	-86.635973	-108.315991	86.635973	175.408567	6.469204	
117	6.974064	2.428986	6.149974	-45.175544	-34.082425	45.175544	147.970475	-87.226767	-108.495365	87.226767	171.586893	6.521716	
118	6.473813	1.862610	6.228079	-33.873772	-38.040947	33.873772	153.857037	-88.292805	-109.142921	88.292805	168.795068	6.564056	
119	5.986110	1.255695	6.303709	-22.322611	-42.876716	22.322611	161.014147	-89.826382	-110.352326	89.826382	167.079439	6.594965	
120	5.491730	0.598932	6.377061	-10.555886	-48.579871	10.555886	169.072653	-91.658497	-111.836061	91.658497	165.943385	6.613397	
121	4.977935	-0.114985	6.448375	0.966248	-55.168217	-0.966248	177.802186	-93.767468	-113.431503	93.767468	165.148716	6.618806	
122	4.446667	-0.887752	6.518058	11.612611	-62.755555	-11.612611	187.276832	-96.242770	-115.186750	96.242770	164.778260	6.611015	
123	3.905188	-1.719635	6.586620	20.824144	-71.499473	-20.824144	197.701374	-99.194872	-117.234953	99.194872	165.027177	6.589913	
124	3.355684	-2.610089	6.654612	27.955782	-81.497033	-27.955782	209.121698	-102.702964	-119.657150	102.702964	166.015016	6.555597	
125	2.787680	-3.556691	6.722566	32.294948	-92.677251	-32.294948	221.096328	-106.638153	-122.237770	106.638153	167.456631	6.508787	
126	2.192582	-4.551059	6.790886	33.232782	-104.871279	-33.232782	233.008907	-110.713979	-124.653857	110.713979	168.918575	6.450822	
127	1.574015	-5.576463	6.859718	30.246950	-117.912500	-30.246950	244.440337	-114.644649	-126.726137	114.644649	170.134790	6.383157	
128	0.944897	-6.613222	6.928789	23.036733	-131.778545	-23.036733	255.420164	-118.269911	-128.448724	118.269911	171.020176	6.306969	
129	0.315325	-7.650794	6.997357	11.514866	-146.629566	-11.514866	266.340171	-121.579851	-129.903121	121.579851	171.556393	6.223225	
130	-0.324550	-8.689003	7.064258	-4.513431	-162.529573	4.513431	277.365239	-124.508565	-131.034707	124.508565	171.519427	6.132944	
131	-0.995558	-9.720072	7.127971	-25.392830	-179.273892	25.392830	288.285206	-126.863304	-131.667102	126.863304	170.503146	6.037320	
132	-1.700986	-10.714170	7.186883	-51.415683	-196.566358	51.415683	298.909414	-128.553603	-131.782313	128.553603	168.301223	5.937649	
133	-2.421950	-11.633037	7.239687	-82.571694	-214.445277	82.571694	309.592332	-129.817226	-131.603424	129.817226	165.076783	5.835148	
134	-3.140873	-12.454028	7.285482	-118.751246	-233.290944	118.751246	320.991412	-131.119169	-131.368164	131.119169	161.111826	5.730883	
135	-3.849735	-13.169400	7.323644	-159.992884	-253.290009	159.992884	333.324598	-132.943293	-131.260557	132.943293	156.696661	5.625716	
136	-4.534753	-13.772925	7.353893	-206.007171	-274.496029	206.007171	346.671282	-135.812215	-131.543158	135.812215	152.276561	5.520136	
137	-5.171471	-14.261970	7.376493	-256.092827	-297.243032	256.092827	361.492816	-140.306609	-132.526366	140.306609	148.409798	5.414090	
138	-5.730834	-14.636334	7.392309	-309.680743	-321.994773	309.680743	378.330639	-147.036301	-134.436330	147.036301	145.573702	5.306879	
139	-6.177794	-14.880058	7.402686	-366.332135	-349.108565	366.332135	397.481136	-156.732945	-137.326264	156.732945	144.033985	5.197054	
140	-6.478101	-14.968917	7.409252	-425.301139	-378.914303	425.301139	419.200920	-170.177663	-141.087614	170.177663	143.842789	5.082444	
141	-6.611099	-14.893648	7.413686	-485.690031	-411.755411	485.690031	443.945359	-187.940956	-145.541444	187.940956	144.906819	4.960477	
142	-6.566872	-14.655612	7.417505	-546.878676	-447.795779	546.878676	472.124066	-210.347453	-150.470393	210.347453	147.001555	4.828542	
143	-6.341071	-14.258524	7.421908	-608.484287	-487.030848	608.484287	504.059901	-237.606525	-155.614780	237.606525	149.763148	4.684247	
144	-5.931515	-13.706825	7.427712	-670.425579	-529.670529	670.425579	540.358253	-269.952094	-160.641957	269.952094	152.667868	4.525809	
145	-5.336749	-13.003079	7.435343	-733.088895	-576.149912	733.088895	581.759684	-307.606066	-165.153550	307.606066	155.064325	4.352433	
146	-4.563075	-12.151605	7.444878	-797.179084	-626.843766	797.179084	628.779372	-350.625536	-168.790177	350.625536	156.310031	4.164445	
147	-3.622680	-11.159034	7.456116	-863.447720	-682.101736	863.447720	681.746305	-399.107737	-171.208728	399.107737	155.793126	3.963269	
148	-2.524557	-10.034966	7.468717	-932.464573	-742.369073	932.464573	740.935515	-453.458475	-172.080680	453.458475	152.950264	3.751290	
149	-1.277429	-8.802040	7.482422	-1005.053714	-808.332186	1005.053714	806.768043	-514.216704	-171.288809	514.216704	147.447299	3.531565	
150	0.101477	-7.497452	7.497262	-1082.896578	-880.796190	1082.896578	879.653089	-581.590665	-168.971416	581.590665	139.253568	3.307525	
151	1.587410	-6.159893	7.513600	-1168.109527	-960.135693	1168.109527	959.330916	-655.272877	-165.362297	655.272877	128.555770	3.082757	
152	3.156016	-4.820444	7.532057	-1262.935105	-1046.148266	1262.935105	1044.691397	-734.657864	-160.642285	734.657864	115.648231	2.860914	
153	4.782853	-3.502871	7.553343	-1369.536716	-1137.706006	1369.536716	1133.521976	-818.678329	-154.848528	818.678329	100.864240	2.645754	
154	6.438183	-2.226432	7.577967	-1488.382246	-1231.763262	1488.382246	1221.726387	-905.373149	-147.866317	905.373149	84.567170	2.440939	
155	8.090059	-1.006410	7.605988	-1617.579352	-1323.647808	1617.579352	1303.830312	-992.139311	-139.475440	992.139311	67.120370	2.249616	
156	9.709468	0.143967	7.636902	-1754.356959	-1408.438709	1754.356959	1374.625359	-1076.208609	-129.425016	1076.208609	48.857451	2.074011	
157	11.274526	1.213115	7.669602	-1895.764434	-1481.458918	1895.764434	1429.934769	-1154.774007	-117.424488	1154.774007	29.996372	1.915186	
158	12.775831	2.199500	7.702363	-2038.123182	-1538.339172	2038.123182	1466.680671	-1225.314870	-103.026216	1225.314870	10.470884	1.773206	
159	14.212821	3.108742	7.732948	-2176.484454	-1575.321103	2176.484454	1483.044707	-1285.929475	-85.693438	1285.929475	-10.022934	1.647794	
160	15.583714	3.937032	7.758802	-2304.585240	-1589.303932	2304.585240	1478.396191	-1335.152823	-64.965169	1335.152823	-31.832778	1.538820	
161	16.887697	4.678024	7.777241	-2415.459528	-1577.965947	2415.459528	1452.851657	-1372.060276	-40.321091	1372.060276	-55.441733	1.446217	
162	18.139769	5.351774	7.785814	-2501.710108	-1540.237271	2501.710108	1406.636379	-1397.149326	-10.875078	1397.149326	-81.770811	1.369653	
163	19.379345	6.016973	7.782941	-2557.125858	-1477.039052	2557.125858	1340.130724	-1413.107840	24.751580	1413.107840	-112.283067	1.308320	
164	20.664854	6.762228	7.768771	-2578.704403	-1391.828797	2578.704403	1254.362389	-1424.921819	68.401564	1424.921819	-148.863777	1.260880	
165	22.059757	7.694486	7.746045	-2563.055399	-1289.622438	2563.055399	1149.783371	-1439.248508	122.229896	1439.248508	-193.548899	1.225639	
166	23.622519	8.933881	7.720900	-2503.083080	-1175.869958	2503.083080	1025.045620	-1463.697900	188.426499	1463.697900	-248.112608	1.200776	
167	25.408150	10.624476	7.703654	-2391.366046	-1056.703811	2391.366046	877.816625	-1506.612227	269.112207	1506.612227	-313.854789	1.184382	
168	27.461104	12.940893	7.709108	-2222.780616	-938.708987	2222.780616	705.386587	-1575.984460	366.128466	1575.984460	-391.410780	1.174496	
169	29.790668	16.061827	7.755581	-1994.468974	-828.078588	1994.468974	505.192749	-1677.178741	480.084080	1677.178741	-480.057498	1.169180	
170	32.353222	20.131983	7.862472	-1707.638214	-730.419867	1707.638214	276.756583	-1811.001421	608.932542	1811.001421	-576.875736	1.166517	
171	35.042691	25.221319	8.046819	-1371.481073	-650.950075	1371.481073	25.015273	-1972.612063	746.407302	1972.612063	-676.066421	1.164678	
172	37.693047	31.275065	8.319971	-1005.925222	-594.474530	1005.925222	-235.902288	-2151.728280	880.795242	2151.728280	-768.615361	1.162175	
173	40.119166	38.084418	8.685952	-639.789390	-564.556828	639.789390	-481.575751	-2334.498227	995.537148	2334.498227	-843.037027	1.157943	
174	42.157551	45.282298	9.141770	-305.595124	-561.785638	305.595124	-680.654199	-2504.970140	1071.947640	2504.970140	-887.025980	1.151112	
175	43.673297	52.364987	9.678421	-32.597093	-582.356708	32.597093	-801.898470	-2646.012703	1093.084516	2646.012703	-889.510040	1.140887	
176	44.573593	58.775793	10.282394	162.382838	-618.061455	-162.382838	-823.953431	-2742.152008	1048.245387	2742.152008	-843.146634	1.126684	
177	44.825136	64.036569	10.938087	281.905069	-657.709317	-281.905069	-743.985422	-2782.910837	936.337060	2782.910837	-746.344091	1.108319	
178	44.454970	67.849820	11.630338	345.837947	-689.609125	-345.837947	-579.092902	-2764.077696	766.255648	2764.077696	-603.947678	1.086147	
179	43.552835	70.122713	12.345999	381.329354	-703.953246	-381.329354	-359.782186	-2687.148392	554.728005	2687.148392	-427.070676	1.061270	
180	42.267576	70.924917	13.074098	413.150355	-693.792218	-413.150355	-120.688646	-2557.651456	322.757017	2557.651456	-232.275079	1.035670	
181	40.782651	70.425753	13.804865	458.872677	-654.898943	-458.872677	107.268650	-2383.340904	91.691015	2383.340904	-39.881320	1.012127	
182	39.280201	68.847192	14.528349	526.472310	-585.836575	-526.472310	302.696839	-2173.346035	-120.116164	2173.346035	128.488734	0.993906	
183	37.905829	66.433551	15.233150	613.504208	-487.981701	-613.504208	456.137280	-1937.207946	-299.407545	1937.207946	252.539733	0.983530	
184	36.736232	63.429428	15.904983	710.210548	-364.196664	-710.210548	567.102878	-1682.346772	-438.693342	1682.346772	315.464689	0.981011	
185	35.749328	60.074258	16.524684	806.056646	-216.562942	-806.056646	638.150948	-1411.386240	-535.969943	1411.386240	305.966934	0.983482	
186	34.808969	56.617945	17.065995	893.240862	-45.468829	-893.240862	671.347989	-1121.551046	-594.130148	1121.551046	220.774349	0.986702	
187	33.678611	53.326933	17.493883	963.236449	148.869735	-963.236449	668.615097	-806.387336	-620.314334	806.387336	67.348962	0.986803	
188	32.082832	50.435701	17.763849	1003.528100	364.145068	-1003.528100	633.071496	-459.262000	-624.976081	459.262000	-135.610853	0.980864	
189	29.838758	48.035703	17.822879	1001.710414	593.354376	-1001.710414	572.773694	-79.927499	-620.999579	79.927499	-362.873901	0.966720	
190	27.001330	45.947590	17.615259	955.440980	819.341548	-955.440980	513.097424	313.143602	-624.107770	-313.143602	-589.784018	0.942947	
191	23.865344	43.647409	17.100844	881.981105	1008.150641	-881.981105	511.794966	668.863468	-651.818628	-668.863468	-793.085568	0.908965	
192	20.786066	40.359138	16.292583	814.584972	1110.913059	-814.584972	650.423293	906.074780	-714.810712	-906.074780	-941.240041	0.865003	
193	18.156271	35.442246	15.304315	775.893226	1080.286623	-775.893226	992.827182	947.531714	-809.686894	-947.531714	-980.138423	0.812023	
194	16.853811	28.826734	14.370493	751.523633	892.048067	-751.523633	1550.950993	767.571945	-931.000189	-767.571945	-831.614797	0.751641	
195	18.331880	20.848680	13.784240	709.884425	561.425508	-709.884425	2275.982477	417.930785	-1076.204415	-417.930785	-430.719967	0.686096	
196	23.373503	11.731741	13.747562	658.883937	150.963121	-658.883937	3046.292506	20.908296	-1219.751951	-20.908296	203.530542	0.618208	
197	30.898959	1.701204	14.240524	668.942856	-243.548293	-668.942856	3682.304978	-266.006625	-1314.689530	266.006625	933.156535	0.551278	
198	38.486596	-8.518737	15.041692	836.947710	-531.130304	-836.947710	4017.481808	-305.412727	-1335.084035	305.412727	1549.679478	0.488874	
199	43.785614	-17.696563	15.865093	1223.560630	-663.561016	-1223.560630	3977.793616	-40.359948	-1291.447448	40.359948	1874.465670	0.434560	
200	45.442788	-24.644334	16.482559	1799.255169	-651.120047	-1799.255169	3610.697956	465.144066	-1201.090267	-465.144066	1850.768444	0.391644	
201	43.317071	-28.811232	16.779161	2442.970555	-547.612851	-2442.970555	3046.866553	1051.037144	-1064.058919	-1051.037144	1560.579455	0.362954	
202	38.267583	-30.444339	16.750952	3010.833413	-415.595285	-3010.833413	2430.259499	1553.328423	-877.980943	-1553.328423	1151.695267	0.350471	
203	31.665125	-30.312972	16.467114	3415.189480	-298.417523	-3415.189480	1864.127727	1885.450509	-660.121366	-1885.450509	749.811875	0.354707	
204	24.836894	-29.304698	16.023760	3645.230670	-213.906218	-3645.230670	1395.615206	2048.531339	-443.108732	-2048.531339	422.952639	0.374295	
205	18.740833	-28.124009	15.510024	3735.419873	-162.521806	-3735.419873	1032.254387	2091.427597	-257.276588	-2091.427597	192.297551	0.406441	
206	13.903361	-27.175193	14.991950	3725.857003	-137.038562	-3725.857003	765.519575	2068.736666	-120.576144	-2068.736666	53.475712	0.447922	
207	10.479828	-26.606195	14.509480	3639.579756	-128.191633	-3639.579756	585.291750	2019.497344	-38.626149	-2019.497344	-9.414427	0.495896	
208	8.389670	-26.392415	14.080362	3481.806084	-127.226972	-3481.806084	487.717040	1963.581733	-9.859232	-1963.581733	-15.653250	0.548232	
209	7.499595	-26.363329	13.707405	3254.050104	-127.240745	-3254.050104	478.540660	1905.967679	-29.955468	-1905.967679	16.615949	0.603413	
210	7.731750	-26.226640	13.386416	2967.622237	-123.779697	-2967.622237	568.638989	1841.859799	-92.136208	-1841.859799	71.658020	0.660296	
211	9.030194	-25.644394	13.112671	2647.851434	-114.702248	-2647.851434	765.673803	1759.671397	-186.281368	-1759.671397	136.890874	0.717907	
212	11.283556	-24.296062	12.885479	2332.062765	-100.195138	-2332.062765	1065.549697	1645.079890	-299.929650	-1645.079890	204.025066	0.775315	
213	14.262768	-21.916836	12.710387	2064.020349	-83.291979	-2064.020349	1441.473870	1489.799337	-419.383185	-1489.799337	268.966626	0.831573	
214	17.577335	-18.369909	12.597564	1885.533323	-69.855609	-1885.533323	1835.312983	1302.455873	-529.800100	-1302.455873	330.122220	0.885721	
215	20.712924	-13.738168	12.555407	1825.096165	-66.989316	-1825.096165	2161.741840	1114.186968	-615.266429	-1114.186968	385.467316	0.936802	
216	23.142797	-8.368365	12.581091	1885.232715	-79.534598	-1885.232715	2331.433606	971.393568	-660.731063	-971.393568	429.572196	0.983917	
217	24.441917	-2.821961	12.653964	2037.704398	-106.140533	-2037.704398	2287.869980	915.647973	-657.200641	-915.647973	453.502207	1.026323	
218	24.380730	2.262021	12.738127	2234.097681	-138.217522	-2234.097681	2035.939456	962.652584	-606.983919	-962.652584	449.119591	1.063480	
219	22.977706	6.348166	12.793772	2426.505811	-163.596766	-2426.505811	1639.150448	1095.555223	-523.486461	-1095.555223	414.767560	1.095072	
220	20.481521	9.156194	12.789711	2584.398937	-172.577928	-2584.398937	1186.761153	1276.095886	-425.007816	-1276.095886	357.147887	1.121051	
221	17.289636	10.707316	12.710156	2698.245953	-161.861462	-2698.245953	756.718418	1462.375454	-327.676579	-1462.375454	288.031746	1.141665	
222	13.855058	11.256601	12.554626	2771.569334	-134.511989	-2771.569334	397.111767	1620.881666	-241.980139	-1620.881666	219.219013	1.157432	
223	10.623858	11.170342	12.334042	2810.042358	-97.676361	-2810.042358	127.436141	1729.982894	-173.015641	-1729.982894	159.368492	1.169087	
224	7.979804	10.807360	12.066211	2815.186453	-59.942030	-2815.186453	-52.309067	1779.235816	-122.198719	-1779.235816	113.334579	1.177542	
225	6.175108	10.435759	11.772097	2784.209423	-29.059153	-2784.209423	-153.337394	1768.187047	-88.672537	-1768.187047	82.723654	1.183835	
226	5.291612	10.211645	11.472704	2713.166889	-10.411303	-2713.166889	-192.584715	1704.792365	-70.107899	-1704.792365	66.772670	1.189034	
227	5.252181	10.203569	11.186304	2600.245780	-6.244138	-2600.245780	-189.467691	1602.879553	-63.053740	-1602.879553	63.153644	1.194200	
228	5.862369	10.420356	10.926402	2447.953714	-15.562785	-2447.953714	-163.260303	1478.886709	-63.094529	-1478.886709	68.537239	1.200444	
229	6.872054	10.830498	10.700933	2264.383321	-34.901179	-2264.383321	-129.758808	1348.324963	-65.498915	-1348.324963	79.222670	1.208984	
230	8.028598	11.370181	10.512680	2063.111414	-59.797972	-2063.111414	-98.415928	1223.221052	-66.344536	-1223.221052	91.784619	1.221117	
231	9.112992	11.949627	10.360444	1860.629265	-86.186931	-1860.629265	-72.394446	1111.353944	-63.287178	-1111.353944	103.418930	1.238108	
232	9.970703	12.471632	10.240446	1671.997456	-111.050040	-1671.997456	-51.126753	1016.586718	-55.694246	-1016.586718	112.097553	1.261062	
233	10.526520	12.852640	10.147656	1507.525919	-132.581911	-1507.525919	-32.685461	939.583746	-44.325796	-939.583746	116.673324	1.290829	
234	10.788135	13.036267	10.076815	1371.768866	-150.512620	-1371.768866	-14.644737	878.465045	-30.855068	-878.465045	117.047341	1.327892	
235	10.822604	12.997236	10.023080	1264.258862	-165.788441	-1264.258862	5.197804	829.807677	-17.272611	-829.807677	114.018275	1.372295	
236	10.694693	12.732573	9.982311	1181.336698	-179.150251	-1181.336698	27.629301	790.286929	-5.115212	-790.286929	108.482082	1.423628	
237	10.430814	12.248597	9.951048	1118.095630	-190.291623	-1118.095630	51.753463	757.619065	4.947940	-757.619065	100.869499	1.481025	
238	10.033660	11.557754	9.926272	1069.826903	-198.183470	-1069.826903	75.694443	730.340681	12.938956	-730.340681	91.296794	1.543262	
239	9.501805	10.681988	9.905107	1032.533200	-201.832981	-1032.533200	97.571658	707.293027	19.221819	-707.293027	79.837789	1.608945	
240	8.827269	9.649556	9.884579	1002.753465	-200.506761	-1002.753465	115.634972	687.611909	24.425723	-687.611909	66.462919	1.676646	
241	7.986799	8.480907	9.861358	977.873938	-193.277454	-977.873938	127.339501	671.163241	29.606628	-671.163241	50.818711	1.744979	
242	6.953512	7.186367	9.831543	956.242889	-179.305656	-956.242889	129.557996	658.298867	36.053898	-658.298867	32.394786	1.812809	
243	5.717152	5.789742	9.790792	935.865960	-158.526414	-935.865960	119.802856	648.967388	44.817342	-648.967388	10.927624	1.879465	
244	4.307315	4.346613	9.734898	913.710322	-131.920691	-913.710322	97.584855	642.302831	56.041272	-642.302831	-13.032591	1.944604	
245	2.821090	2.935419	9.660410	887.427900	-101.893392	-887.427900	66.022085	636.864655	68.293937	-636.864655	-37.465020	2.007861	
246	1.360033	1.609671	9.564921	856.294363	-70.969876	-856.294363	28.935454	631.510019	80.201607	-631.510019	-60.408457	2.068746	
247	-0.062916	0.361506	9.447101	820.292343	-39.828368	-820.292343	-13.412949	626.022204	92.448806	-626.022204	-82.022625	2.126780	
248	-1.470666	-0.835513	9.306585	780.097489	-8.330951	-780.097489	-61.561230	620.416124	106.109366	-620.416124	-103.097267	2.181571	
249	-2.857834	-1.984168	9.143683	737.182179	23.130943	-737.182179	-113.868389	614.309371	121.060992	-614.309371	-123.473938	2.232780	
250	-4.210990	-3.076766	8.959205	693.450367	53.792622	-693.450367	-167.492877	607.073211	136.662759	-607.073211	-142.622987	2.280077	
251	-5.513961	-4.103981	8.754497	650.856426	82.601822	-650.856426	-219.149161	597.958807	152.134444	-597.958807	-159.951009	2.323213	
252	-6.745674	-5.055169	8.531490	610.676742	108.464047	-610.676742	-265.800046	586.255752	166.633038	-586.255752	-174.848393	2.362191	
253	-7.880362	-5.914340	8.292784	572.832272	130.779372	-572.832272	-305.592616	571.698080	179.293454	-571.698080	-186.699378	2.397284	
254	-8.886244	-6.639837	8.041857	535.923922	149.829281	-535.923922	-338.318018	554.724756	189.257421	-554.724756	-194.876996	2.428863	
255	-9.731988	-7.209690	7.783078	499.926061	165.464889	-499.926061	-363.168377	535.578024	195.897927	-535.578024	-198.980703	2.457262	
256	-10.393803	-7.673445	7.521159	467.609869	176.261643	-467.609869	-377.378870	513.755307	198.915150	-513.755307	-198.980822	2.482787	
257	-10.867282	-8.081600	7.260557	441.069279	181.512974	-441.069279	-379.623519	489.210118	198.389206	-489.210118	-195.260726	2.505788	
258	-11.174407	-8.433853	7.005222	419.498901	182.226969	-419.498901	-371.855388	462.750660	194.869516	-462.750660	-188.633846	2.526674	
259	-11.344610	-8.705778	6.758509	400.752381	179.935794	-400.752381	-357.212373	435.250690	189.032426	-435.250690	-179.941416	2.545832	
260	-11.388800	-8.868775	6.523127	383.397459	175.652862	-383.397459	-337.951968	407.318705	181.223920	-407.318705	-169.639465	2.563531	
261	-11.304900	-8.910798	6.301125	366.963342	169.748147	-366.963342	-315.289198	379.223153	171.639305	-379.223153	-158.040920	2.579861	
262	-11.091302	-8.836255	6.093924	350.604056	162.400076	-350.604056	-290.287761	350.913595	160.567575	-350.913595	-145.520790	2.594755	
263	-10.744703	-8.645453	5.902465	332.737209	153.772407	-332.737209	-264.053807	322.173930	148.302079	-322.173930	-132.391887	2.608075	
264	-10.263400	-8.339628	5.727265	312.224942	143.901788	-312.224942	-237.347655	292.770080	135.126848	-292.770080	-118.917321	2.619747	
265	-9.647917	-7.931601	5.568324	289.028531	132.648605	-289.028531	-210.325119	262.561772	121.264197	-262.561772	-105.322347	2.629939	
266	-8.885699	-7.419664	5.425298	263.061170	119.828320	-263.061170	-182.847063	231.486151	106.733736	-231.486151	-91.656986	2.639068	
267	-7.947844	-6.760136	5.298041	233.510561	105.448440	-233.510561	-155.141392	199.509949	91.464704	-199.509949	-77.802825	2.647702	
268	-6.812101	-5.911747	5.186906	199.960129	89.566712	-199.960129	-127.482498	166.529983	75.550152	-166.529983	-63.679143	2.656557	
269	-5.484689	-4.893101	5.092449	162.810156	72.153242	-162.810156	-99.549580	132.316049	59.292011	-132.316049	-49.354651	2.666483	
270	-4.003955	-3.754481	5.014987	122.505865	53.431733	-122.505865	-70.977044	96.699738	43.090488	-96.699738	-35.008323	2.678243	
271	-2.433367	-2.529066	4.954446	78.975751	34.023362	-78.975751	-42.036778	59.675474	27.356607	-59.675474	-20.872584	2.692276	
272	-0.854144	-1.241844	4.910391	31.519378	14.642216	-31.519378	-13.398801	21.230547	12.489716	-21.230547	-7.200370	2.708963	
273	0.636763	0.061670	4.882088	-20.944032	-4.070479	20.944032	14.211366	-18.729478	-1.083247	18.729478	5.708780	2.729401	
274	1.931414	1.306662	4.868525	-79.238199	-21.411868	79.238199	39.954169	-60.119561	-12.868707	60.119561	17.453611	2.755006	
275	2.923108	2.393903	4.868423	-142.880721	-36.415965	142.880721	62.609272	-102.088455	-22.283064	102.088455	27.472273	2.785875	
276	3.513418	3.200715	4.879615	-208.053793	-47.585797	208.053793	80.192152	-141.853470	-28.573455	141.853470	34.870635	2.820445	
277	3.634175	3.593138	4.899033	-264.986102	-53.033403	264.986102	90.283313	-173.538700	-30.934035	173.538700	38.419493	2.856868	
278	3.292423	3.453094	4.918733	-294.577458	-51.475458	294.577458	91.204257	-187.119180	-28.854809	187.119180	36.870481	2.892604	
