kww	// User ID
24-6-2021	// Evaluation date
p19_warmup_030	24-6-2021	12:27:13:538	// Source file name and timestamp
357.143	// Sampling rate
0.747	// Data capture period

2.030000	// height
96.800000	// mass


Sample #	elbVar	shldrIR	LwristLinVelo	thorJFPd	thorSTPd	UaJFPp	UaSTPp	UaJFPd	UaSTPd	FaJFPp	FaSTPp	RwristLinVelo	
0	4.006012	3.517688	3.208913	19.008456	1.670706	-19.008456	-16.788034	-11.064713	13.384759	11.064713	-37.725989	2.415726	
1	4.048761	3.362039	3.247016	20.226028	1.361041	-20.226028	-14.557713	-10.581259	13.485604	10.581259	-40.941714	2.335825	
2	4.192170	3.311242	3.277777	21.354825	1.369263	-21.354825	-13.845899	-10.209170	13.896316	10.209170	-44.980874	2.260069	
3	3.712617	2.718549	3.301704	22.674525	0.065295	-22.674525	-7.509575	-8.929609	12.416775	8.929609	-43.100241	2.193686	
4	2.987282	1.928530	3.319714	24.127375	-1.698769	-24.127375	0.359828	-7.338016	10.341679	7.338016	-38.790833	2.145228	
5	2.054830	1.014933	3.333042	25.636617	-3.892116	-25.636617	9.559361	-5.799285	7.714695	5.799285	-31.779838	2.117783	
6	1.028025	0.088712	3.344116	27.084162	-6.274403	-27.084162	19.263133	-4.590231	4.788557	4.590231	-22.845974	2.112601	
7	-0.016782	-0.795754	3.355536	28.382158	-8.643926	-28.382158	28.963041	-3.733252	1.724519	3.733252	-12.780765	2.129203	
8	-1.024239	-1.620038	3.369086	29.634873	-10.811710	-29.634873	38.204747	-3.014667	-1.324589	3.014667	-2.585050	2.165987	
9	-1.957434	-2.371893	3.385296	31.057164	-12.659716	-31.057164	46.708185	-2.248809	-4.249355	2.248809	6.923686	2.220555	
10	-2.784798	-3.032415	3.403739	32.773288	-14.132261	-32.773288	54.317649	-1.397131	-6.961226	1.397131	15.195434	2.290225	
11	-3.490478	-3.603504	3.423396	34.764760	-15.209991	-34.764760	60.956013	-0.426452	-9.391723	0.426452	21.839313	2.372374	
12	-4.076039	-4.091793	3.443238	36.864413	-15.921203	-36.864413	66.716294	0.580059	-11.544713	-0.580059	26.917140	2.464302	
13	-4.551358	-4.494963	3.463018	38.869850	-16.323293	-38.869850	71.816558	1.421436	-13.476673	-1.421436	30.859380	2.563213	
14	-4.926559	-4.821051	3.483079	40.707382	-16.451981	-40.707382	76.391123	2.030044	-15.203584	-2.030044	33.802505	2.666723	
15	-5.202308	-5.082174	3.503494	42.325656	-16.316445	-42.325656	80.441043	2.432813	-16.680529	-2.432813	35.548345	2.773056	
16	-5.374234	-5.283305	3.523756	43.641960	-15.930791	-43.641960	83.937619	2.622498	-17.855496	-2.622498	35.949610	2.880674	
17	-5.456081	-5.437364	3.542938	44.747113	-15.348041	-44.747113	86.957467	2.654310	-18.742757	-2.654310	35.079771	2.988079	
18	-5.475448	-5.557747	3.560053	45.706866	-14.645155	-45.706866	89.689041	2.575314	-19.422744	-2.575314	33.280277	3.093996	
19	-5.453098	-5.643309	3.574538	46.278929	-13.879499	-46.278929	92.318926	2.306392	-19.976966	-2.306392	31.030324	3.197637	
20	-5.406136	-5.695502	3.586361	46.445348	-13.098288	-46.445348	95.017307	1.813567	-20.468936	-1.813567	28.686409	3.298784	
21	-5.345883	-5.726505	3.595689	46.601939	-12.334487	-46.601939	97.898602	1.137476	-20.929687	-1.137476	26.394790	3.397621	
22	-5.268132	-5.757490	3.602673	46.747776	-11.552926	-46.747776	100.873221	0.275443	-21.343036	-0.275443	24.138982	3.494424	
23	-5.163780	-5.807507	3.607416	46.543920	-10.698703	-46.543920	103.764082	-0.779560	-21.696260	0.779560	21.852198	3.589371	
24	-5.034012	-5.861890	3.609980	46.264501	-9.811546	-46.264501	106.594269	-2.016976	-22.017923	2.016976	19.585334	3.682565	
25	-4.888167	-5.883350	3.610419	46.605359	-8.986467	-46.605359	109.487676	-3.425447	-22.336169	3.425447	17.480004	3.774095	
26	-4.730024	-5.855344	3.608804	47.776690	-8.254406	-47.776690	112.362869	-4.977049	-22.622447	4.977049	15.570692	3.864020	
27	-4.555455	-5.779845	3.605283	49.621073	-7.593882	-49.621073	114.989069	-6.645646	-22.805050	6.645646	13.777896	3.952335	
28	-4.365707	-5.657561	3.600151	52.161482	-7.001164	-52.161482	117.244958	-8.411759	-22.845509	8.411759	12.090360	4.039018	
29	-4.177823	-5.489943	3.593848	55.641848	-6.507565	-55.641848	119.239697	-10.215649	-22.805440	10.215649	10.671387	4.124068	
30	-4.022772	-5.267720	3.586928	60.437180	-6.182060	-60.437180	121.298622	-11.964954	-22.839577	11.964954	9.833941	4.207457	
31	-3.924807	-4.976152	3.580067	66.455102	-6.067127	-66.455102	123.612323	-13.591124	-23.060578	13.591124	9.793204	4.289183	
32	-3.872142	-4.643369	3.573889	72.553466	-6.079728	-72.553466	125.787534	-15.044933	-23.377573	15.044933	10.323701	4.369204	
33	-3.820466	-4.332939	3.568628	77.288733	-6.066100	-77.288733	127.069189	-16.310237	-23.550264	16.310237	10.889726	4.447083	
34	-3.727301	-4.079579	3.564084	79.868892	-5.932751	-79.868892	126.908515	-17.450697	-23.387841	17.450697	11.089514	4.521916	
35	-3.573472	-3.875249	3.559819	80.249504	-5.678049	-80.249504	125.153157	-18.532393	-22.835100	18.532393	10.785200	4.592715	
36	-3.366977	-3.699585	3.555336	78.944645	-5.363947	-78.944645	122.034885	-19.512901	-21.978832	19.512901	10.055023	4.658614	
37	-3.133249	-3.540800	3.550193	76.650392	-5.069228	-76.650392	118.024509	-20.271574	-21.005061	20.271574	9.126385	4.718863	
38	-2.894153	-3.397662	3.544059	73.792726	-4.842165	-73.792726	113.528391	-20.715321	-20.076702	20.715321	8.207416	4.772935	
39	-2.654908	-3.269798	3.536695	70.453072	-4.694088	-70.453072	108.725923	-20.842311	-19.237454	20.842311	7.354108	4.820577	
40	-2.405495	-3.150746	3.527877	66.579835	-4.620051	-66.579835	103.596893	-20.716387	-18.406041	20.716387	6.456699	4.861686	
41	-2.132090	-3.029295	3.517373	62.206527	-4.617248	-62.206527	98.072696	-20.406297	-17.455399	20.406297	5.353473	4.896231	
42	-1.829787	-2.895051	3.505008	57.571363	-4.691767	-57.571363	92.217365	-19.963499	-16.314314	19.963499	3.984431	4.924259	
43	-1.508979	-2.742843	3.490805	53.038942	-4.854964	-53.038942	86.289761	-19.438176	-15.023746	19.438176	2.460373	4.945950	
44	-1.186929	-2.569125	3.475069	48.885273	-5.112932	-48.885273	80.568707	-18.898933	-13.676264	18.898933	0.958966	4.961710	
45	-0.874052	-2.365354	3.458226	45.218685	-5.464197	-45.218685	75.147857	-18.407556	-12.310460	18.407556	-0.427162	4.972169	
46	-0.577008	-2.118536	3.440697	42.058015	-5.907593	-42.058015	70.017762	-18.003258	-10.934798	18.003258	-1.647696	4.978067	
47	-0.296608	-1.823685	3.422976	39.274673	-6.426057	-39.274673	65.098854	-17.715415	-9.525319	17.715415	-2.697814	4.980169	
48	-0.014637	-1.499359	3.405537	36.632221	-6.973325	-36.632221	60.179286	-17.511742	-7.953605	17.511742	-3.740361	4.979250	
49	0.293603	-1.177652	3.388596	34.171307	-7.514114	-34.171307	55.122570	-17.268906	-6.086026	17.268906	-4.978604	4.976065	
50	0.639622	-0.877554	3.372116	32.043710	-8.044869	-32.043710	49.939229	-16.861278	-3.898605	16.861278	-6.468628	4.971310	
51	1.026319	-0.599878	3.355880	30.010300	-8.559673	-30.010300	44.604482	-16.245285	-1.412262	16.245285	-8.176166	4.965661	
52	1.453843	-0.337800	3.339499	27.944059	-9.054562	-27.944059	39.115553	-15.432680	1.354731	15.432680	-10.049885	4.959779	
53	1.914465	-0.082160	3.322509	26.313974	-9.559845	-26.313974	33.647154	-14.422621	4.335897	14.422621	-11.976459	4.954222	
54	2.394176	0.176616	3.304515	25.579272	-10.115580	-25.579272	28.454394	-13.204117	7.421438	13.204117	-13.786556	4.949487	
55	2.888168	0.444808	3.285151	25.689472	-10.724422	-25.689472	23.598509	-11.773804	10.567434	11.773804	-15.382634	4.946121	
56	3.408522	0.724050	3.263836	26.174152	-11.349160	-26.174152	18.841719	-10.119032	13.842829	10.119032	-16.790518	4.944678	
57	3.965962	1.014102	3.239710	26.392483	-11.948669	-26.392483	13.944212	-8.234247	17.291194	8.234247	-18.002616	4.945638	
58	4.553954	1.315088	3.211969	25.779387	-12.500368	-25.779387	8.917321	-6.149770	20.818855	6.149770	-18.870665	4.949388	
59	5.163094	1.630632	3.180108	23.950082	-12.981239	-23.950082	3.796310	-3.919614	24.321740	3.919614	-19.257767	4.956220	
60	5.795519	1.967774	3.143702	20.789672	-13.362563	-20.789672	-1.527646	-1.590222	27.793647	1.590222	-19.145954	4.966286	
61	6.451670	2.330758	3.102287	16.359981	-13.637216	-16.359981	-7.063081	0.799293	31.190276	-0.799293	-18.481194	4.979626	
62	7.120166	2.722313	3.055669	10.583127	-13.817328	-10.583127	-12.663867	3.189471	34.346221	-3.189471	-17.091787	4.996253	
63	7.784398	3.147995	3.004120	3.234218	-13.910818	-3.234218	-18.184763	5.484541	37.056227	-5.484541	-14.789587	5.016155	
64	8.419669	3.607879	2.948466	-5.838743	-13.915155	5.838743	-23.339962	7.527358	39.065026	-7.527358	-11.396735	5.039214	
65	8.988889	4.092286	2.890352	-16.694198	-13.810424	16.694198	-27.620690	9.083091	40.037813	-9.083091	-6.752023	5.065115	
66	9.458323	4.594113	2.832376	-29.426536	-13.548175	29.426536	-30.642570	9.905921	39.698873	-9.905921	-0.825311	5.093268	
67	9.813623	5.114246	2.777749	-44.193333	-13.058653	44.193333	-32.414996	9.828680	37.966728	-9.828680	6.219075	5.122812	
68	10.051850	5.652627	2.729764	-61.125029	-12.268352	61.125029	-33.187625	8.751199	34.906077	-8.751199	14.102850	5.152722	
69	10.168173	6.202092	2.691479	-80.192602	-11.112014	80.192602	-33.221210	6.608297	30.647058	-6.608297	22.505968	5.182064	
70	10.170992	6.740249	2.665410	-100.794983	-9.591929	100.794983	-32.676006	3.492366	25.442912	-3.492366	31.075862	5.210179	
71	10.102688	7.228328	2.652924	-121.424840	-7.849072	121.424840	-31.547904	-0.249079	19.708477	0.249079	39.495491	5.236698	
72	10.010653	7.633131	2.653907	-140.248225	-6.090155	140.248225	-29.677255	-4.227611	13.820833	4.227611	47.589108	5.261471	
73	9.919686	7.935397	2.667301	-155.677750	-4.500514	155.677750	-26.783795	-8.148419	7.973638	8.148419	55.329430	5.284380	
74	9.861208	8.122036	2.691643	-166.180633	-3.288616	166.180633	-22.601196	-11.628207	2.330654	11.628207	62.749145	5.305160	
75	9.868262	8.192854	2.725093	-170.672900	-2.639696	170.672900	-17.055999	-14.326640	-2.957380	14.326640	69.884281	5.323521	
76	9.933057	8.161219	2.765872	-169.261323	-2.597410	169.261323	-10.251999	-16.279980	-7.903622	16.279980	76.781904	5.339432	
77	10.028731	8.048827	2.812827	-162.971294	-3.100777	162.971294	-2.468041	-17.730533	-12.573157	17.730533	83.462800	5.353233	
78	10.146967	7.886426	2.865198	-153.092389	-4.068528	153.092389	5.857434	-18.832530	-16.950269	18.832530	89.898583	5.365523	
79	10.277301	7.699738	2.922281	-140.956374	-5.399194	140.956374	14.396084	-19.760901	-21.058048	19.760901	96.084832	5.376991	
80	10.391123	7.497547	2.983624	-127.889989	-6.962061	127.889989	23.040630	-20.810361	-25.005578	20.810361	102.055327	5.388354	
81	10.474640	7.289419	3.049083	-115.064497	-8.634687	115.064497	31.689174	-22.169041	-28.870494	22.169041	107.850523	5.400420	
82	10.543893	7.100031	3.118530	-103.395107	-10.318094	103.395107	40.154023	-23.795639	-32.684815	23.795639	113.552035	5.414188	
83	10.620526	6.952365	3.191816	-93.448080	-11.935135	93.448080	48.342487	-25.576946	-36.518333	25.576946	119.324172	5.430741	
84	10.722645	6.854624	3.268967	-85.314804	-13.471942	85.314804	56.403786	-27.428437	-40.492123	27.428437	125.410745	5.451017	
85	10.857545	6.805845	3.350204	-78.946576	-14.935193	78.946576	64.569908	-29.359475	-44.720225	29.359475	131.985779	5.475822	
86	11.010880	6.797977	3.435794	-74.506764	-16.274195	74.506764	72.944039	-31.500523	-49.271644	31.500523	139.025243	5.505944	
87	11.167404	6.820059	3.525970	-72.132198	-17.440408	72.132198	81.561299	-33.957568	-54.193934	33.957568	146.447252	5.542161	
88	11.328718	6.865152	3.621012	-71.695718	-18.448617	71.695718	90.492973	-36.749361	-59.536382	36.749361	154.237831	5.585229	
89	11.505738	6.927722	3.721267	-72.799835	-19.362828	72.799835	99.849185	-39.881950	-65.356866	39.881950	162.438903	5.635815	
90	11.706732	6.998058	3.827063	-74.904537	-20.267709	74.904537	109.765700	-43.384100	-71.722706	43.384100	171.125143	5.694407	
91	11.923697	7.055887	3.938663	-77.560197	-21.227053	77.560197	120.318938	-47.334626	-78.652803	47.334626	180.279530	5.761208	
92	12.127287	7.070674	4.056165	-80.565479	-22.239928	80.565479	131.358132	-51.890732	-86.047706	51.890732	189.665915	5.836068	
93	12.282537	7.025451	4.179350	-84.016741	-23.212503	84.016741	142.479777	-57.200925	-93.732040	57.200925	198.944436	5.918481	
94	12.367653	6.929548	4.307737	-88.069525	-24.016100	88.069525	153.283562	-63.267323	-101.559416	63.267323	207.878568	6.007706	
95	12.375483	6.791939	4.440821	-92.586774	-24.616334	92.586774	163.541493	-69.953937	-109.420061	69.953937	216.328638	6.102942	
96	12.306033	6.608077	4.578059	-97.181624	-25.105477	97.181624	173.081834	-77.064351	-117.178798	77.064351	224.119848	6.203309	
97	12.158054	6.372827	4.718727	-101.511036	-25.601836	101.511036	181.684540	-84.384102	-124.645445	84.384102	230.979108	6.307642	
98	11.932391	6.081795	4.861909	-105.162240	-26.226165	105.162240	189.269460	-91.728088	-131.666644	91.728088	236.713195	6.414307	
99	11.649207	5.732071	5.006659	-107.306042	-27.189589	107.306042	196.213966	-98.980190	-138.300016	98.980190	241.518903	6.521198	
100	11.333894	5.328674	5.152240	-107.310131	-28.671328	107.310131	203.000673	-106.111978	-144.701354	106.111978	245.763606	6.625970	
101	10.987305	4.876173	5.298134	-105.512419	-30.649934	105.512419	209.616858	-113.154340	-150.856743	113.154340	249.534128	6.726414	
102	10.599702	4.368382	5.443860	-102.393252	-33.082343	102.393252	215.912608	-120.129301	-156.676725	120.129301	252.798924	6.820705	
103	10.172351	3.798163	5.588993	-97.736436	-36.040114	97.736436	222.014072	-126.994639	-162.146414	126.994639	255.634074	6.907379	
104	9.711035	3.166742	5.733255	-91.285501	-39.598746	91.285501	228.054996	-133.657749	-167.257091	133.657749	258.117770	6.985264	
105	9.216376	2.474140	5.876451	-83.284215	-43.799888	83.284215	234.001712	-140.057800	-171.967861	140.057800	260.285133	7.053483	
106	8.681427	1.714997	6.018385	-74.158887	-48.665433	74.158887	239.681651	-146.168619	-176.189517	146.168619	262.098722	7.111503	
107	8.104665	0.892690	6.158770	-64.287869	-54.232558	64.287869	245.070072	-151.961417	-179.880871	151.961417	263.553635	7.159082	
108	7.502138	0.022607	6.297321	-54.019190	-60.616589	54.019190	250.628991	-157.478632	-183.207212	157.478632	264.876830	7.196080	
109	6.890916	-0.883683	6.433957	-43.625681	-67.957537	43.625681	256.963877	-162.836524	-186.397951	162.836524	266.356532	7.222346	
110	6.274674	-1.821246	6.568740	-33.409271	-76.327751	33.409271	264.287432	-168.071697	-189.519411	168.071697	268.058118	7.237672	
111	5.656684	-2.778980	6.701647	-23.911537	-85.742863	23.911537	272.528071	-173.089052	-192.535520	173.089052	269.889441	7.241897	
112	5.046930	-3.736961	6.832429	-15.937729	-96.161333	15.937729	281.477653	-177.697815	-195.375244	177.697815	271.679500	7.235124	
113	4.445495	-4.680586	6.960525	-10.453346	-107.418963	10.453346	290.543815	-181.610131	-197.812153	181.610131	273.057911	7.217717	
114	3.838800	-5.612964	7.085149	-8.354331	-119.327852	8.354331	299.072153	-184.586955	-199.577711	184.586955	273.644296	7.190080	
115	3.218242	-6.540865	7.205573	-10.454847	-131.794659	10.454847	306.830989	-186.532201	-200.566974	186.532201	273.281153	7.152561	
116	2.581963	-7.457972	7.321166	-17.628619	-144.689100	17.628619	313.724660	-187.327942	-200.715152	187.327942	271.824775	7.105483	
117	1.922581	-8.356846	7.431176	-30.444986	-157.845693	30.444986	319.803299	-186.840717	-199.964309	186.840717	269.104215	7.049153	
118	1.226910	-9.235924	7.534659	-48.883232	-171.180098	48.883232	325.419027	-185.003087	-198.329373	185.003087	265.002397	6.983851	
119	0.481251	-10.089931	7.630567	-72.507813	-184.528291	72.507813	330.714625	-181.668770	-195.800939	181.668770	259.332120	6.909804	
120	-0.318363	-10.905597	7.717865	-100.516932	-197.657812	100.516932	335.698661	-176.714071	-192.486138	176.714071	252.063051	6.827160	
121	-1.156604	-11.662863	7.795719	-131.724593	-210.609549	131.724593	340.840193	-170.362519	-188.813306	170.362519	243.649580	6.736035	
122	-2.010979	-12.348080	7.863642	-164.786548	-223.755266	164.786548	346.840149	-163.069771	-185.303293	163.069771	234.778876	6.636651	
123	-2.863273	-12.960743	7.921538	-198.691462	-237.685707	198.691462	354.335735	-155.352606	-182.326925	155.352606	226.053807	6.529502	
124	-3.684500	-13.498839	7.969814	-233.324296	-253.344873	233.324296	364.241267	-148.147441	-180.299681	148.147441	218.226066	6.415425	
125	-4.429954	-13.955426	8.009535	-269.463647	-271.847543	269.463647	377.510314	-142.855346	-179.746974	142.855346	212.243298	6.295570	
126	-5.061030	-14.322350	8.042318	-307.943786	-293.831452	307.943786	394.309694	-140.655411	-180.890411	140.655411	208.642849	6.171340	
127	-5.551425	-14.586647	8.069985	-349.131287	-319.476214	349.131287	414.270534	-142.239267	-183.515464	142.239267	207.338717	6.044252	
128	-5.877234	-14.738551	8.094236	-393.237831	-348.991694	393.237831	437.258486	-148.058309	-187.234941	148.058309	207.939051	5.915765	
129	-6.020575	-14.777037	8.116423	-440.588720	-382.558515	440.588720	463.361867	-158.318258	-191.654525	158.318258	209.917699	5.787314	
130	-5.972362	-14.695802	8.137436	-491.586773	-420.264283	491.586773	492.765214	-173.187638	-196.457788	173.187638	212.731063	5.660426	
131	-5.725410	-14.474292	8.157813	-546.634245	-462.426244	546.634245	525.909187	-193.242562	-201.387181	193.242562	215.871049	5.536595	
132	-5.277055	-14.092099	8.177961	-606.400401	-509.778907	606.400401	563.559735	-219.361009	-206.208221	219.361009	218.869593	5.417034	
133	-4.636286	-13.540690	8.198254	-671.813941	-563.064051	671.813941	606.343758	-252.233339	-210.667733	252.233339	221.270293	5.302575	
134	-3.819135	-12.817830	8.219003	-743.331157	-622.462529	743.331157	654.164423	-292.193231	-214.398368	292.193231	222.544791	5.193652	
135	-2.848246	-11.931358	8.240408	-820.740933	-687.627697	820.740933	706.391946	-339.222784	-217.008579	339.222784	222.193936	5.090286	
136	-1.756217	-10.902793	8.262572	-903.706303	-758.074274	903.706303	762.382935	-392.922537	-218.255435	392.922537	219.933430	4.992098	
137	-0.570718	-9.755096	8.285606	-992.006284	-833.438404	992.006284	821.633847	-452.866960	-218.022603	452.866960	215.669061	4.898384	
138	0.693935	-8.514616	8.309758	-1085.641235	-913.545119	1085.641235	883.849728	-518.878124	-216.244448	518.878124	209.390990	4.808249	
139	2.023418	-7.218302	8.335474	-1185.328202	-998.217875	1185.328202	948.854972	-590.619742	-212.934226	590.619742	201.200851	4.720756	
140	3.397651	-5.900849	8.363323	-1292.195505	-1086.659873	1292.195505	1015.878998	-667.215845	-208.131550	667.215845	191.291504	4.635031	
141	4.800580	-4.585872	8.393854	-1406.841014	-1177.127011	1406.841014	1083.172660	-747.483452	-201.820965	747.483452	179.863773	4.550301	
142	6.227895	-3.286878	8.427507	-1528.709665	-1267.151639	1528.709665	1148.348012	-830.369150	-193.946798	830.369150	167.098188	4.465851	
143	7.678604	-2.007280	8.464534	-1655.904506	-1353.573437	1655.904506	1208.561384	-914.846501	-184.412778	914.846501	153.128394	4.380998	
144	9.142908	-0.749521	8.504881	-1786.389028	-1432.884397	1786.389028	1261.010640	-999.509263	-173.139298	999.509263	138.081963	4.295097	
145	10.604169	0.472379	8.548094	-1918.454213	-1501.770407	1918.454213	1303.590651	-1082.558062	-160.169785	1082.558062	122.153653	4.207549	
146	12.044278	1.632989	8.593300	-2049.625441	-1557.071274	2049.625441	1334.835521	-1161.898176	-145.622300	1161.898176	105.550650	4.117857	
147	13.447336	2.708016	8.639132	-2176.802793	-1595.930730	2176.802793	1353.815211	-1235.346448	-129.491746	1235.346448	88.307005	4.025697	
148	14.803765	3.680030	8.683691	-2296.800930	-1616.306914	2296.800930	1360.299479	-1301.052417	-111.578892	1301.052417	70.211859	3.930879	
149	16.109189	4.532179	8.724694	-2405.701424	-1616.845888	2405.701424	1354.454012	-1357.533961	-91.577328	1357.533961	50.921601	3.833305	
150	17.365183	5.255322	8.759749	-2498.497834	-1596.531611	2498.497834	1336.197373	-1403.649286	-69.012979	1403.649286	29.948456	3.732892	
151	18.589125	5.871995	8.786701	-2570.198560	-1555.186301	2570.198560	1305.036941	-1439.317071	-42.982435	1439.317071	6.421826	3.629442	
152	19.822017	6.449392	8.804135	-2616.442375	-1494.067536	2616.442375	1260.130972	-1466.465653	-11.964365	1466.465653	-21.097038	3.522656	
153	21.121525	7.092011	8.812058	-2632.921344	-1415.720726	2632.921344	1200.084328	-1489.060172	26.080000	1489.060172	-54.483363	3.412315	
154	22.544224	7.924194	8.812574	-2615.092916	-1323.477757	2615.092916	1122.763101	-1512.070853	73.302603	1512.070853	-95.583403	3.298446	
155	24.140740	9.075302	8.810477	-2558.015068	-1221.290714	2558.015068	1025.537532	-1541.008622	131.601823	1541.008622	-145.796841	3.181341	
156	25.971828	10.685758	8.813891	-2456.757747	-1114.131785	2456.757747	905.936564	-1582.924613	202.766334	1582.924613	-206.162546	3.061483	
157	28.100017	12.912709	8.834633	-2307.285197	-1007.720117	2307.285197	761.995912	-1645.930655	288.520800	1645.930655	-277.366381	2.939414	
158	30.538817	15.895435	8.887389	-2106.740963	-907.168746	2106.740963	592.509234	-1735.742251	389.508039	1735.742251	-358.938226	2.815645	
159	33.224026	19.709032	8.987623	-1854.761971	-816.397053	1854.761971	398.398070	-1853.089435	503.753246	1853.089435	-448.265888	2.690688	
160	36.032436	24.349019	9.149169	-1556.730664	-738.867550	1556.730664	185.013681	-1993.984317	625.716757	1993.984317	-540.278359	2.565162	
161	38.800750	29.732412	9.382041	-1226.415441	-678.151616	1226.415441	-36.023504	-2150.577287	746.051571	2150.577287	-627.739815	2.439788	
162	41.347575	35.696521	9.691075	-885.555865	-637.653256	885.555865	-246.570633	-2312.231947	852.048139	2312.231947	-701.848892	2.315262	
163	43.514516	41.991707	10.076164	-560.444253	-619.678900	560.444253	-423.714552	-2467.346648	929.128013	2467.346648	-753.037220	2.192193	
164	45.181772	48.271243	10.533303	-276.763415	-623.868850	276.763415	-543.759932	-2603.983614	963.228829	2603.983614	-772.071961	2.071137	
165	46.260002	54.116820	11.055340	-53.089820	-645.805356	53.089820	-588.561534	-2709.789725	943.805308	2709.789725	-751.779588	1.952627	
166	46.701251	59.119639	11.632739	104.969335	-677.103311	-104.969335	-552.048009	-2773.601355	866.785302	2773.601355	-688.972288	1.837164	
167	46.510881	62.964542	12.254729	205.681443	-707.084574	-205.681443	-442.949999	-2787.479367	735.999082	2787.479367	-585.637897	1.725259	
168	45.744879	65.468210	12.910290	266.796915	-724.920788	-266.796915	-282.430208	-2747.514841	562.623631	2747.514841	-449.290743	1.617487	
169	44.517333	66.584675	13.588587	309.295286	-721.485807	-309.295286	-98.442657	-2654.098095	363.344307	2654.098095	-292.827598	1.514434	
170	42.998903	66.396191	14.278831	352.085016	-690.622274	-352.085016	80.900974	-2511.493194	157.323704	2511.493194	-133.378587	1.416589	
171	41.378343	65.083062	14.969730	408.894375	-629.424364	-408.894375	232.900633	-2326.232556	-37.492190	2326.232556	10.063414	1.324291	
172	39.820393	62.880886	15.648706	486.302705	-537.818787	-486.302705	343.704600	-2105.365427	-207.106640	2105.365427	119.008336	1.237750	
173	38.438343	60.043474	16.300870	583.097950	-417.894156	-583.097950	408.980573	-1855.089383	-342.760996	1855.089383	177.423466	1.157132	
174	37.264589	56.819820	16.907791	692.618750	-272.870088	-692.618750	431.500899	-1579.386743	-441.319996	1579.386743	174.054259	1.082646	
175	36.224831	53.449526	17.446258	806.101968	-105.933761	-806.101968	417.456514	-1278.996088	-504.952015	1278.996088	105.104713	1.014657	
176	35.138623	50.167182	17.887323	914.498332	80.480204	-914.498332	373.899809	-951.600440	-540.192772	951.600440	-23.631314	0.953775	
177	33.767076	47.200681	18.195911	1009.395159	284.398858	-1009.395159	308.669598	-594.084978	-556.801559	594.084978	-196.331717	0.900766	
178	31.900904	44.747167	18.331645	1083.677976	502.631679	-1083.677976	233.868216	-207.312876	-566.886047	207.312876	-389.120493	0.856443	
179	29.453069	42.910304	18.252420	1132.527398	727.811873	-1132.527398	172.780253	196.914023	-583.913193	-196.914023	-574.776159	0.821625	
180	26.509358	41.629374	17.923493	1154.935553	944.389166	-1154.935553	167.893680	588.312874	-620.712111	-588.312874	-728.534943	0.797131	
181	23.286423	40.648653	17.335407	1151.625832	1125.788483	-1151.625832	281.845692	915.723375	-685.514926	-915.723375	-831.027995	0.783676	
182	20.057949	39.549546	16.530190	1115.324495	1235.936173	-1115.324495	582.637569	1116.886752	-778.624430	-1116.886752	-865.270609	0.781689	
183	17.313925	37.819846	15.626317	1020.388691	1232.134118	-1020.388691	1123.914857	1135.560563	-899.842903	-1135.560563	-804.034399	0.791221	
184	16.153981	34.721500	14.824403	832.781594	1065.711329	-832.781594	1927.911668	935.346180	-1060.512689	-935.346180	-591.530382	0.811953	
185	18.076166	28.897240	14.369944	562.674854	697.268741	-562.674854	2933.308014	525.721465	-1260.965969	-525.721465	-156.830111	0.843097	
186	23.732232	18.660435	14.450150	339.907205	143.135944	-339.907205	3923.265455	14.144187	-1445.227746	-14.144187	506.227409	0.883331	
187	31.893836	3.703180	15.057186	406.647851	-479.806286	-406.647851	4566.869543	-371.510015	-1522.211469	371.510015	1252.654754	0.930994	
188	39.736281	-13.317666	15.950368	936.477973	-976.335348	-936.477973	4617.586485	-377.092741	-1453.947965	377.092741	1813.441665	0.984379	
189	44.277648	-27.855270	16.790245	1829.352173	-1191.002800	-1829.352173	4092.611855	80.510267	-1284.889387	-80.510267	1973.928392	1.041871	
190	44.066171	-36.725580	17.322759	2765.241932	-1122.169036	-2765.241932	3238.737527	817.798421	-1073.186890	-817.798421	1742.177446	1.101961	
191	39.732493	-39.842155	17.464076	3463.890028	-894.458822	-3463.890028	2341.588591	1538.977994	-844.785627	-1538.977994	1303.901063	1.163266	
192	33.100906	-39.100679	17.268076	3835.946445	-642.146857	-3835.946445	1582.991515	2050.630780	-614.959450	-2050.630780	849.663364	1.224454	
193	26.006198	-36.572802	16.849299	3939.060140	-440.517285	-3939.060140	1021.487416	2319.623664	-405.556599	-2319.623664	482.255248	1.284260	
194	19.680145	-33.643864	16.322097	3875.461172	-308.663907	-3875.461172	638.947720	2407.069753	-235.822919	-2407.069753	227.365992	1.341982	
195	14.713281	-31.014284	15.771708	3728.677904	-237.515973	-3728.677904	393.447970	2391.600554	-114.241132	-2391.600554	73.754166	1.397641	
196	11.263921	-28.956206	15.249524	3545.086305	-210.530667	-3545.086305	253.229871	2329.745292	-41.259932	-2329.745292	0.844894	1.451726	
197	9.276394	-27.482543	14.779860	3339.841338	-211.632838	-3339.841338	205.917307	2250.638783	-14.422652	-2250.638783	-11.763521	1.505415	
198	8.633502	-26.439545	14.368884	3112.427662	-227.702229	-3112.427662	252.313277	2164.903631	-30.311659	-2164.903631	17.173816	1.560267	
199	9.219340	-25.587927	14.013009	2861.381441	-249.542721	-2861.381441	398.879577	2071.556322	-84.201352	-2071.556322	71.451178	1.616847	
200	10.907657	-24.642352	13.706597	2592.841045	-271.040552	-2592.841045	650.994374	1961.720699	-169.243838	-1961.720699	138.463904	1.674188	
201	13.519338	-23.272205	13.447907	2324.006671	-287.826336	-2324.006671	1003.135544	1823.526156	-275.938675	-1823.526156	209.785757	1.730825	
202	16.766797	-21.121512	13.241941	2084.528463	-297.072549	-2084.528463	1426.269536	1650.535103	-391.784785	-1650.535103	280.690659	1.785702	
203	20.214574	-17.889302	13.098728	1915.050868	-298.078291	-1915.050868	1858.349454	1452.765382	-501.199618	-1452.765382	348.198854	1.838084	
204	23.319732	-13.464654	13.026324	1856.287929	-292.680418	-1856.287929	2208.331139	1262.687858	-586.560636	-1262.687858	408.033274	1.887277	
205	25.555619	-8.048083	13.021135	1926.491354	-284.526060	-1926.491354	2380.156801	1127.126712	-631.121346	-1127.126712	452.108438	1.932461	
206	26.532266	-2.179089	13.061732	2103.106735	-276.472528	-2103.106735	2313.480157	1085.736773	-624.588528	-1085.736773	469.596786	1.972624	
207	26.061092	3.387867	13.111962	2329.542325	-267.782712	-2329.542325	2018.314516	1149.967009	-569.023420	-1149.967009	452.566533	2.006700	
208	24.185843	7.936040	13.132538	2544.802677	-254.270731	-2544.802677	1571.411441	1298.450302	-478.896683	-1298.450302	401.888669	2.033793	
209	21.182952	11.019960	13.093497	2711.461854	-231.479551	-2711.461854	1077.192968	1489.644747	-374.396797	-1489.644747	328.169885	2.053343	
210	17.509404	12.559517	12.980727	2823.375586	-198.028417	-2823.375586	626.444471	1679.533981	-273.718583	-1679.533981	247.118674	2.065210	
211	13.698501	12.792023	12.795516	2894.361282	-156.831307	-2894.361282	274.139003	1834.150986	-188.729577	-1834.150986	173.001927	2.069667	
212	10.243281	12.144027	12.549985	2940.953925	-113.931075	-2940.953925	38.102436	1933.715220	-124.627013	-1933.715220	114.531152	2.067299	
213	7.520765	11.090639	12.262002	2971.364174	-76.312716	-2971.364174	-89.770924	1970.744415	-81.882972	-1970.744415	74.636089	2.058932	
214	5.756778	10.038022	11.951493	2983.733064	-50.068918	-2983.733064	-130.328571	1946.792316	-58.252784	-1946.792316	52.294512	2.045602	
215	5.004374	9.257415	11.637945	2969.911797	-39.196865	-2969.911797	-108.854278	1870.392294	-49.819040	-1870.392294	44.281383	2.028516	
216	5.151654	8.880657	11.338297	2920.717337	-44.798975	-2920.717337	-51.548889	1755.406388	-51.495411	-1755.406388	46.348642	2.008983	
217	5.969328	8.931016	11.065258	2830.313080	-64.857066	-2830.313080	17.015290	1618.297056	-57.600127	-1618.297056	54.076278	1.988318	
218	7.168314	9.361805	10.826492	2698.589692	-94.700513	-2698.589692	76.694655	1474.937181	-62.597799	-1474.937181	63.415076	1.967672	
219	8.456302	10.079310	10.624721	2531.876980	-128.084688	-2531.876980	114.522414	1338.143794	-62.064976	-1338.143794	71.074663	1.947931	
220	9.597166	10.949787	10.458597	2342.325515	-158.898820	-2342.325515	126.795278	1216.087056	-53.717761	-1216.087056	74.918554	1.929778	
221	10.453891	11.819961	10.324138	2145.557142	-182.939013	-2145.557142	118.402990	1111.962286	-37.840061	-1111.962286	74.158119	1.913908	
222	10.993034	12.551970	10.216294	1957.070263	-198.725229	-1957.070263	98.876135	1025.233111	-16.679434	-1025.233111	69.128644	1.901197	
223	11.248040	13.045512	10.129987	1788.885079	-206.772075	-1788.885079	77.411480	953.630498	6.763195	-953.630498	60.736984	1.892498	
224	11.270885	13.243866	10.060439	1647.517342	-208.138135	-1647.517342	59.730282	894.582646	29.719336	-894.582646	49.938635	1.888333	
225	11.111544	13.134955	10.003240	1533.317996	-203.916809	-1533.317996	47.820105	845.592723	50.108652	-845.592723	37.550980	1.888809	
226	10.811031	12.741379	9.954434	1441.634170	-195.214237	-1441.634170	41.005047	804.419270	66.701960	-804.419270	24.209591	1.893730	
227	10.381027	12.102832	9.910480	1365.917907	-182.465025	-1365.917907	36.993568	769.503420	79.146929	-769.503420	10.198263	1.902717	
228	9.800577	11.272445	9.868030	1299.950038	-165.303296	-1299.950038	32.912815	739.926709	87.819111	-739.926709	-4.578726	1.915231	
229	9.042826	10.309591	9.823796	1238.085540	-143.568621	-1238.085540	26.272852	714.878471	93.586595	-714.878471	-20.364061	1.930657	
230	8.094535	9.254309	9.774554	1176.181198	-117.837019	-1176.181198	15.507009	693.513493	97.588411	-693.513493	-37.350869	1.948485	
231	6.963422	8.126438	9.717154	1112.667892	-89.070753	-1112.667892	-0.289566	675.239821	100.981260	-675.239821	-55.541259	1.968324	
232	5.686598	6.945275	9.648647	1047.807482	-58.506409	-1047.807482	-21.660892	659.632351	104.728422	-659.632351	-74.650204	1.989730	
233	4.319374	5.730346	9.566493	982.597508	-27.601741	-982.597508	-48.456170	646.060191	109.517610	-646.060191	-94.228873	2.012171	
234	2.910880	4.499637	9.468743	918.319484	2.284677	-918.319484	-79.554623	633.647298	115.686414	-633.647298	-113.784260	2.035159	
235	1.502131	3.263635	9.354152	856.505865	29.868179	-856.505865	-112.880372	621.448347	123.158447	-621.448347	-132.701718	2.058290	
236	0.137879	2.025163	9.222176	798.892040	53.966542	-798.892040	-145.987565	608.609957	131.546763	-608.609957	-150.271592	2.081273	
237	-1.130163	0.805202	9.072897	746.665804	73.781639	-746.665804	-176.831951	594.414773	140.286092	-594.414773	-165.862779	2.103941	
238	-2.262537	-0.364816	8.906952	700.242543	89.062946	-700.242543	-203.878783	578.350769	148.775355	-578.350769	-179.068490	2.126162	
239	-3.258118	-1.473752	8.725422	659.719108	100.189238	-659.719108	-226.226813	560.308895	156.655294	-560.308895	-189.791396	2.147729	
240	-4.141052	-2.515791	8.529697	624.498953	107.971511	-624.498953	-243.897643	540.532820	163.902790	-540.532820	-198.260853	2.168429	
241	-4.930316	-3.469528	8.321469	593.082575	113.364062	-593.082575	-257.648764	519.417357	170.588875	-519.417357	-204.874453	2.188173	
242	-5.634431	-4.304248	8.102853	563.722420	117.280502	-563.722420	-268.284046	497.345284	176.567558	-497.345284	-209.761266	2.206988	
243	-6.255116	-4.980376	7.876554	534.567823	120.454379	-534.567823	-276.296812	474.513954	181.427936	-474.513954	-212.615789	2.224885	
244	-6.792519	-5.460818	7.645910	504.027102	123.397056	-504.027102	-282.092604	451.001253	184.823052	-451.001253	-213.154555	2.241789	
245	-7.252083	-5.741507	7.414605	471.807067	126.244318	-471.807067	-285.837731	426.893147	186.724286	-426.893147	-211.477114	2.257607	
246	-7.633158	-5.858080	7.186216	438.996852	128.508887	-438.996852	-286.987067	402.107076	187.253630	-402.107076	-207.920351	2.272342	
247	-7.916048	-5.877065	6.963940	407.650548	129.031664	-407.650548	-284.002961	376.245019	186.404406	-376.245019	-202.735941	2.286135	
248	-8.076700	-5.874756	6.750493	380.011659	126.536831	-380.011659	-274.837167	348.933432	184.000884	-348.933432	-195.918337	2.299227	
249	-8.097286	-5.896005	6.548221	356.783954	120.447438	-356.783954	-258.281748	320.142413	179.798922	-320.142413	-187.277970	2.311882	
250	-7.960173	-5.924445	6.359500	336.037756	111.345979	-336.037756	-235.347939	290.163171	173.566150	-290.163171	-176.588989	2.324314	
251	-7.674390	-5.867014	6.186802	314.094326	101.312602	-314.094326	-210.271321	259.945750	165.380021	-259.945750	-163.972633	2.336688	
252	-7.270964	-5.631894	6.032049	288.859897	92.190193	-288.859897	-187.101692	230.547016	155.536253	-230.547016	-149.942610	2.349195	
253	-6.727587	-5.251316	5.896351	261.902939	82.806817	-261.902939	-164.046306	201.526024	143.807643	-201.526024	-134.581426	2.362103	
254	-5.998403	-4.800055	5.780476	234.928584	71.324957	-234.928584	-137.899434	171.980463	129.843402	-171.980463	-117.708907	2.375699	
255	-5.104973	-4.269098	5.684804	206.847690	58.630298	-206.847690	-110.777664	142.520726	114.006140	-142.520726	-99.792653	2.390249	
256	-4.100640	-3.630567	5.608750	176.030078	46.379608	-176.030078	-86.165805	114.259275	96.829934	-114.259275	-81.539296	2.406083	
257	-3.030535	-2.905034	5.550620	142.430411	35.166928	-142.430411	-65.027946	87.711865	78.625064	-87.711865	-63.429317	2.423588	
258	-1.965313	-2.130928	5.507572	106.723911	25.525821	-106.723911	-47.837955	63.288208	59.893673	-63.288208	-46.072516	2.443056	
259	-0.986503	-1.310850	5.475733	68.835535	18.032879	-68.835535	-35.106274	41.083361	41.233711	-41.083361	-30.024300	2.464589	
260	-0.129438	-0.428939	5.451280	28.065745	11.975356	-28.065745	-25.001278	19.829442	22.951753	-19.829442	-15.164750	2.488157	
261	0.600959	0.460064	5.431528	-16.397158	5.635829	16.397158	-13.834930	-2.862146	5.435070	2.862146	-1.024409	2.513649	
262	1.167148	1.241830	5.414751	-65.859687	-1.527980	65.859687	-0.304586	-28.781897	-10.257004	28.781897	12.221180	2.540829	
263	1.519283	1.831825	5.399809	-121.899576	-8.387036	121.899576	13.326090	-58.308209	-22.779228	58.308209	23.750078	2.569299	
264	1.631819	2.175774	5.386163	-182.666968	-13.276697	182.666968	23.551277	-89.577595	-30.769942	89.577595	32.248433	2.598465	
265	1.542386	2.263696	5.373842	-242.065344	-15.615310	242.065344	28.944780	-119.350230	-33.773816	119.350230	36.777562	2.627659	
266	1.296551	2.013886	5.360112	-272.181043	-15.663954	272.181043	30.208426	-134.862693	-30.274501	134.862693	34.598779	2.655702	
