kww	// User ID
24-6-2021	// Evaluation date
p20_warmup_002	24-6-2021	14:04:41:981	// Source file name and timestamp
357.143	// Sampling rate
1.272	// Data capture period

1.910000	// height
102.000000	// mass


Sample #	elbVar	shldrIR	LwristLinVelo	thorJFPd	thorSTPd	UaJFPp	UaSTPp	UaJFPd	UaSTPd	FaJFPp	FaSTPp	RwristLinVelo	
0	1.402093	-0.150101	1.341425	-7.358182	-0.090500	7.358182	-2.568598	-4.608889	4.366816	4.608889	-10.508411	0.821377	
1	1.357090	-0.221076	1.336024	-7.210033	-0.089118	7.210033	-2.612573	-4.581640	4.449807	4.581640	-10.516755	0.817158	
2	1.347668	-0.266794	1.329718	-7.039091	-0.091578	7.039091	-2.755942	-4.493262	4.539331	4.493262	-10.571456	0.812600	
3	1.200523	-0.406109	1.323055	-6.962875	-0.091707	6.962875	-2.478832	-4.644390	4.561327	4.644390	-10.434391	0.808340	
4	1.011494	-0.581059	1.316984	-6.970255	-0.094487	6.970255	-2.099931	-4.906020	4.577686	4.906020	-10.318455	0.805264	
5	0.790944	-0.785986	1.311956	-7.088067	-0.096926	7.088067	-1.664013	-5.270302	4.594133	5.270302	-10.237119	0.803430	
6	0.559911	-0.998893	1.308337	-7.283760	-0.094621	7.283760	-1.210315	-5.692199	4.611644	5.692199	-10.191877	0.802765	
7	0.326241	-1.210072	1.306419	-7.505571	-0.085522	7.505571	-0.729156	-6.149260	4.632971	6.149260	-10.182364	0.803186	
8	0.100399	-1.413994	1.306431	-7.733308	-0.071579	7.733308	-0.236391	-6.616678	4.654532	6.616678	-10.200054	0.804675	
9	-0.107113	-1.605776	1.308406	-7.971624	-0.056654	7.971624	0.237649	-7.072462	4.670666	7.072462	-10.238322	0.807247	
10	-0.291005	-1.776607	1.312140	-8.209160	-0.043981	8.209160	0.696057	-7.507553	4.679651	7.507553	-10.298930	0.810878	
11	-0.450092	-1.920642	1.317277	-8.427535	-0.036441	8.427535	1.155174	-7.924759	4.687771	7.924759	-10.392398	0.815473	
12	-0.583907	-2.040482	1.323436	-8.618898	-0.036530	8.618898	1.605079	-8.323985	4.704695	8.323985	-10.530112	0.820872	
13	-0.692068	-2.137874	1.330338	-8.782619	-0.045301	8.782619	2.022245	-8.692851	4.730550	8.692851	-10.705007	0.826855	
14	-0.776396	-2.210821	1.337808	-8.924910	-0.062615	8.924910	2.390286	-9.019150	4.758910	9.019150	-10.899808	0.833172	
15	-0.842891	-2.264025	1.345771	-9.055277	-0.086562	9.055277	2.710213	-9.310134	4.788839	9.310134	-11.109388	0.839573	
16	-0.894810	-2.308670	1.354239	-9.190494	-0.113043	9.190494	2.981010	-9.585580	4.828293	9.585580	-11.346962	0.845780	
17	-0.932314	-2.356046	1.363201	-9.359956	-0.139156	9.359956	3.176469	-9.863209	4.891393	9.863209	-11.638446	0.851362	
18	-0.961929	-2.411497	1.372564	-9.573423	-0.165373	9.573423	3.296379	-10.152093	4.975959	10.152093	-11.970717	0.855826	
19	-0.989576	-2.467576	1.382181	-9.806211	-0.193336	9.806211	3.386644	-10.438325	5.051700	10.438325	-12.265616	0.859003	
20	-1.014677	-2.521460	1.391861	-10.052932	-0.226183	10.052932	3.461251	-10.706755	5.102619	10.706755	-12.482492	0.861074	
21	-1.036954	-2.576570	1.401430	-10.318313	-0.266247	10.318313	3.527331	-10.957330	5.128199	10.957330	-12.623643	0.862264	
22	-1.054035	-2.618063	1.410861	-10.567351	-0.309711	10.567351	3.642884	-11.179860	5.111902	11.179860	-12.658749	0.862901	
23	-1.060184	-2.632607	1.420302	-10.793107	-0.350946	10.793107	3.810737	-11.370803	5.059456	11.370803	-12.605014	0.863345	
24	-1.055506	-2.628551	1.429966	-11.031951	-0.387700	11.031951	3.973976	-11.542455	4.994493	11.542455	-12.510213	0.863705	
25	-1.047600	-2.616354	1.439941	-11.286291	-0.420322	11.286291	4.127956	-11.694661	4.912962	11.694661	-12.360242	0.864053	
26	-1.043683	-2.605314	1.450148	-11.554947	-0.453696	11.554947	4.270092	-11.831948	4.817887	11.831948	-12.175286	0.864591	
27	-1.049518	-2.606736	1.460485	-11.854404	-0.496041	11.854404	4.374524	-11.985783	4.737034	11.985783	-12.040795	0.865313	
28	-1.070086	-2.619706	1.471006	-12.157600	-0.550297	12.157600	4.477368	-12.175456	4.671742	12.175456	-11.970491	0.865973	
29	-1.103694	-2.635129	1.481879	-12.428222	-0.610186	12.428222	4.630584	-12.380686	4.593462	12.380686	-11.896397	0.866509	
30	-1.140009	-2.649365	1.493152	-12.689101	-0.666486	12.689101	4.812388	-12.575429	4.490270	12.575429	-11.787486	0.867096	
31	-1.168892	-2.657221	1.504676	-12.960702	-0.713842	12.960702	4.994254	-12.749097	4.365862	12.749097	-11.652611	0.867869	
32	-1.193508	-2.653022	1.516282	-13.211586	-0.752826	13.211586	5.207953	-12.902848	4.215928	12.902848	-11.483231	0.868931	
33	-1.227939	-2.643128	1.527919	-13.408016	-0.789069	13.408016	5.492305	-13.050449	4.038498	13.050449	-11.275554	0.870507	
34	-1.279213	-2.639121	1.539655	-13.528260	-0.828997	13.528260	5.860678	-13.206972	3.843737	13.206972	-11.051554	0.872845	
35	-1.339598	-2.643651	1.551574	-13.567422	-0.875033	13.567422	6.298848	-13.372729	3.643894	13.372729	-10.836141	0.876008	
36	-1.396948	-2.654209	1.563731	-13.575212	-0.924901	13.575212	6.738744	-13.532372	3.446345	13.532372	-10.643485	0.879844	
37	-1.445842	-2.675995	1.576166	-13.639549	-0.974547	13.639549	7.074313	-13.665166	3.254009	13.665166	-10.476454	0.884135	
38	-1.487745	-2.715976	1.588818	-13.803125	-1.022654	13.803125	7.267212	-13.765493	3.063793	13.765493	-10.324698	0.888731	
39	-1.526841	-2.766816	1.601553	-14.006807	-1.072733	14.006807	7.425414	-13.858159	2.867033	13.858159	-10.172180	0.893560	
40	-1.565819	-2.813332	1.614313	-14.175844	-1.124655	14.175844	7.646141	-13.958831	2.657932	13.958831	-10.008198	0.898578	
41	-1.606029	-2.850893	1.627122	-14.321297	-1.170846	14.321297	7.885207	-14.050205	2.437155	14.050205	-9.823970	0.903808	
42	-1.651386	-2.883688	1.639982	-14.469813	-1.209769	14.469813	8.117932	-14.131706	2.203479	14.131706	-9.605913	0.909374	
43	-1.704821	-2.912556	1.652803	-14.597874	-1.248896	14.597874	8.409009	-14.226328	1.952023	14.226328	-9.344702	0.915451	
44	-1.764202	-2.936414	1.665468	-14.680934	-1.293589	14.680934	8.800968	-14.344695	1.681743	14.344695	-9.047798	0.922188	
45	-1.824297	-2.956911	1.677890	-14.714330	-1.343725	14.714330	9.279856	-14.478944	1.397633	14.478944	-8.735849	0.929663	
46	-1.883024	-2.976672	1.690051	-14.684403	-1.398843	14.684403	9.836799	-14.621122	1.104412	14.621122	-8.424260	0.937854	
47	-1.944199	-2.997684	1.702092	-14.569824	-1.462529	14.569824	10.504710	-14.780642	0.802396	14.780642	-8.116139	0.946700	
48	-2.007259	-3.020116	1.714226	-14.384292	-1.537635	14.384292	11.269619	-14.961954	0.496615	14.961954	-7.823494	0.956121	
49	-2.064991	-3.041931	1.726528	-14.178772	-1.621198	14.178772	12.040340	-15.147904	0.197076	15.147904	-7.565586	0.965938	
50	-2.115089	-3.059781	1.738931	-14.000769	-1.706526	14.000769	12.749435	-15.320560	-0.095149	15.320560	-7.337026	0.975947	
51	-2.159390	-3.070010	1.751345	-13.879599	-1.787251	13.879599	13.378573	-15.474941	-0.382096	15.474941	-7.124814	0.986059	
52	-2.196367	-3.071131	1.763742	-13.819908	-1.862978	13.819908	13.926305	-15.625088	-0.656194	15.625088	-6.947256	0.996210	
53	-2.224844	-3.066820	1.776189	-13.805188	-1.940969	13.805188	14.408591	-15.800576	-0.909697	15.800576	-6.836977	1.006230	
54	-2.247790	-3.064697	1.788776	-13.842998	-2.028550	13.842998	14.840699	-16.022209	-1.144706	16.022209	-6.804460	1.015904	
55	-2.269044	-3.071238	1.801499	-13.977775	-2.123423	13.977775	15.216264	-16.283133	-1.369629	16.283133	-6.822704	1.025110	
56	-2.292119	-3.089049	1.814263	-14.224032	-2.216664	14.224032	15.542833	-16.564189	-1.595194	16.564189	-6.842383	1.033913	
57	-2.321155	-3.117500	1.826960	-14.543580	-2.304118	14.543580	15.864225	-16.857007	-1.833176	16.857007	-6.825954	1.042492	
58	-2.358267	-3.151232	1.839511	-14.893096	-2.386142	14.893096	16.218935	-17.147161	-2.093259	17.147161	-6.745802	1.051055	
59	-2.400167	-3.181796	1.851894	-15.233428	-2.465445	15.233428	16.615287	-17.410343	-2.375078	17.410343	-6.592990	1.059820	
60	-2.442104	-3.207952	1.864149	-15.516531	-2.554587	15.516531	17.063501	-17.660452	-2.669021	17.660452	-6.419244	1.068878	
61	-2.484292	-3.236913	1.876342	-15.709153	-2.670085	15.709153	17.589505	-17.942888	-2.970962	17.942888	-6.290196	1.078098	
62	-2.528809	-3.271155	1.888556	-15.833799	-2.810348	15.833799	18.183033	-18.258292	-3.284373	18.258292	-6.194082	1.087340	
63	-2.575256	-3.305599	1.900846	-15.954892	-2.957503	15.954892	18.788948	-18.567854	-3.610103	18.567854	-6.073978	1.096642	
64	-2.622002	-3.337000	1.913228	-16.106860	-3.105683	16.106860	19.378913	-18.874958	-3.943701	18.874958	-5.926892	1.106121	
65	-2.665246	-3.363916	1.925732	-16.258175	-3.262435	16.258175	19.962224	-19.212094	-4.276133	19.212094	-5.790875	1.115736	
66	-2.701733	-3.382218	1.938409	-16.326303	-3.425901	16.326303	20.549059	-19.563887	-4.600950	19.563887	-5.653217	1.125300	
67	-2.733885	-3.389231	1.951210	-16.258100	-3.587430	16.258100	21.148219	-19.887160	-4.922451	19.887160	-5.457724	1.134752	
68	-2.763162	-3.386265	1.963976	-16.130578	-3.744745	16.130578	21.742071	-20.168743	-5.243269	20.168743	-5.189263	1.144232	
69	-2.782634	-3.373352	1.976528	-16.058263	-3.896872	16.058263	22.280297	-20.410744	-5.550835	20.410744	-4.881995	1.153850	
70	-2.783064	-3.346440	1.988690	-16.021271	-4.038112	16.021271	22.734636	-20.603768	-5.827457	20.603768	-4.562929	1.163559	
71	-2.757661	-3.298831	2.000302	-15.932474	-4.159184	15.932474	23.092294	-20.730230	-6.057103	20.730230	-4.236484	1.173278	
72	-2.701928	-3.225284	2.011278	-15.790541	-4.250805	15.790541	23.315303	-20.774857	-6.223861	20.774857	-3.908431	1.182980	
73	-2.627637	-3.137315	2.021642	-15.667289	-4.316390	15.667289	23.418860	-20.759686	-6.345213	20.759686	-3.582913	1.192684	
74	-2.571303	-3.070480	2.031494	-15.622081	-4.382442	15.622081	23.564216	-20.770563	-6.502235	20.770563	-3.241926	1.202437	
75	-2.562225	-3.051835	2.040930	-15.653623	-4.477095	15.653623	23.932484	-20.887889	-6.774473	20.887889	-2.856816	1.212315	
76	-2.586527	-3.063664	2.049999	-15.707444	-4.593588	15.707444	24.500566	-21.083410	-7.142798	21.083410	-2.417347	1.222378	
77	-2.613201	-3.070539	2.058720	-15.716970	-4.704001	15.716970	25.121845	-21.269705	-7.534466	21.269705	-1.931490	1.232672	
78	-2.638777	-3.068448	2.067083	-15.638717	-4.803033	15.638717	25.774801	-21.431448	-7.938577	21.431448	-1.406986	1.243273	
79	-2.665100	-3.063913	2.075067	-15.477426	-4.891866	15.477426	26.462460	-21.578006	-8.358917	21.578006	-0.854686	1.254276	
80	-2.678529	-3.046100	2.082689	-15.268507	-4.957214	15.268507	27.081119	-21.667956	-8.752205	21.667956	-0.289350	1.265750	
81	-2.682185	-3.017150	2.090015	-15.042017	-5.007112	15.042017	27.614172	-21.698616	-9.120470	21.698616	0.288982	1.277787	
82	-2.692989	-2.995313	2.097085	-14.832986	-5.068743	14.832986	28.153654	-21.724726	-9.517449	21.724726	0.883047	1.290537	
83	-2.713086	-2.986388	2.103889	-14.705523	-5.154289	14.705523	28.737487	-21.786633	-9.960344	21.786633	1.475270	1.304073	
84	-2.736202	-2.985942	2.110471	-14.720253	-5.265979	14.720253	29.365334	-21.908816	-10.438172	21.908816	2.044883	1.318325	
85	-2.757630	-2.989677	2.116986	-14.860010	-5.401939	14.860010	30.037116	-22.096899	-10.940758	22.096899	2.585236	1.333182	
86	-2.773387	-2.993073	2.123627	-15.043039	-5.553431	15.043039	30.738266	-22.329936	-11.455154	22.329936	3.099354	1.348558	
87	-2.783922	-2.993797	2.130555	-15.230376	-5.712449	15.230376	31.460866	-22.586585	-11.976925	22.586585	3.606069	1.364358	
88	-2.791294	-2.993047	2.137902	-15.455203	-5.872672	15.455203	32.197336	-22.848261	-12.504914	22.848261	4.128015	1.380492	
89	-2.788288	-2.989536	2.145750	-15.756229	-6.030207	15.756229	32.907280	-23.097751	-13.012897	23.097751	4.642225	1.396846	
90	-2.760178	-2.975375	2.154094	-16.121534	-6.184646	16.121534	33.530306	-23.328902	-13.453296	23.328902	5.081717	1.413203	
91	-2.697394	-2.940479	2.162800	-16.474029	-6.327162	16.474029	34.014383	-23.523310	-13.784420	23.523310	5.400588	1.429287	
92	-2.600336	-2.880886	2.171657	-16.750848	-6.440989	16.750848	34.314977	-23.645506	-13.984939	23.645506	5.595419	1.444888	
93	-2.480669	-2.804647	2.180521	-16.985466	-6.526554	16.985466	34.443201	-23.700059	-14.082881	23.700059	5.694479	1.459879	
94	-2.358571	-2.723300	2.189367	-17.193732	-6.592929	17.193732	34.490717	-23.715999	-14.148805	23.715999	5.765369	1.474166	
95	-2.247865	-2.640662	2.198221	-17.305978	-6.640220	17.305978	34.543836	-23.703985	-14.229754	23.703985	5.863425	1.487637	
96	-2.150854	-2.561480	2.207098	-17.316389	-6.709276	17.316389	34.716217	-23.752369	-14.363709	23.752369	5.977730	1.500218	
97	-2.066737	-2.492578	2.215988	-17.281046	-6.858072	17.281046	35.141966	-23.978748	-14.595408	23.978748	6.098899	1.512099	
98	-1.992485	-2.429885	2.224815	-17.211826	-7.057381	17.211826	35.770269	-24.329603	-14.898743	24.329603	6.261508	1.523684	
99	-1.922098	-2.364853	2.233388	-17.114728	-7.234574	17.114728	36.414775	-24.663839	-15.197080	24.663839	6.480907	1.535185	
100	-1.849378	-2.294930	2.241426	-16.974035	-7.380256	16.974035	36.991638	-24.949924	-15.453679	24.949924	6.723638	1.546546	
101	-1.767851	-2.221102	2.248686	-16.745540	-7.542693	16.745540	37.546191	-25.266112	-15.674557	25.266112	6.940494	1.557702	
102	-1.675844	-2.144753	2.254997	-16.440611	-7.754373	16.440611	38.123252	-25.669273	-15.872649	25.669273	7.128208	1.568683	
103	-1.579834	-2.065399	2.260227	-16.100749	-7.981939	16.100749	38.666112	-26.094127	-16.040320	26.094127	7.340804	1.579600	
104	-1.484330	-1.983218	2.264350	-15.754111	-8.171599	15.754111	39.086093	-26.433029	-16.147903	26.433029	7.606080	1.590545	
105	-1.385947	-1.898621	2.267512	-15.404972	-8.311795	15.404972	39.364580	-26.652170	-16.167976	26.652170	7.888915	1.601511	
106	-1.277235	-1.802378	2.269949	-14.991679	-8.405060	14.991679	39.458578	-26.763377	-16.064851	26.763377	8.125139	1.612399	
107	-1.153656	-1.683219	2.271877	-14.438828	-8.447265	14.438828	39.283683	-26.782221	-15.805404	26.782221	8.263981	1.623039	
108	-1.021074	-1.548099	2.273452	-13.751024	-8.460801	13.751024	38.906926	-26.737881	-15.422614	26.737881	8.317677	1.633257	
109	-0.889497	-1.416903	2.274791	-12.992038	-8.466737	12.992038	38.503237	-26.632200	-14.978963	26.632200	8.330472	1.642975	
110	-0.767057	-1.304430	2.276006	-12.202006	-8.450376	12.202006	38.189579	-26.428142	-14.514770	26.428142	8.331161	1.652128	
111	-0.663876	-1.213169	2.277199	-11.345163	-8.407226	11.345163	38.066745	-26.137988	-14.100858	26.137988	8.361865	1.660551	
112	-0.578282	-1.132299	2.278443	-10.393659	-8.382742	10.393659	38.197949	-25.885252	-13.805061	25.885252	8.434226	1.668091	
113	-0.487309	-1.047116	2.279758	-9.432219	-8.464649	9.432219	38.576073	-25.875665	-13.625589	25.875665	8.492403	1.674850	
114	-0.370764	-0.950131	2.281096	-8.544627	-8.718184	8.544627	39.186707	-26.244479	-13.531346	26.244479	8.511373	1.681280	
115	-0.230866	-0.840825	2.282360	-7.698122	-9.114676	7.698122	39.981449	-26.922993	-13.492817	26.922993	8.543494	1.687968	
116	-0.083854	-0.722669	2.283497	-6.805863	-9.575369	6.805863	40.905375	-27.748099	-13.500120	27.748099	8.671573	1.695407	
117	0.057591	-0.599410	2.284504	-5.831235	-10.047547	5.831235	41.933325	-28.615758	-13.561008	28.615758	8.954393	1.704050	
118	0.191641	-0.468591	2.285347	-4.820548	-10.481240	4.820548	42.937772	-29.444652	-13.634638	29.444652	9.377320	1.714276	
119	0.319677	-0.321092	2.285932	-3.776063	-10.796327	3.776063	43.671623	-30.120693	-13.631052	30.120693	9.866651	1.726082	
120	0.439800	-0.151313	2.286150	-2.624209	-10.935416	2.624209	43.978442	-30.576552	-13.499832	30.576552	10.359460	1.738961	
121	0.551483	0.031725	2.285894	-1.420866	-10.933807	1.420866	43.947639	-30.877186	-13.273926	30.877186	10.847144	1.752287	
122	0.657754	0.212664	2.285038	-0.330016	-10.870776	0.330016	43.770602	-31.129911	-13.007866	31.129911	11.348221	1.765761	
123	0.756026	0.381403	2.283524	0.601630	-10.761081	-0.601630	43.538176	-31.331363	-12.720349	31.331363	11.863581	1.779321	
124	0.839535	0.529945	2.281447	1.399973	-10.588803	-1.399973	43.301617	-31.432046	-12.421219	31.432046	12.380292	1.792851	
125	0.917744	0.661410	2.278968	2.023768	-10.378936	-2.023768	43.052053	-31.474186	-12.093718	31.474186	12.856600	1.806198	
126	1.009152	0.785744	2.276207	2.392124	-10.168760	-2.392124	42.726278	-31.547539	-11.708026	31.547539	13.258183	1.819304	
127	1.111352	0.896670	2.273307	2.426047	-9.993811	-2.426047	42.418907	-31.705869	-11.320098	31.705869	13.652158	1.832240	
128	1.208661	0.983592	2.270428	2.082064	-9.885337	-2.082064	42.276779	-31.960719	-11.017730	31.960719	14.138682	1.845238	
129	1.294355	1.047453	2.267569	1.418985	-9.846446	-1.418985	42.330684	-32.306959	-10.826424	32.306959	14.754464	1.858677	
130	1.367802	1.091012	2.264497	0.580821	-9.865744	-0.580821	42.603313	-32.742882	-10.749938	32.742882	15.514850	1.872998	
131	1.428504	1.115468	2.260916	-0.361192	-9.934176	0.361192	43.094534	-33.262591	-10.790087	33.262591	16.432205	1.888622	
132	1.476150	1.122734	2.256660	-1.497222	-10.041156	1.497222	43.704428	-33.846765	-10.928323	33.846765	17.494861	1.905882	
133	1.509864	1.114358	2.251769	-2.871130	-10.167665	2.871130	44.336005	-34.468952	-11.138210	34.468952	18.678854	1.924944	
134	1.531013	1.094960	2.246433	-4.377622	-10.283307	4.377622	44.945987	-35.113576	-11.393819	35.113576	19.960894	1.945766	
135	1.540769	1.067662	2.240855	-5.956263	-10.377748	5.956263	45.537258	-35.789437	-11.688210	35.789437	21.342981	1.968188	
136	1.533787	1.026243	2.235133	-7.572541	-10.457975	7.572541	46.155937	-36.491967	-12.026558	36.491967	22.829526	1.992079	
137	1.508327	0.966533	2.229207	-9.162591	-10.509167	9.162591	46.771851	-37.180075	-12.372362	37.180075	24.359120	2.017354	
138	1.479134	0.897294	2.222925	-10.756163	-10.517890	10.756163	47.243743	-37.827318	-12.648780	37.827318	25.834952	2.043898	
139	1.465194	0.830094	2.216130	-12.404555	-10.495519	12.404555	47.476831	-38.444761	-12.805413	38.444761	27.213598	2.071609	
140	1.469578	0.766201	2.208655	-14.087374	-10.457520	14.087374	47.504281	-39.052665	-12.853343	39.052665	28.516566	2.100454	
141	1.481282	0.699245	2.200279	-15.772626	-10.400150	15.772626	47.389615	-39.650724	-12.826334	39.650724	29.762802	2.130440	
142	1.490372	0.625901	2.190822	-17.445665	-10.301012	17.445665	47.145374	-40.211643	-12.740810	40.211643	30.934293	2.161513	
143	1.493070	0.548137	2.180283	-19.094573	-10.147695	19.094573	46.773190	-40.710655	-12.607645	40.710655	32.013191	2.193484	
144	1.487673	0.468459	2.168827	-20.686272	-9.947488	20.686272	46.314081	-41.147480	-12.446495	41.147480	33.001928	2.226069	
145	1.473859	0.386939	2.156665	-22.173203	-9.717860	22.173203	45.830870	-41.538131	-12.277259	41.538131	33.912740	2.259003	
146	1.450155	0.301686	2.143961	-23.510171	-9.474980	23.510171	45.388595	-41.898131	-12.117824	41.898131	34.759084	2.292133	
147	1.410033	0.210682	2.130785	-24.659589	-9.218508	24.659589	45.051651	-42.239490	-11.986732	42.239490	35.541428	2.325377	
148	1.350713	0.113159	2.117154	-25.631676	-8.948384	25.631676	44.848264	-42.582773	-11.894268	42.582773	36.260487	2.358681	
149	1.280171	0.011078	2.103103	-26.486238	-8.685514	26.486238	44.760004	-42.952063	-11.839030	42.952063	36.943548	2.392047	
150	1.205532	-0.090023	2.088657	-27.224604	-8.438962	27.224604	44.777076	-43.344962	-11.816072	43.344962	37.604990	2.425507	
151	1.127273	-0.184228	2.073816	-27.770512	-8.193198	27.770512	44.900875	-43.726251	-11.817517	43.726251	38.211238	2.458989	
152	1.047603	-0.269744	2.058596	-28.108398	-7.948931	28.108398	45.089838	-44.059104	-11.831478	44.059104	38.726477	2.492302	
153	0.969279	-0.350036	2.043037	-28.302318	-7.728102	28.302318	45.304430	-44.336215	-11.856116	44.336215	39.154752	2.525270	
154	0.891501	-0.431964	2.027156	-28.405276	-7.552177	28.405276	45.558138	-44.584159	-11.900930	44.584159	39.528930	2.557870	
155	0.814260	-0.520476	2.010973	-28.437637	-7.435693	28.437637	45.853387	-44.824131	-11.963547	44.824131	39.866674	2.590256	
156	0.737570	-0.615106	1.994586	-28.395897	-7.378584	28.395897	46.155322	-45.038617	-12.029839	45.038617	40.147486	2.622643	
157	0.659233	-0.714121	1.978108	-28.268107	-7.376185	28.268107	46.449109	-45.208645	-12.097940	45.208645	40.363387	2.655161	
158	0.578890	-0.816537	1.961551	-28.048550	-7.432670	28.048550	46.758392	-45.347662	-12.177816	45.347662	40.552378	2.687843	
159	0.497208	-0.918178	1.944842	-27.727304	-7.544003	27.727304	47.108922	-45.463863	-12.272157	45.463863	40.731177	2.720615	
160	0.412588	-1.014061	1.927882	-27.289234	-7.695111	27.289234	47.518011	-45.544256	-12.377417	45.544256	40.869632	2.753295	
161	0.322004	-1.105657	1.910606	-26.732855	-7.875980	26.732855	47.997811	-45.581428	-12.494422	45.581428	40.942202	2.785660	
162	0.220664	-1.200226	1.893003	-26.076623	-8.074881	26.076623	48.531289	-45.567985	-12.625290	45.567985	40.929159	2.817519	
163	0.106005	-1.302426	1.875113	-25.341114	-8.277571	25.341114	49.068974	-45.487318	-12.765134	45.487318	40.813836	2.848738	
164	-0.016143	-1.409657	1.857015	-24.532151	-8.482740	24.532151	49.557050	-45.324287	-12.898249	45.324287	40.606178	2.879264	
165	-0.137896	-1.517467	1.838785	-23.663420	-8.702065	23.663420	49.961722	-45.075723	-13.010631	45.075723	40.337809	2.909125	
166	-0.257936	-1.624350	1.820532	-22.772528	-8.944347	22.772528	50.250558	-44.738521	-13.098911	44.738521	40.029142	2.938368	
167	-0.375318	-1.728340	1.802468	-21.891188	-9.202801	21.891188	50.344504	-44.280881	-13.154405	44.280881	39.671111	2.966953	
168	-0.481309	-1.825367	1.784796	-21.047407	-9.468976	21.047407	50.131300	-43.662546	-13.160640	43.662546	39.266400	2.994713	
169	-0.566099	-1.916524	1.767601	-20.289886	-9.766013	20.289886	49.577568	-42.908161	-13.122090	42.908161	38.886550	3.021524	
170	-0.630093	-2.011529	1.750909	-19.654623	-10.146786	19.654623	48.803947	-42.119192	-13.076035	42.119192	38.642357	3.047536	
171	-0.682294	-2.115451	1.734718	-19.119104	-10.633949	19.119104	47.952853	-41.354118	-13.052991	41.354118	38.560495	3.073102	
172	-0.732561	-2.224218	1.718985	-18.621349	-11.195017	18.621349	47.052944	-40.568329	-13.049249	40.568329	38.551962	3.098437	
173	-0.789594	-2.340497	1.703776	-18.130490	-11.803459	18.130490	46.095790	-39.724878	-13.057561	39.724878	38.535874	3.123521	
174	-0.855364	-2.471076	1.689367	-17.680135	-12.467092	17.680135	45.082688	-38.835180	-13.083601	38.835180	38.507424	3.148289	
175	-0.920796	-2.611642	1.676036	-17.317278	-13.195053	17.317278	44.003255	-37.905116	-13.132842	37.905116	38.501298	3.172717	
176	-0.978830	-2.757293	1.663761	-17.039899	-13.992703	17.039899	42.932134	-36.968350	-13.221158	36.968350	38.566618	3.196842	
177	-1.034788	-2.914666	1.652206	-16.795360	-14.862510	16.795360	42.033299	-36.090641	-13.377958	36.090641	38.735334	3.220845	
178	-1.096242	-3.088944	1.640983	-16.528887	-15.786441	16.528887	41.390091	-35.282443	-13.621548	35.282443	38.988352	3.245001	
179	-1.161270	-3.269884	1.629838	-16.221955	-16.723521	16.221955	40.939908	-34.479022	-13.946985	34.479022	39.274958	3.269518	
180	-1.220808	-3.436314	1.618629	-15.853097	-17.607425	15.853097	40.556767	-33.584454	-14.326818	33.584454	39.526088	3.294451	
181	-1.271151	-3.572265	1.607240	-15.358995	-18.358742	15.358995	40.146879	-32.513066	-14.723829	32.513066	39.656077	3.319708	
182	-1.318922	-3.679162	1.595590	-14.735666	-18.953960	14.735666	39.713054	-31.251350	-15.120152	31.251350	39.625649	3.345124	
183	-1.371939	-3.772931	1.583670	-14.122642	-19.465742	14.122642	39.351536	-29.880146	-15.528802	29.880146	39.486036	3.370593	
184	-1.431048	-3.864439	1.571493	-13.659168	-19.970397	13.659168	39.125643	-28.471997	-15.968688	28.471997	39.308723	3.396136	
185	-1.491759	-3.944837	1.559041	-13.343328	-20.449349	13.343328	38.952037	-26.993541	-16.430159	26.993541	39.089812	3.421758	
186	-1.551738	-3.997891	1.546283	-13.112802	-20.827349	13.112802	38.685215	-25.360432	-16.872057	25.360432	38.740196	3.447241	
187	-1.611761	-4.018765	1.533218	-12.932299	-21.061833	12.932299	38.266941	-23.545630	-17.252104	23.545630	38.171419	3.472160	
188	-1.668985	-4.014337	1.519893	-12.796243	-21.181452	12.796243	37.745379	-21.608277	-17.553646	21.608277	37.388005	3.496082	
189	-1.717651	-3.992738	1.506461	-12.750630	-21.256718	12.750630	37.189644	-19.641572	-17.783408	19.641572	36.465853	3.518723	
190	-1.756775	-3.960091	1.493187	-12.888988	-21.349841	12.888988	36.642387	-17.717599	-17.953391	17.717599	35.455255	3.539931	
191	-1.795859	-3.925251	1.480374	-13.281420	-21.482789	13.281420	36.152370	-15.860590	-18.076200	15.860590	34.324267	3.559581	
192	-1.850969	-3.896951	1.468305	-13.893282	-21.614165	13.893282	35.766984	-14.035856	-18.163130	14.035856	32.976290	3.577508	
193	-1.930719	-3.875705	1.457184	-14.605969	-21.675454	14.605969	35.482973	-12.195532	-18.206877	12.195532	31.318778	3.593484	
194	-2.031382	-3.854817	1.447066	-15.313403	-21.630439	15.313403	35.250875	-10.328882	-18.177825	10.328882	29.308067	3.607229	
195	-2.143729	-3.826512	1.438008	-16.001510	-21.478496	16.001510	35.003230	-8.448425	-18.044826	8.448425	26.959309	3.618423	
196	-2.256320	-3.783581	1.430287	-16.771562	-21.244332	16.771562	34.662332	-6.578463	-17.781899	6.578463	24.336904	3.626718	
197	-2.356881	-3.718944	1.424224	-17.754953	-20.969238	17.754953	34.149912	-4.763268	-17.356060	4.763268	21.507145	3.631760	
198	-2.439451	-3.632926	1.419909	-19.031869	-20.704971	19.031869	33.460384	-3.061994	-16.751801	3.061994	18.527407	3.633217	
199	-2.509333	-3.539949	1.417226	-20.605525	-20.521316	20.605525	32.752523	-1.550054	-16.022452	1.550054	15.506571	3.630845	
200	-2.573461	-3.456716	1.416013	-22.417530	-20.497848	22.417530	32.268033	-0.315559	-15.265233	0.315559	12.613723	3.624574	
201	-2.630500	-3.387806	1.416087	-24.414801	-20.679748	24.414801	32.140444	0.592067	-14.538203	-0.592067	9.978655	3.614513	
202	-2.674366	-3.328114	1.417117	-26.542322	-21.041612	26.542322	32.341922	1.209984	-13.838413	-1.209984	7.629185	3.600878	
203	-2.698855	-3.269261	1.418430	-28.694792	-21.514918	28.694792	32.729888	1.629968	-13.139928	-1.629968	5.547224	3.583918	
204	-2.700687	-3.200409	1.418893	-30.761351	-22.027449	30.761351	33.076128	1.936566	-12.427550	-1.936566	3.722363	3.563908	
205	-2.683161	-3.114283	1.417232	-32.715350	-22.534819	32.715350	33.197741	2.172970	-11.716096	-2.172970	2.162934	3.541140	
206	-2.655120	-3.018312	1.412838	-34.632812	-23.065024	34.632812	33.161596	2.329000	-11.053511	-2.329000	0.898277	3.515925	
207	-2.626162	-2.928586	1.406193	-36.608272	-23.679945	36.608272	33.213007	2.376336	-10.470314	-2.376336	-0.098298	3.488642	
208	-2.602897	-2.852855	1.398393	-38.600478	-24.374945	38.600478	33.507813	2.326069	-9.949719	-2.326069	-0.933358	3.459721	
209	-2.586691	-2.788331	1.390508	-40.516087	-25.104609	40.516087	34.049621	2.218678	-9.480472	-2.218678	-1.662068	3.429563	
210	-2.573826	-2.728814	1.383298	-42.517169	-25.871660	42.517169	34.775115	2.085973	-9.064388	-2.085973	-2.272975	3.398455	
211	-2.560915	-2.671351	1.377171	-44.822068	-26.682043	44.822068	35.623041	1.976728	-8.702639	-1.976728	-2.756277	3.366555	
212	-2.544910	-2.613867	1.372239	-47.332848	-27.485928	47.332848	36.525962	1.949665	-8.391965	-1.949665	-3.111473	3.333932	
213	-2.518193	-2.546303	1.368456	-49.832175	-28.225567	49.832175	37.343679	1.996733	-8.064053	-1.996733	-3.414395	3.300553	
214	-2.473017	-2.456332	1.365743	-52.211091	-28.875763	52.211091	37.920338	2.052904	-7.609360	-2.052904	-3.800930	3.266212	
215	-2.406549	-2.339358	1.363951	-54.426139	-29.440602	54.426139	38.186020	2.061699	-6.963807	-2.061699	-4.355818	3.230619	
216	-2.317212	-2.193999	1.362811	-56.472659	-29.941278	56.472659	38.117574	1.953309	-6.077944	-1.953309	-5.144588	3.193516	
217	-2.204325	-2.018001	1.362067	-58.300525	-30.381018	58.300525	37.674201	1.624132	-4.883353	-1.624132	-6.266575	3.154706	
218	-2.076331	-1.816787	1.361590	-59.720782	-30.719154	59.720782	36.858655	1.031031	-3.379198	-1.031031	-7.766390	3.114085	
219	-1.946935	-1.601483	1.361270	-60.640396	-30.929552	60.640396	35.745615	0.200362	-1.620824	-0.200362	-9.629404	3.071670	
220	-1.818400	-1.373437	1.360826	-61.372370	-31.085377	61.372370	34.400400	-0.917925	0.409778	0.917925	-11.885070	3.027511	
221	-1.681454	-1.126946	1.359851	-62.538459	-31.367380	62.538459	32.918890	-2.466579	2.746078	2.466579	-14.519408	2.981582	
222	-1.534859	-0.867666	1.358047	-64.593890	-31.935176	64.593890	31.498048	-4.489382	5.275780	4.489382	-17.349493	2.933842	
223	-1.398639	-0.620105	1.355340	-67.254920	-32.722833	67.254920	30.334668	-6.756928	7.725541	6.756928	-20.081710	2.884283	
224	-1.293578	-0.405807	1.351799	-69.695245	-33.513797	69.695245	29.488355	-8.988883	9.870111	8.988883	-22.503977	2.832907	
225	-1.211899	-0.217401	1.347530	-71.537993	-34.247673	71.537993	28.873351	-11.256686	11.779038	11.256686	-24.678008	2.779756	
226	-1.135557	-0.039956	1.342669	-72.999720	-34.996751	72.999720	28.412912	-13.749560	13.638041	13.749560	-26.775636	2.724931	
227	-1.068526	0.117729	1.337358	-74.190984	-35.725404	74.190984	28.140020	-16.294670	15.406961	16.294670	-28.760044	2.668541	
228	-1.023668	0.240298	1.331688	-75.029557	-36.331885	75.029557	28.090240	-18.573914	16.929428	18.573914	-30.475203	2.610684	
229	-1.004274	0.324904	1.325725	-75.495762	-36.796439	75.495762	28.268148	-20.480392	18.139782	20.480392	-31.844888	2.551472	
230	-1.007685	0.374026	1.319545	-75.610287	-37.181142	75.610287	28.727461	-22.051478	19.023277	22.051478	-32.835540	2.491023	
231	-1.024776	0.395879	1.313208	-75.509950	-37.578319	75.509950	29.500188	-23.354774	19.598771	23.354774	-33.432404	2.429511	
232	-1.047586	0.401679	1.306787	-75.444184	-38.010304	75.444184	30.498190	-24.340600	19.882642	24.340600	-33.632528	2.367172	
233	-1.080194	0.393519	1.300398	-75.314303	-38.377880	75.314303	31.589691	-24.847075	19.835795	24.847075	-33.421929	2.304220	
234	-1.124203	0.371361	1.294169	-74.768739	-38.646643	74.768739	32.734794	-24.978382	19.507885	24.978382	-32.893422	2.240768	
235	-1.157681	0.356231	1.288157	-74.271486	-39.065282	74.271486	33.969651	-25.377208	19.249108	25.377208	-32.430600	2.176841	
236	-1.147536	0.384995	1.282346	-74.943172	-39.953567	74.943172	35.247350	-26.846362	19.570355	26.846362	-32.574827	2.112375	
237	-1.089274	0.465978	1.276725	-77.007502	-41.275028	77.007502	36.439147	-29.469821	20.582778	29.469821	-33.449357	2.047209	
238	-1.011177	0.568345	1.271352	-79.720287	-42.726913	79.720287	37.519473	-32.532136	21.866189	32.532136	-34.606916	1.981227	
239	-0.935060	0.666499	1.266289	-82.461056	-44.116650	82.461056	38.545107	-35.471428	23.054503	35.471428	-35.650228	1.914464	
240	-0.859840	0.762716	1.261440	-84.966191	-45.395928	84.966191	39.479343	-38.301679	24.153139	38.301679	-36.584102	1.847055	
241	-0.780225	0.866300	1.256507	-87.143746	-46.544320	87.143746	40.228967	-41.181251	25.284063	41.181251	-37.550240	1.779180	
242	-0.701644	0.973349	1.251144	-88.999792	-47.548237	88.999792	40.796703	-44.059911	26.432107	44.059911	-38.551900	1.711022	
243	-0.635667	1.070343	1.245195	-90.461681	-48.391516	90.461681	41.268303	-46.751694	27.451656	46.751694	-39.444766	1.642729	
244	-0.586092	1.150526	1.238710	-91.241370	-49.032373	91.241370	41.664096	-49.162855	28.231836	49.162855	-40.097967	1.574478	
245	-0.545336	1.217690	1.231735	-90.962282	-49.409878	90.962282	41.913855	-51.309449	28.789978	51.309449	-40.503340	1.506557	
246	-0.504256	1.275024	1.224271	-89.482217	-49.492470	89.482217	41.995569	-53.157276	29.173983	53.157276	-40.689897	1.439359	
247	-0.457976	1.323774	1.216455	-87.006143	-49.306871	87.006143	41.948256	-54.680219	29.413080	54.680219	-40.684262	1.373277	
248	-0.403814	1.371658	1.208543	-83.786717	-48.901127	83.786717	41.739222	-56.076261	29.617258	56.076261	-40.628718	1.308699	
249	-0.340974	1.427173	1.200610	-79.794496	-48.270366	79.794496	41.265075	-57.576359	29.898780	57.576359	-40.671045	1.246129	
250	-0.269816	1.493957	1.192457	-75.079618	-47.421745	75.079618	40.495666	-59.219989	30.269209	59.219989	-40.826717	1.186281	
251	-0.188966	1.576760	1.183838	-70.210016	-46.510896	70.210016	39.549276	-61.080739	30.772294	61.080739	-41.144471	1.129997	
252	-0.098006	1.677752	1.174520	-65.848075	-45.746916	65.848075	38.615342	-63.295230	31.482521	63.295230	-41.718508	1.078032	
253	-0.000002	1.794114	1.164338	-62.455206	-45.273734	62.455206	37.859268	-65.937430	32.398944	65.937430	-42.562959	1.030969	
254	0.103666	1.926638	1.153332	-60.359424	-45.175736	60.359424	37.362695	-69.116957	33.509163	69.116957	-43.673919	0.989398	
255	0.212971	2.077454	1.141747	-59.518182	-45.424178	59.518182	37.075631	-72.914901	34.805453	72.914901	-45.048540	0.954148	
256	0.323886	2.241715	1.129862	-59.397049	-45.860963	59.397049	36.857871	-77.226764	36.214715	77.226764	-46.613415	0.926301	
257	0.434974	2.415690	1.117795	-59.318930	-46.282587	59.318930	36.515737	-81.858823	37.671442	81.858823	-48.290784	0.907045	
258	0.554437	2.605490	1.105486	-58.963610	-46.563751	58.963610	35.874266	-86.728625	39.217290	86.728625	-50.097773	0.897550	
259	0.689537	2.815160	1.092875	-58.361642	-46.689191	58.361642	34.906250	-91.808595	40.893084	91.808595	-52.051195	0.898802	
260	0.837125	3.040140	1.080017	-57.690482	-46.685161	57.690482	33.703004	-96.998905	42.646986	96.998905	-54.088690	0.911346	
261	0.993216	3.280162	1.067062	-57.462436	-46.668867	57.462436	32.426707	-102.340845	44.459744	102.340845	-56.189987	0.935156	
262	1.161830	3.542217	1.054185	-58.327009	-46.838569	58.327009	31.283417	-108.088370	46.408841	108.088370	-58.422749	0.969762	
263	1.349209	3.829740	1.041506	-60.530496	-47.308250	60.530496	30.407964	-114.415711	48.579463	114.415711	-60.853774	1.014440	
264	1.557235	4.139741	1.029072	-63.687330	-48.033818	63.687330	29.778984	-121.318813	50.997619	121.318813	-63.492854	1.068326	
265	1.778061	4.462412	1.016926	-66.619727	-48.770053	66.619727	29.160098	-128.503719	53.547602	128.503719	-66.216552	1.130456	
266	1.993584	4.780802	1.005110	-67.799648	-49.127643	67.799648	28.173447	-135.253622	55.945943	135.253622	-68.745368	1.199651	
267	2.200521	5.092178	0.993678	-66.676159	-48.938995	66.676159	26.615127	-141.200945	58.081418	141.200945	-70.965917	1.274598	
268	2.415686	5.415000	0.982727	-64.115054	-48.428457	64.115054	24.657407	-146.791450	60.160235	146.791450	-73.091253	1.354212	
269	2.640792	5.757306	0.972264	-61.067060	-47.824296	61.067060	22.589569	-152.302279	62.247736	152.302279	-75.225166	1.437715	
270	2.870487	6.117641	0.962026	-57.738477	-47.156020	57.738477	20.507568	-157.701466	64.264807	157.701466	-77.299745	1.524522	
271	3.117769	6.505331	0.951711	-54.231499	-46.468395	54.231499	18.444724	-163.296639	66.316560	163.296639	-79.383770	1.614313	
272	3.389393	6.920876	0.941270	-50.836409	-45.850442	50.836409	16.572698	-169.284971	68.442665	169.284971	-81.497296	1.706992	
273	3.672216	7.347706	0.930789	-47.774757	-45.347079	47.774757	15.118064	-175.416755	70.443681	175.416755	-83.450886	1.802490	
274	3.955464	7.775693	0.920298	-45.187637	-44.992837	45.187637	14.221105	-181.450282	72.150852	181.450282	-85.079244	1.900668	
275	4.241583	8.209746	0.909814	-43.208029	-44.838120	43.208029	13.938223	-187.401210	73.566516	187.401210	-86.373339	2.001337	
276	4.540344	8.659938	0.899398	-41.921142	-44.919492	41.921142	14.297952	-193.446353	74.782011	193.446353	-87.403396	2.104338	
277	4.860936	9.130093	0.889127	-41.250645	-45.217447	41.250645	15.310892	-199.719185	75.863236	199.719185	-88.201405	2.209598	
278	5.203683	9.613846	0.879069	-41.050049	-45.646985	41.050049	16.958587	-206.069509	76.762233	206.069509	-88.685269	2.317079	
279	5.561301	10.104139	0.869274	-41.408444	-46.117298	41.408444	19.205590	-212.089696	77.366398	212.089696	-88.728218	2.426688	
280	5.929866	10.600752	0.859755	-42.575791	-46.613061	42.575791	22.060394	-217.520665	77.630476	217.520665	-88.283513	2.538278	
281	6.312793	11.104675	0.850493	-44.551119	-47.176034	44.551119	25.564678	-222.478683	77.600530	222.478683	-87.386057	2.651706	
282	6.707178	11.608930	0.841461	-46.949840	-47.796275	46.949840	29.692105	-227.108826	77.239234	227.108826	-85.985595	2.766853	
283	7.087734	12.094809	0.832581	-49.167993	-48.360761	49.167993	34.326585	-231.183622	76.222326	231.183622	-83.760118	2.883629	
284	7.423065	12.543048	0.823652	-50.729286	-48.731621	50.729286	39.336551	-234.303989	74.147813	234.303989	-80.306656	3.002016	
285	7.705127	12.949096	0.814331	-51.554678	-48.847136	51.554678	44.631163	-236.323984	70.925501	236.323984	-75.519793	3.122073	
286	7.950319	13.325175	0.804188	-51.843392	-48.729695	51.843392	50.116959	-237.355475	66.778482	237.355475	-69.610115	3.243904	
287	8.185706	13.694858	0.792752	-51.857617	-48.449100	51.857617	55.672502	-237.625794	62.030220	237.625794	-62.893076	3.367677	
288	8.426665	14.073139	0.779645	-51.746766	-48.068697	51.746766	61.251442	-237.339929	56.834082	237.339929	-55.496179	3.493715	
289	8.662292	14.448836	0.764827	-51.403736	-47.579833	51.403736	66.867081	-236.499076	51.073238	236.499076	-47.248651	3.622518	
290	8.878057	14.802326	0.748616	-50.560138	-46.920376	50.560138	72.436934	-235.003851	44.682879	235.003851	-38.042896	3.754530	
291	9.070652	15.121731	0.731458	-48.957802	-46.019799	48.957802	77.768680	-232.744042	37.793654	232.744042	-28.025446	3.889850	
292	9.232646	15.395171	0.713789	-46.409727	-44.784935	46.409727	82.645118	-229.496318	30.494174	229.496318	-17.342931	4.028266	
293	9.352502	15.614028	0.695982	-42.878545	-43.150937	42.878545	86.962559	-225.129435	22.779981	225.129435	-6.041309	4.169553	
294	9.429102	15.782352	0.678288	-38.504860	-41.166730	38.504860	90.820311	-219.858092	14.701348	219.858092	5.795448	4.313649	
295	9.469945	15.909554	0.660811	-33.462634	-38.955481	33.462634	94.368741	-214.097134	6.366307	214.097134	18.030545	4.460639	
296	9.476533	15.998872	0.643532	-27.923853	-36.649046	27.923853	97.745747	-208.191810	-2.187880	208.191810	30.625649	4.610760	
297	9.444917	16.048845	0.626373	-22.165587	-34.364872	22.165587	101.113505	-202.303786	-10.944529	202.303786	43.577940	4.764439	
298	9.383535	16.061831	0.609284	-16.458027	-32.153865	16.458027	104.447530	-196.460834	-19.676233	196.460834	56.566357	4.922005	
299	9.310777	16.040960	0.592256	-10.913186	-29.989365	10.913186	107.463366	-190.623330	-27.996717	190.623330	68.954490	5.083178	
300	9.239381	15.982771	0.575334	-5.502386	-27.813857	5.502386	109.794306	-184.683124	-35.577076	184.683124	80.094878	5.246943	
301	9.180225	15.882119	0.558743	-0.080210	-25.556894	0.080210	111.039677	-178.472972	-42.124602	178.472972	89.324787	5.411680	
302	9.143892	15.737960	0.542933	5.503864	-23.152504	-5.503864	110.838650	-171.803140	-47.413708	171.803140	96.038723	5.575252	
303	9.129480	15.551400	0.528382	11.266178	-20.571817	-11.266178	109.029050	-164.492456	-51.455660	164.492456	100.031938	5.735317	
304	9.125370	15.322263	0.515422	17.139451	-17.805991	-17.139451	105.594591	-156.378568	-54.432628	156.378568	101.460345	5.889735	
305	9.120010	15.046741	0.504236	23.038086	-14.831884	-23.038086	100.525147	-147.326081	-56.475555	147.326081	100.449201	6.036610	
306	9.108439	14.720666	0.494884	28.834168	-11.627366	-28.834168	93.857284	-137.256679	-57.595450	137.256679	96.922397	6.174094	
307	9.093222	14.345868	0.487267	34.433953	-8.183128	-34.433953	85.748231	-126.174472	-57.758210	126.174472	90.694573	6.300287	
308	9.078321	13.928437	0.481159	39.900969	-4.479842	-39.900969	76.451715	-114.176356	-56.991451	114.176356	81.665777	6.413245	
309	9.063015	13.476267	0.476303	45.407506	-0.502032	-45.407506	66.371291	-101.480593	-55.475553	101.480593	70.056971	6.511142	
310	9.044073	13.003392	0.472419	51.051996	3.714473	-51.051996	56.196765	-88.446338	-53.544319	88.446338	56.468464	6.592604	
311	9.018298	12.527364	0.469228	56.775270	8.082875	-56.775270	46.841962	-75.508494	-51.555146	75.508494	41.614880	6.656943	
312	8.981042	12.059101	0.466512	62.495888	12.517628	-62.495888	39.167184	-63.073106	-49.752016	63.073106	26.017521	6.704108	
313	8.927009	11.602917	0.464097	68.201890	16.951878	-68.201890	33.861773	-51.518109	-48.283221	51.518109	10.032447	6.734475	
314	8.850734	11.164157	0.461830	73.730077	21.270434	-73.730077	31.595401	-41.279199	-47.321159	41.279199	-5.847280	6.748807	
315	8.742290	10.744740	0.459588	78.666094	25.279083	-78.666094	32.938641	-32.806645	-47.032171	32.806645	-20.956389	6.748415	
316	8.588270	10.335586	0.457289	82.629225	28.777231	-82.629225	38.004275	-26.402117	-47.414567	26.402117	-34.809466	6.735170	
317	8.380229	9.925161	0.454872	85.398358	31.598847	-85.398358	46.390199	-22.152264	-48.302668	22.152264	-47.231748	6.711272	
318	8.116442	9.505939	0.452286	86.812584	33.615140	-86.812584	57.299132	-19.929700	-49.465583	19.929700	-58.214907	6.679022	
319	7.796970	9.069319	0.449502	86.729926	34.754942	-86.729926	69.556878	-19.383349	-50.631560	19.383349	-67.808225	6.640602	
320	7.426740	8.611263	0.446526	84.984217	34.977826	-84.984217	81.834767	-19.994242	-51.599206	19.994242	-75.914147	6.597949	
321	7.025653	8.143309	0.443396	81.507094	34.270139	-81.507094	92.989945	-21.152599	-52.403094	21.152599	-82.188167	6.552790	
322	6.631408	7.691055	0.440207	76.482658	32.706185	-76.482658	102.273272	-22.212340	-53.338598	22.212340	-86.252275	6.506677	
323	6.295604	7.289414	0.437129	70.194347	30.436572	-70.194347	109.548688	-22.577674	-54.936024	22.577674	-87.862059	6.460906	
324	6.079829	6.977191	0.434350	62.958698	27.649818	-62.958698	115.434842	-21.773708	-57.947554	21.773708	-86.918640	6.416434	
325	6.044141	6.784001	0.432001	55.182584	24.596830	-55.182584	121.137728	-19.495152	-63.169423	19.495152	-83.538736	6.373829	
326	6.229440	6.720427	0.430117	47.199154	21.578413	-47.199154	128.115931	-15.680353	-71.130056	15.680353	-78.158381	6.333231	
327	6.648588	6.778410	0.428619	39.142297	18.876881	-39.142297	137.763160	-10.549031	-81.916654	10.549031	-71.459366	6.294322	
328	7.281541	6.935814	0.427344	30.902361	16.690903	-30.902361	151.066479	-4.563627	-95.119398	4.563627	-64.110790	6.256450	
329	8.067723	7.162558	0.426107	22.044128	15.091656	-22.044128	168.263114	1.683213	-109.777908	-1.683213	-56.493245	6.219042	
330	8.919556	7.427786	0.424715	11.879381	14.052107	-11.879381	188.769210	7.649383	-124.595722	-7.649383	-48.643920	6.182186	
331	9.755178	7.704555	0.422945	-0.323073	13.538960	0.323073	211.456857	12.988820	-138.366078	-12.988820	-40.554247	6.146939	
332	10.506396	7.966420	0.420600	-15.272347	13.561450	15.272347	234.796399	17.569182	-150.060493	-17.569182	-32.418126	6.115155	
333	11.107458	8.186668	0.417633	-33.793524	14.131918	33.793524	256.905891	21.426802	-158.734012	-21.426802	-24.490026	6.089058	
334	11.499505	8.348193	0.414130	-56.777376	15.197882	56.777376	275.980401	24.733025	-163.685343	-24.733025	-16.827428	6.070741	
335	11.641183	8.444832	0.410163	-85.027470	16.652055	85.027470	290.616089	27.749337	-164.559223	-27.749337	-9.431551	6.061605	
336	11.512051	8.470251	0.405700	-119.297993	18.392143	119.297993	299.658316	30.743626	-161.194366	-30.743626	-2.698055	6.061856	
337	11.117735	8.410955	0.400694	-159.969387	20.294381	159.969387	302.224398	33.882286	-153.578019	-33.882286	2.588790	6.070254	
338	10.489082	8.244834	0.395176	-206.536988	22.164501	206.536988	297.876730	37.140112	-141.853673	-37.140112	5.679128	6.084250	
339	9.662905	7.934003	0.389252	-257.452395	23.769643	257.452395	286.189699	40.283548	-126.072824	-40.283548	6.001389	6.100411	
340	8.666846	7.418160	0.383056	-309.580526	24.871024	309.580526	266.268947	42.923465	-106.004253	-42.923465	3.068698	6.114900	
341	7.520418	6.624269	0.376738	-357.256986	25.225895	357.256986	237.052453	44.603498	-81.252789	-44.603498	-3.543596	6.123924	
342	6.238203	5.480879	0.370427	-392.082119	24.601669	392.082119	197.789497	44.924252	-51.479974	-44.924252	-14.115018	6.124143	
343	4.838724	3.927805	0.364202	-403.857936	22.799201	403.857936	148.527233	43.675125	-16.757919	-43.675125	-28.488664	6.113046	
344	3.356186	1.931994	0.358106	-382.300969	19.729612	382.300969	91.037953	40.951991	21.975085	-40.951991	-45.743323	6.089460	
345	1.842153	-0.496042	0.352202	-318.900620	15.577312	318.900620	29.528181	37.208057	62.678681	-37.208057	-64.206697	6.054064	
346	0.354769	-3.288757	0.346616	-209.251007	10.950478	209.251007	-29.539872	33.199282	102.380496	-33.199282	-81.827513	6.009541	
347	-1.056675	-6.310824	0.341538	-56.637031	6.919739	56.637031	-78.599659	29.884277	137.696880	-29.884277	-96.682228	5.960088	
348	-2.359310	-9.369413	0.337166	125.512445	4.884346	-125.512445	-111.010214	28.284028	165.544351	-28.284028	-107.423482	5.910405	
349	-3.538018	-12.247118	0.333686	315.309630	6.229375	-315.309630	-123.187620	29.293034	183.889976	-29.293034	-113.591616	5.864552	
350	-4.590495	-14.744010	0.331281	488.021017	11.846894	-488.021017	-115.742250	33.455924	192.188864	-33.455924	-115.595820	5.824926	
351	-5.519291	-16.720460	0.330124	622.957519	21.691461	-622.957519	-93.194078	40.807419	191.306830	-40.807419	-114.349024	5.791693	
352	-6.333339	-18.118366	0.330321	707.809811	34.620321	-707.809811	-62.524713	50.941155	183.093413	-50.941155	-110.876400	5.763002	
353	-7.048378	-18.943812	0.331896	739.354750	48.676294	-739.354750	-30.861973	63.252568	169.700168	-63.252568	-106.011316	5.735704	
354	-7.675430	-19.235354	0.334832	722.316527	61.679154	-722.316527	-3.403765	77.137372	152.958277	-77.137372	-100.242130	5.706184	
355	-8.213407	-19.053220	0.339064	667.305128	71.812009	-667.305128	17.113972	91.966166	134.237157	-91.966166	-93.751492	5.671129	
356	-8.654266	-18.481679	0.344447	587.882878	77.983322	-587.882878	29.982867	106.971227	114.579370	-106.971227	-86.489218	5.628208	
357	-8.985357	-17.616053	0.350770	497.571804	79.937498	-497.571804	36.057651	121.372874	94.755450	-121.372874	-78.310559	5.576524	
358	-9.189419	-16.543587	0.357782	407.866767	78.127511	-407.866767	37.036148	134.622008	75.362859	-134.622008	-69.206483	5.516635	
359	-9.256603	-15.341615	0.365176	327.237456	73.418730	-327.237456	34.639480	146.448085	56.971990	-146.448085	-59.366937	5.450178	
360	-9.198316	-14.081266	0.372571	260.652603	66.782918	-260.652603	30.210885	156.760700	40.104216	-156.760700	-49.093548	5.379370	
361	-9.044324	-12.821178	0.379569	209.849793	59.105211	-209.849793	24.636769	165.598856	25.116315	-165.598856	-38.768745	5.306595	
362	-8.827803	-11.604204	0.385855	174.352628	51.127315	-174.352628	18.433120	173.118585	12.155119	-173.118585	-28.807073	5.234046	
363	-8.575165	-10.464281	0.391275	152.423297	43.440528	-152.423297	11.993466	179.513899	1.163222	-179.513899	-19.500211	5.163443	
364	-8.305746	-9.429978	0.395821	141.636471	36.468607	-141.636471	5.739074	184.971486	-8.085133	-184.971486	-10.939350	5.095938	
365	-8.035131	-8.520533	0.399588	139.362300	30.473451	-139.362300	-0.004072	189.709760	-15.870367	-189.709760	-3.160155	5.032163	
366	-7.772105	-7.739842	0.402752	143.168069	25.575498	-143.168069	-5.143286	193.956154	-22.406720	-193.956154	3.731305	4.972337	
367	-7.519172	-7.079574	0.405510	151.015724	21.773990	-151.015724	-9.779424	197.882717	-27.830144	-197.882717	9.619246	4.916367	
368	-7.285830	-6.535756	0.408011	161.307436	18.999686	-161.307436	-14.012633	201.613853	-32.297986	-201.613853	14.491410	4.863872	
369	-7.084535	-6.106923	0.410329	172.853547	17.142193	-172.853547	-17.855395	205.205345	-36.006695	-205.205345	18.438222	4.814179	
370	-6.915376	-5.775219	0.412485	184.749825	16.033861	-184.749825	-21.444553	208.590603	-39.049183	-208.590603	21.496413	4.766354	
371	-6.772943	-5.512612	0.414477	196.273839	15.481215	-196.273839	-25.096774	211.637104	-41.404148	-211.637104	23.618973	4.719271	
372	-6.655587	-5.296383	0.416268	206.898801	15.310852	-206.898801	-29.101830	214.225636	-43.076197	-214.225636	24.827885	4.671756	
373	-6.561886	-5.107527	0.417751	216.239881	15.376069	-216.239881	-33.659089	216.241810	-44.108115	-216.241810	25.228674	4.622787	
374	-6.488076	-4.928576	0.418757	223.919638	15.563125	-223.919638	-38.892512	217.545949	-44.504389	-217.545949	24.909001	4.571641	
375	-6.430065	-4.746056	0.419121	229.560192	15.801615	-229.560192	-44.851161	217.988983	-44.216470	-217.988983	23.907666	4.517939	
376	-6.384193	-4.549280	0.418758	232.855957	16.058882	-232.855957	-51.521469	217.437648	-43.179575	-217.437648	22.255836	4.461588	
377	-6.346366	-4.331290	0.417683	233.630289	16.332276	-233.630289	-58.827337	215.846026	-41.355559	-215.846026	20.023410	4.402735	
378	-6.314850	-4.095397	0.415979	231.853052	16.646343	-231.853052	-66.608423	213.306500	-38.760892	-213.306500	17.320392	4.341706	
379	-6.289670	-3.856542	0.413733	227.614126	17.017904	-227.614126	-74.501303	209.887120	-35.508992	-209.887120	14.325527	4.278925	
380	-6.268847	-3.632822	0.411006	221.093251	17.418539	-221.093251	-82.056540	205.565269	-31.783775	-205.565269	11.256131	4.214876	
381	-6.249163	-3.433800	0.407874	212.547166	17.810224	-212.547166	-89.148127	200.472187	-27.685558	-200.472187	8.209793	4.150080	
382	-6.224939	-3.259229	0.404470	202.354998	18.184277	-202.354998	-95.874889	194.924838	-23.241546	-194.924838	5.197197	4.085028	
383	-6.190099	-3.109674	0.400978	191.039164	18.516775	-191.039164	-102.091739	189.131296	-18.575335	-189.131296	2.304790	4.020074	
384	-6.144922	-2.990152	0.397584	179.181480	18.728385	-179.181480	-107.445985	183.136753	-13.881486	-183.136753	-0.347960	3.955390	
385	-6.091536	-2.903688	0.394435	167.336818	18.715860	-167.336818	-111.655688	177.009047	-9.320151	-177.009047	-2.685134	3.891008	
386	-6.027010	-2.850952	0.391591	155.983502	18.389116	-155.983502	-114.529405	170.862331	-5.025350	-170.862331	-4.648744	3.826924	
387	-5.947367	-2.839835	0.389023	145.507261	17.670312	-145.507261	-115.881402	164.799882	-1.131122	-164.799882	-6.188777	3.763132	
388	-5.850802	-2.888061	0.386665	136.219697	16.485750	-136.219697	-115.527550	158.921364	2.223948	-158.921364	-7.268460	3.699637	
389	-5.736443	-3.008479	0.384475	128.306687	14.796792	-128.306687	-113.400962	153.284896	4.925328	-153.284896	-7.883370	3.636503	
390	-5.603383	-3.193158	0.382434	121.739756	12.642936	-121.739756	-109.629265	147.852313	6.923742	-147.852313	-8.079029	3.573868	
391	-5.449533	-3.419038	0.380536	116.330689	10.139848	-116.330689	-104.443133	142.554308	8.217011	-142.554308	-7.916896	3.511936	
392	-5.273126	-3.665114	0.378803	111.849530	7.450148	-111.849530	-98.117802	137.370333	8.806074	-137.370333	-7.434834	3.450999	
393	-5.073790	-3.911388	0.377265	108.054047	4.780354	-108.054047	-91.058727	132.348839	8.710935	-132.348839	-6.664830	3.391428	
394	-4.849812	-4.130407	0.375911	104.725018	2.375957	-104.725018	-83.809981	127.633183	8.014243	-127.633183	-5.670369	3.333626	
395	-4.598665	-4.294096	0.374708	101.704712	0.440419	-101.704712	-76.870308	123.372794	6.842680	-123.372794	-4.532215	3.277983	
396	-4.322170	-4.383372	0.373663	98.854345	-0.933164	-98.854345	-70.574250	119.603949	5.338086	-119.603949	-3.326201	3.224845	
397	-4.029338	-4.390193	0.372817	96.029817	-1.732113	-96.029817	-65.178308	116.288006	3.663012	-116.288006	-2.130668	3.174449	
398	-3.732877	-4.315061	0.372192	93.145911	-1.978340	-93.145911	-60.930106	113.366118	1.981375	-113.366118	-1.019309	3.126883	
399	-3.441374	-4.159989	0.371756	90.261406	-1.697282	-90.261406	-58.033134	110.794194	0.430740	-110.794194	-0.050670	3.082090	
400	-3.157878	-3.927195	0.371426	87.581949	-0.911939	-87.581949	-56.594040	108.589791	-0.879169	-108.589791	0.726218	3.039895	
401	-2.886573	-3.627753	0.371114	85.342514	0.316009	-85.342514	-56.544055	106.776987	-1.873067	-106.776987	1.275926	3.000020	
402	-2.633447	-3.282717	0.370827	83.678782	1.870678	-83.678782	-57.596688	105.289060	-2.529169	-105.289060	1.591672	2.962103	
403	-2.400330	-2.913119	0.370660	82.588288	3.608987	-82.588288	-59.308182	103.952836	-2.885463	-103.952836	1.701923	2.925758	
404	-2.184327	-2.535961	0.370717	81.958492	5.393282	-81.958492	-61.215383	102.554147	-3.018508	-102.554147	1.657664	2.890672	
405	-1.983756	-2.167140	0.371063	81.608393	7.133314	-81.608393	-62.998698	100.926650	-3.002573	-100.926650	1.503392	2.856629	
406	-1.800083	-1.819591	0.371778	81.325931	8.794520	-81.325931	-64.499944	98.980513	-2.890318	-98.980513	1.263773	2.823463	
407	-1.634053	-1.502035	0.372978	80.919554	10.353101	-80.919554	-65.603180	96.682615	-2.730978	-96.682615	0.960170	2.791048	
408	-1.485267	-1.223039	0.374719	80.201310	11.761569	-80.201310	-66.176539	94.032264	-2.576197	-94.032264	0.617336	2.759277	
409	-1.354530	-0.990279	0.376896	78.937803	12.963927	-78.937803	-66.116126	91.044331	-2.458876	-91.044331	0.249763	2.728049	
410	-1.243535	-0.806799	0.379324	76.955766	13.932874	-76.955766	-65.424512	87.757374	-2.389509	-87.757374	-0.139368	2.697274	
411	-1.154870	-0.672091	0.381886	74.250607	14.688219	-74.250607	-64.238194	84.258598	-2.360131	-84.258598	-0.556773	2.666882	
412	-1.091288	-0.582270	0.384573	70.929883	15.277364	-70.929883	-62.769082	80.679059	-2.345456	-80.679059	-1.017655	2.636746	
413	-1.051562	-0.531061	0.387412	67.121134	15.731047	-67.121134	-61.172927	77.107469	-2.334111	-77.107469	-1.521079	2.606657	
414	-1.030463	-0.517608	0.390406	62.938082	16.050120	-62.938082	-59.452401	73.535342	-2.346135	-73.535342	-2.042069	2.576440	
415	-1.023438	-0.544034	0.393507	58.502869	16.239374	-58.502869	-57.580867	69.970125	-2.400768	-69.970125	-2.557166	2.546035	
416	-1.026885	-0.602404	0.396629	53.964632	16.318268	-53.964632	-55.639072	66.517803	-2.499007	-66.517803	-3.050467	2.515438	
417	-1.036490	-0.680792	0.399677	49.487558	16.293498	-49.487558	-53.673169	63.262005	-2.638439	-63.262005	-3.502286	2.484664	
418	-1.049188	-0.776433	0.402593	45.252872	16.165693	-45.252872	-51.618288	60.194784	-2.817115	-60.194784	-3.895754	2.453744	
419	-1.064960	-0.888299	0.405357	41.427202	15.955041	-41.427202	-49.455732	57.306292	-3.023895	-57.306292	-4.227862	2.422717	
420	-1.086191	-1.009248	0.407951	38.082718	15.690467	-38.082718	-47.240550	54.610839	-3.232421	-54.610839	-4.508816	2.391611	
421	-1.115578	-1.132307	0.410299	35.183721	15.392578	-35.183721	-44.997631	52.093263	-3.412825	-52.093263	-4.752937	2.360439	
422	-1.155014	-1.256487	0.412277	32.661502	15.074921	-32.661502	-42.681131	49.673972	-3.550715	-49.673972	-4.973103	2.329208	
423	-1.205440	-1.384857	0.413727	30.491145	14.748625	-30.491145	-40.212784	47.252133	-3.645525	-47.252133	-5.179054	2.297955	
424	-1.261529	-1.513963	0.414470	28.716238	14.415302	-28.716238	-37.590312	44.850843	-3.707836	-44.850843	-5.352758	2.266754	
425	-1.312129	-1.632242	0.414362	27.386516	14.069069	-27.386516	-34.910450	42.605870	-3.755092	-42.605870	-5.450981	2.235691	
426	-1.354737	-1.735955	0.413309	26.454681	13.728083	-26.454681	-32.270968	40.560212	-3.786157	-40.560212	-5.469842	2.204875	
427	-1.397444	-1.827752	0.411230	25.751204	13.434591	-25.751204	-29.788804	38.673445	-3.779556	-38.673445	-5.451084	2.174438	
428	-1.445701	-1.905709	0.408058	25.072021	13.206133	-25.072021	-27.618848	36.943104	-3.719891	-36.943104	-5.423842	2.144476	
429	-1.500372	-1.969582	0.403775	24.261733	13.016184	-24.261733	-25.833042	35.340120	-3.603587	-35.340120	-5.397264	2.115030	
430	-1.562791	-2.019895	0.398434	23.208235	12.821240	-23.208235	-24.431549	33.805786	-3.415422	-33.805786	-5.382479	2.086118	
431	-1.632992	-2.051163	0.392157	21.860695	12.584381	-21.860695	-23.435728	32.357067	-3.122094	-32.357067	-5.388321	2.057723	
432	-1.707411	-2.058189	0.385125	20.255937	12.288268	-20.255937	-22.857781	31.057943	-2.706155	-31.057943	-5.412480	2.029738	
433	-1.781336	-2.043399	0.377597	18.479117	11.940654	-18.479117	-22.640726	29.918096	-2.187190	-29.918096	-5.446637	2.001995	
434	-1.849036	-2.015254	0.369886	16.638096	11.557927	-16.638096	-22.627248	28.868225	-1.616940	-28.868225	-5.471346	1.974367	
435	-1.902768	-1.982359	0.362341	14.842936	11.146021	-14.842936	-22.622901	27.813881	-1.059796	-27.813881	-5.451492	1.946851	
436	-1.938145	-1.951073	0.355328	13.161476	10.709155	-13.161476	-22.535045	26.698718	-0.553517	-26.698718	-5.364626	1.919556	
437	-1.958425	-1.925265	0.349147	11.591414	10.261471	-11.591414	-22.366048	25.491509	-0.095333	-25.491509	-5.221848	1.892633	
438	-1.969362	-1.903054	0.343934	10.064337	9.814918	-10.064337	-22.081513	24.134357	0.326366	-24.134357	-5.044159	1.866227	
439	-1.970669	-1.876450	0.339692	8.496359	9.363000	-8.496359	-21.558855	22.552206	0.695924	-22.552206	-4.826780	1.840480	
440	-1.954399	-1.836321	0.336345	6.847029	8.879746	-6.847029	-20.651855	20.701610	0.971545	-20.701610	-4.535381	1.815609	
441	-1.911669	-1.777420	0.333763	5.136936	8.334181	-5.136936	-19.283573	18.590794	1.122821	-18.590794	-4.139483	1.791934	
442	-1.838191	-1.701283	0.331781	3.417774	7.703960	-3.417774	-17.437909	16.240682	1.145220	-16.240682	-3.635077	1.769792	
443	-1.731421	-1.612724	0.330215	1.718506	6.967236	-1.718506	-15.065177	13.636574	1.028972	-13.636574	-3.022306	1.749490	
444	-1.586752	-1.513294	0.328882	0.039142	6.093306	-0.039142	-12.078496	10.749994	0.746132	-10.749994	-2.286872	1.731343	
445	-1.400750	-1.400527	0.327673	-1.639745	5.057358	1.639745	-8.436525	7.580748	0.277910	-7.580748	-1.420925	1.715691	
446	-1.175453	-1.272613	0.326613	-3.374107	3.856179	3.374107	-4.169187	4.150757	-0.368520	-4.150757	-0.441912	1.702825	
447	-0.917506	-1.133714	0.325846	-5.223998	2.506848	5.223998	0.665458	0.480637	-1.170816	-0.480637	0.617069	1.692969	
448	-0.635003	-0.993671	0.325548	-7.199440	1.043932	7.199440	6.022831	-3.423504	-2.106534	3.423504	1.725147	1.686329	
449	-0.339681	-0.864711	0.325868	-9.260088	-0.465301	9.260088	11.829306	-7.546202	-3.143718	7.546202	2.846119	1.683116	
450	-0.053023	-0.762158	0.326944	-11.347812	-1.905177	11.347812	17.900756	-11.829502	-4.215600	11.829502	3.913149	1.683481	
451	0.187983	-0.705755	0.328880	-13.321810	-3.086775	13.321810	23.772703	-16.040712	-5.197589	16.040712	4.804009	1.687399	
452	0.357796	-0.702250	0.331651	-15.030044	-3.857504	15.030044	28.996668	-19.911335	-5.997173	19.911335	5.433188	1.694518	
453	0.398241	-0.745286	0.335071	-15.701117	-3.834240	15.701117	31.780764	-21.924660	-6.390766	21.924660	5.579207	1.703925	
454	0.401106	-0.799257	0.338799	-16.140650	-3.547111	16.140650	33.862026	-23.435912	-6.660080	23.435912	5.575833	1.713889	
