kww	// User ID
24-6-2021	// Evaluation date
p20_warmup_043	24-6-2021	14:17:34:618	// Source file name and timestamp
357.143	// Sampling rate
0.908	// Data capture period

1.910000	// height
102.000000	// mass


Sample #	elbVar	shldrIR	LwristLinVelo	thorJFPd	thorSTPd	UaJFPp	UaSTPp	UaJFPd	UaSTPd	FaJFPp	FaSTPp	RwristLinVelo	
0	1.906731	1.285760	2.771220	10.541361	0.687149	-10.541361	-2.530584	-0.145871	1.135176	0.145871	-10.542752	1.847861	
1	1.878059	1.102199	2.764983	11.430318	0.746528	-11.430318	-2.512167	0.476621	1.525313	-0.476621	-12.634552	1.863649	
2	1.887193	0.968915	2.755710	12.351243	0.831445	-12.351243	-2.593167	1.000489	1.842562	-1.000489	-14.599690	1.875410	
3	1.695315	0.641743	2.744982	13.230355	0.828196	-13.230355	-2.266097	2.001218	2.285281	-2.001218	-16.663342	1.883074	
4	1.415664	0.256688	2.735647	13.999394	0.789974	-13.999394	-1.838686	3.142529	2.727170	-3.142529	-18.474456	1.886655	
5	1.074236	-0.160142	2.729206	14.605022	0.721406	-14.605022	-1.354392	4.335553	3.158548	-4.335553	-20.000516	1.886382	
6	0.719460	-0.559113	2.726802	15.036640	0.633582	-15.036640	-0.853279	5.435362	3.553643	-5.435362	-21.209878	1.882535	
7	0.368496	-0.923802	2.729088	15.286655	0.536028	-15.286655	-0.336468	6.377217	3.903091	-6.377217	-22.078653	1.875603	
8	0.026868	-1.254717	2.736245	15.344374	0.441201	-15.344374	0.187797	7.140332	4.213044	-7.140332	-22.646586	1.866248	
9	-0.292157	-1.552415	2.748103	15.196748	0.360106	-15.196748	0.689838	7.709498	4.500598	-7.709498	-23.047147	1.855127	
10	-0.568654	-1.817182	2.764374	14.777090	0.302226	-14.777090	1.108298	8.070263	4.784279	-8.070263	-23.446134	1.842798	
11	-0.797623	-2.048769	2.784718	14.075024	0.266912	-14.075024	1.431250	8.232158	5.065957	-8.232158	-23.888388	1.829818	
12	-0.992803	-2.249893	2.808661	13.173536	0.242721	-13.173536	1.724355	8.231371	5.318679	-8.231371	-24.237540	1.816802	
13	-1.166545	-2.425534	2.835555	12.086209	0.215557	-12.086209	2.065916	8.099082	5.486357	-8.099082	-24.255993	1.804217	
14	-1.321444	-2.566094	2.864663	10.882155	0.170193	-10.882155	2.560031	7.841529	5.506387	-7.841529	-23.739671	1.792221	
15	-1.447946	-2.652877	2.895296	9.755186	0.102397	-9.755186	3.264047	7.457174	5.379807	-7.457174	-22.773580	1.780804	
16	-1.525476	-2.683750	2.926886	8.719162	0.028535	-8.719162	4.049978	6.948539	5.195702	-6.948539	-21.753300	1.769758	
17	-1.547508	-2.677469	2.958957	7.618641	-0.033332	-7.618641	4.739150	6.329920	5.038335	-6.329920	-20.960083	1.758507	
18	-1.531482	-2.649749	2.991063	6.385809	-0.084932	-6.385809	5.330133	5.617380	4.898790	-5.617380	-20.267572	1.746324	
19	-1.501560	-2.605368	3.022816	5.069312	-0.138246	-5.069312	5.947021	4.819378	4.727946	-4.819378	-19.440437	1.732932	
20	-1.475741	-2.556697	3.053907	3.751313	-0.194600	-3.751313	6.639223	3.959613	4.531086	-3.959613	-18.512140	1.718701	
21	-1.459108	-2.515398	3.084156	2.442909	-0.250767	-2.442909	7.397209	3.047870	4.327537	-3.047870	-17.581861	1.704337	
22	-1.447294	-2.477653	3.113572	1.095634	-0.306693	-1.095634	8.232803	2.061118	4.109827	-2.061118	-16.640356	1.690659	
23	-1.439778	-2.440445	3.142291	-0.299852	-0.358291	0.299852	9.120638	1.008706	3.883612	-1.008706	-15.720300	1.678280	
24	-1.445038	-2.408427	3.170445	-1.733761	-0.403817	1.733761	10.066459	-0.073600	3.634961	0.073600	-14.791000	1.667562	
25	-1.470280	-2.388101	3.198114	-3.228440	-0.444281	3.228440	11.112772	-1.164207	3.330017	1.164207	-13.775168	1.658992	
26	-1.511947	-2.385204	3.225398	-4.840938	-0.475729	4.840938	12.193282	-2.240417	2.982361	2.240417	-12.754106	1.652937	
27	-1.560173	-2.396582	3.252518	-6.648136	-0.495685	6.648136	13.196067	-3.294619	2.627095	3.294619	-11.847219	1.649259	
28	-1.607995	-2.413130	3.279731	-8.682931	-0.506730	8.682931	14.071847	-4.334363	2.275720	4.334363	-11.076467	1.647511	
29	-1.656024	-2.429828	3.307179	-10.875362	-0.513416	10.875362	14.855433	-5.357619	1.910799	5.357619	-10.378830	1.647217	
30	-1.707031	-2.443779	3.334859	-13.128032	-0.519508	13.128032	15.642947	-6.375536	1.497557	6.375536	-9.648414	1.648152	
31	-1.756113	-2.453133	3.362668	-15.448258	-0.523454	15.448258	16.423154	-7.399664	1.043386	7.399664	-8.895445	1.650339	
32	-1.793967	-2.459769	3.390469	-17.924808	-0.521235	17.924808	17.015593	-8.392683	0.614693	8.392683	-8.285302	1.653440	
33	-1.819467	-2.464565	3.418187	-20.562862	-0.515110	20.562862	17.323291	-9.313310	0.245205	9.313310	-7.892383	1.656565	
34	-1.840887	-2.464564	3.445820	-23.233493	-0.511493	23.233493	17.482806	-10.187702	-0.110528	10.187702	-7.586443	1.659057	
35	-1.863587	-2.456824	3.473339	-25.840092	-0.512828	25.840092	17.666480	-11.081232	-0.500791	11.081232	-7.230507	1.660984	
36	-1.882281	-2.438634	3.500609	-28.447982	-0.516633	28.447982	17.917979	-12.050002	-0.921775	12.050002	-6.803348	1.662775	
37	-1.891656	-2.405068	3.527455	-31.124873	-0.519470	31.124873	18.231311	-13.127299	-1.356853	13.127299	-6.310822	1.664815	
38	-1.896423	-2.351053	3.553699	-33.777793	-0.519471	33.777793	18.622318	-14.318376	-1.810563	14.318376	-5.724626	1.667441	
39	-1.900321	-2.276844	3.579161	-36.319090	-0.514828	36.319090	19.061835	-15.620382	-2.276159	15.620382	-5.038266	1.671009	
40	-1.899577	-2.190020	3.603721	-38.818011	-0.503280	38.818011	19.466392	-17.035129	-2.721538	17.035129	-4.295042	1.675848	
41	-1.892284	-2.103436	3.627383	-41.388713	-0.485650	41.388713	19.772514	-18.533988	-3.123393	18.533988	-3.546578	1.682154	
42	-1.881279	-2.034720	3.650257	-44.100065	-0.467185	44.100065	19.948634	-20.032181	-3.482549	20.032181	-2.826939	1.689874	
43	-1.869245	-1.998523	3.672460	-46.967396	-0.452759	46.967396	19.991679	-21.447151	-3.816614	21.447151	-2.143630	1.698745	
44	-1.855416	-1.992607	3.694078	-49.916408	-0.441657	49.916408	19.940122	-22.782578	-4.141549	22.782578	-1.487936	1.708543	
45	-1.836330	-2.009923	3.715222	-52.965259	-0.431441	52.965259	19.807156	-24.080745	-4.455915	24.080745	-0.869013	1.719220	
46	-1.807527	-2.056082	3.735992	-56.347646	-0.424876	56.347646	19.528810	-25.330490	-4.748319	25.330490	-0.323371	1.730730	
47	-1.765628	-2.127404	3.756365	-60.108778	-0.424132	60.108778	19.092356	-26.537498	-5.015596	26.537498	0.131009	1.742887	
48	-1.714260	-2.199896	3.776211	-63.902850	-0.426089	63.902850	18.628617	-27.770667	-5.276582	27.770667	0.533089	1.755563	
49	-1.665094	-2.259265	3.795360	-67.380094	-0.430860	67.380094	18.292152	-29.041362	-5.571633	29.041362	0.951310	1.768848	
50	-1.627254	-2.309435	3.813675	-70.504593	-0.443779	70.504593	18.113748	-30.277113	-5.931823	30.277113	1.424322	1.782936	
51	-1.597544	-2.351819	3.831037	-73.471163	-0.470253	73.471163	17.979482	-31.422215	-6.335141	31.422215	1.914526	1.797884	
52	-1.564865	-2.377791	3.847365	-76.393359	-0.512278	76.393359	17.777134	-32.488223	-6.721551	32.488223	2.354258	1.813501	
53	-1.519221	-2.371536	3.862634	-79.174429	-0.562888	79.174429	17.508013	-33.574448	-7.039369	33.574448	2.733701	1.829617	
54	-1.451136	-2.319819	3.876838	-81.764744	-0.611111	81.764744	17.156765	-34.816255	-7.232439	34.816255	3.058773	1.846308	
55	-1.350603	-2.229924	3.889989	-84.324457	-0.657961	84.324457	16.594167	-36.236969	-7.229804	36.236969	3.269087	1.863664	
56	-1.213460	-2.123689	3.902192	-86.917195	-0.714962	86.917195	15.719313	-37.740184	-6.994224	37.740184	3.288912	1.881549	
57	-1.048368	-2.015940	3.913699	-89.339404	-0.789758	89.339404	14.588476	-39.231902	-6.567562	39.231902	3.125215	1.899715	
58	-0.876200	-1.915405	3.924871	-91.352626	-0.886067	91.352626	13.396887	-40.637856	-6.072126	40.637856	2.880977	1.917973	
59	-0.719251	-1.830103	3.936031	-92.786308	-1.001939	92.786308	12.411739	-41.928582	-5.657514	41.928582	2.709555	1.936217	
60	-0.588634	-1.757117	3.947446	-93.585025	-1.118792	93.585025	11.813670	-43.198274	-5.406640	43.198274	2.722886	1.954400	
61	-0.478847	-1.678522	3.959390	-93.852020	-1.214762	93.852020	11.505703	-44.575620	-5.271642	44.575620	2.879106	1.972547	
62	-0.377210	-1.576913	3.972065	-93.624843	-1.286692	93.624843	11.242481	-46.059955	-5.146740	46.059955	3.042173	1.990661	
63	-0.273114	-1.448836	3.985505	-92.824818	-1.345155	92.824818	10.879076	-47.546204	-4.960572	47.546204	3.115703	2.008573	
64	-0.149750	-1.298447	3.999568	-91.541196	-1.404824	91.541196	10.283402	-48.954493	-4.619934	48.954493	3.000192	2.025895	
65	0.015424	-1.125822	4.013919	-89.996296	-1.480053	89.996296	9.255943	-50.270083	-3.987606	50.270083	2.565353	2.042093	
66	0.232959	-0.924766	4.028126	-88.230510	-1.572226	88.230510	7.706255	-51.527155	-2.985653	51.527155	1.757047	2.056703	
67	0.492516	-0.693882	4.041868	-86.235880	-1.672713	86.235880	5.755582	-52.751386	-1.670004	52.751386	0.664076	2.069589	
68	0.775265	-0.446751	4.055025	-84.261682	-1.784164	84.261682	3.617018	-53.893294	-0.176701	53.893294	-0.553951	2.080956	
69	1.073984	-0.200243	4.067602	-82.578893	-1.920087	82.578893	1.413585	-54.883814	1.420220	54.883814	-1.814247	2.091130	
70	1.390886	0.042955	4.079635	-81.126979	-2.081371	81.126979	-0.824553	-55.725282	3.124580	55.725282	-3.115939	2.100412	
71	1.712196	0.287384	4.091146	-79.633570	-2.244204	79.633570	-2.941971	-56.476412	4.844491	56.476412	-4.359708	2.109094	
72	2.002375	0.524928	4.102136	-77.934334	-2.382571	77.934334	-4.561778	-57.169702	6.322342	57.169702	-5.284908	2.117473	
73	2.237192	0.741926	4.112586	-76.016388	-2.493229	76.016388	-5.393685	-57.782170	7.361197	57.782170	-5.697789	2.125807	
74	2.424416	0.941532	4.122456	-73.860525	-2.576762	73.860525	-5.500254	-58.317050	8.006468	58.317050	-5.645585	2.134289	
75	2.579226	1.135486	4.131679	-71.473474	-2.621852	71.473474	-5.058059	-58.813767	8.371976	58.813767	-5.241368	2.143093	
76	2.703354	1.327604	4.140148	-69.088103	-2.619965	69.088103	-4.129648	-59.257271	8.464025	59.257271	-4.488237	2.152387	
77	2.797261	1.519334	4.147735	-67.016240	-2.563743	67.016240	-2.785546	-59.628892	8.283150	59.628892	-3.383833	2.162308	
78	2.871875	1.712250	4.154309	-65.281782	-2.448310	65.281782	-1.143043	-59.993174	7.913225	59.993174	-2.013817	2.172989	
79	2.944703	1.906643	4.159698	-63.896466	-2.281736	63.896466	0.649746	-60.438429	7.474659	60.438429	-0.499564	2.184554	
80	3.029264	2.105426	4.163693	-63.092940	-2.071038	63.092940	2.423348	-61.018922	7.060512	61.018922	1.062362	2.197124	
81	3.126637	2.309437	4.166109	-62.820117	-1.824182	62.820117	4.177045	-61.741474	6.671940	61.741474	2.659431	2.210841	
82	3.230549	2.513188	4.166847	-62.861388	-1.568580	62.861388	6.070072	-62.537363	6.231247	62.537363	4.367124	2.225875	
83	3.333263	2.706691	4.165930	-63.452351	-1.330796	63.452351	8.227846	-63.332284	5.655286	63.332284	6.272694	2.242393	
84	3.425322	2.876543	4.163495	-64.993582	-1.112972	64.993582	10.725723	-64.182149	4.896134	64.182149	8.411443	2.260599	
85	3.504914	3.013303	4.159835	-67.516661	-0.909209	67.516661	13.553011	-65.237131	3.981194	65.237131	10.746421	2.280739	
86	3.586551	3.119560	4.155381	-70.731927	-0.727121	70.731927	16.568108	-66.554514	3.015562	66.554514	13.209308	2.303001	
87	3.687703	3.207245	4.150485	-74.271441	-0.577733	74.271441	19.622795	-68.046970	2.092674	68.046970	15.780484	2.327412	
88	3.809088	3.286933	4.145254	-77.960148	-0.452252	77.960148	22.669224	-69.632127	1.215466	69.632127	18.509658	2.353981	
89	3.940340	3.363213	4.139573	-81.946482	-0.324109	81.946482	25.697378	-71.324906	0.339972	71.324906	21.449849	2.382869	
90	4.076639	3.438095	4.133229	-86.468220	-0.171045	86.468220	28.648880	-73.165664	-0.548013	73.165664	24.604678	2.414301	
91	4.217679	3.506204	4.125999	-91.603798	0.005989	91.603798	31.457483	-75.171744	-1.442112	75.171744	27.951928	2.448364	
92	4.361104	3.551804	4.117693	-97.342291	0.187241	97.342291	34.079908	-77.383574	-2.336943	77.383574	31.466318	2.485029	
93	4.500650	3.559952	4.108170	-103.670264	0.359429	103.670264	36.493997	-79.873105	-3.226784	79.873105	35.117203	2.524289	
94	4.626254	3.523370	4.097330	-110.503788	0.525101	110.503788	38.725760	-82.706023	-4.110194	82.706023	38.871498	2.566208	
95	4.730525	3.442347	4.085096	-117.702854	0.693353	117.702854	40.808859	-85.920187	-4.969768	85.920187	42.682735	2.610888	
96	4.812494	3.326264	4.071485	-125.141250	0.874169	125.141250	42.763778	-89.510124	-5.773212	89.510124	46.506664	2.658435	
97	4.868502	3.187950	4.056685	-132.745375	1.079541	132.745375	44.677828	-93.462497	-6.530566	93.462497	50.345995	2.708991	
98	4.887837	3.035527	4.040959	-140.567437	1.328266	140.567437	46.713217	-97.810267	-7.301279	97.810267	54.225269	2.762773	
99	4.865281	2.873455	4.024520	-148.871470	1.637336	148.871470	48.950347	-102.620198	-8.127368	102.620198	58.132328	2.820041	
100	4.806121	2.704554	4.007521	-158.007358	2.007059	158.007358	51.325196	-107.938317	-9.019218	107.938317	62.036623	2.881043	
101	4.715666	2.532345	3.990066	-168.170005	2.439348	168.170005	53.785367	-113.754504	-9.992525	113.754504	65.909400	2.945979	
102	4.597849	2.361017	3.972186	-179.362042	2.948674	179.362042	56.303639	-120.041728	-11.049403	120.041728	69.667999	3.014934	
103	4.461336	2.189041	3.953838	-191.443886	3.530301	191.443886	58.743286	-126.771785	-12.152028	126.771785	73.177712	3.087744	
104	4.315244	2.011571	3.934960	-204.166943	4.151644	204.166943	60.951275	-133.850630	-13.269512	133.850630	76.369615	3.164030	
105	4.163969	1.823676	3.915545	-217.180425	4.765002	217.180425	62.871975	-141.107791	-14.407957	141.107791	79.287114	3.243417	
106	4.011294	1.621160	3.895645	-230.101511	5.312015	230.101511	64.442501	-148.299568	-15.574938	148.299568	82.005271	3.325648	
107	3.866386	1.411951	3.875373	-242.708610	5.737620	242.708610	65.467500	-155.061740	-16.754112	155.061740	84.549990	3.410414	
108	3.740919	1.209265	3.854910	-254.914208	5.986251	254.914208	65.627080	-161.017703	-17.921709	161.017703	86.882964	3.497119	
109	3.640125	1.004822	3.834513	-266.547715	5.991642	266.547715	64.707156	-166.061007	-19.084775	166.061007	89.010105	3.584963	
110	3.565583	0.772533	3.814533	-277.308614	5.693972	277.308614	62.747267	-170.391974	-20.280937	170.391974	91.076810	3.673384	
111	3.515186	0.496269	3.795384	-286.796918	5.072022	286.796918	59.905717	-174.270470	-21.538459	174.270470	93.218796	3.762325	
112	3.478572	0.181166	3.777470	-294.508300	4.153856	294.508300	56.332673	-177.829048	-22.856284	177.829048	95.428591	3.852054	
113	3.453178	-0.155582	3.761180	-299.908970	2.966465	299.908970	52.098404	-181.004645	-24.212674	181.004645	97.693743	3.942857	
114	3.445560	-0.501876	3.746926	-302.672897	1.509420	302.672897	47.213666	-183.694696	-25.585445	183.694696	100.064299	4.034933	
115	3.448859	-0.852158	3.735067	-302.925566	-0.186594	302.925566	41.764311	-185.959936	-26.965795	185.959936	102.561886	4.128449	
116	3.447892	-1.197133	3.725810	-300.994648	-2.058812	300.994648	35.892070	-187.844962	-28.347735	187.844962	105.190604	4.223552	
117	3.437652	-1.531087	3.719256	-296.944319	-4.094753	296.944319	29.678446	-189.213487	-29.709099	189.213487	107.980222	4.320287	
118	3.414453	-1.866370	3.715502	-290.627903	-6.332296	290.627903	23.292114	-190.004436	-31.037005	190.004436	111.003378	4.418635	
119	3.366721	-2.225833	3.714667	-281.938228	-8.804333	281.938228	17.068327	-190.300413	-32.343918	190.300413	114.339411	4.518686	
120	3.286356	-2.621001	3.716899	-271.019750	-11.540650	271.019750	11.235040	-190.092951	-33.629541	190.092951	117.964241	4.620623	
121	3.167677	-3.055181	3.722381	-258.257697	-14.567749	258.257697	5.994736	-189.403138	-34.896492	189.403138	121.806366	4.724643	
122	2.997514	-3.538645	3.731329	-243.774821	-17.898000	243.774821	1.800388	-188.433473	-36.195814	188.433473	125.877943	4.831148	
123	2.763661	-4.078771	3.744010	-227.378814	-21.557107	227.378814	-0.934418	-187.314557	-37.592872	187.314557	130.186227	4.940809	
124	2.463909	-4.668859	3.760756	-209.208244	-25.590782	209.208244	-2.081402	-186.016555	-39.143413	186.016555	134.662715	5.054268	
125	2.100271	-5.295182	3.781931	-189.828806	-30.035321	189.828806	-1.558979	-184.493779	-40.940409	184.493779	139.270986	5.171892	
126	1.668433	-5.950319	3.807884	-169.629349	-34.923802	169.629349	0.851077	-182.627075	-43.137391	182.627075	144.035170	5.293776	
127	1.158618	-6.637226	3.838910	-148.711109	-40.320594	148.711109	5.402184	-180.153700	-45.925128	180.153700	148.966064	5.419784	
128	0.570012	-7.357038	3.875237	-127.291211	-46.320116	127.291211	12.253028	-176.797507	-49.517648	176.797507	154.096725	5.549618	
129	-0.087105	-8.099462	3.917001	-105.773038	-53.008172	105.773038	21.475987	-172.356586	-54.136867	172.356586	159.500507	5.682834	
130	-0.801988	-8.842974	3.964243	-84.516708	-60.408532	84.516708	32.960870	-166.545040	-59.909552	166.545040	164.989682	5.818745	
131	-1.559637	-9.558099	4.016919	-63.760111	-68.476127	63.760111	46.341162	-158.999704	-66.799046	158.999704	170.059979	5.956264	
132	-2.337631	-10.218707	4.074898	-43.792211	-77.177660	43.792211	61.200056	-149.559868	-74.692349	149.559868	174.307101	6.093910	
133	-3.119952	-10.813472	4.138010	-24.950567	-86.526799	24.950567	77.207908	-138.231088	-83.450775	138.231088	177.464657	6.230027	
134	-3.894813	-11.341315	4.206109	-7.517209	-96.571966	7.517209	94.094451	-125.100417	-92.873143	125.100417	179.307826	6.362972	
135	-4.640380	-11.799780	4.279045	8.246772	-107.427032	-8.246772	111.665254	-110.486505	-102.692065	110.486505	179.849957	6.491247	
136	-5.335606	-12.184403	4.356605	22.127528	-119.205102	-22.127528	129.741001	-94.811034	-112.594342	94.811034	179.215085	6.613611	
137	-5.974873	-12.494242	4.438450	33.818513	-131.873359	-33.818513	148.041657	-78.359056	-122.225297	78.359056	177.324941	6.728992	
138	-6.557907	-12.730295	4.524048	42.768937	-145.312912	-42.768937	166.261681	-61.392646	-131.204146	61.392646	174.026074	6.836374	
139	-7.075625	-12.887536	4.612732	48.230545	-159.455732	-48.230545	184.070964	-44.326261	-139.128334	44.326261	169.315721	6.934936	
140	-7.512053	-12.950576	4.703822	49.386278	-174.124843	-49.386278	200.916621	-27.582030	-145.530213	27.582030	163.197975	7.024152	
141	-7.854374	-12.900596	4.796618	45.699354	-188.962688	-45.699354	216.100400	-11.399209	-149.916990	11.399209	155.570867	7.103578	
142	-8.096060	-12.726603	4.890334	37.046294	-203.752123	-37.046294	229.095031	4.067235	-151.905106	-4.067235	146.408439	7.172604	
143	-8.229507	-12.423684	4.984089	23.366626	-218.524488	-23.366626	239.516681	18.572116	-151.212681	-18.572116	135.820131	7.230486	
144	-8.246898	-11.987897	5.076918	4.564962	-233.289367	-4.564962	246.893699	31.884899	-147.564612	-31.884899	123.817958	7.276490	
145	-8.152959	-11.422257	5.167790	-19.125872	-247.898891	19.125872	250.790043	43.991475	-140.738806	-43.991475	110.194484	7.309817	
146	-7.965568	-10.737708	5.255676	-47.048638	-262.123027	47.048638	251.015034	54.990687	-130.675071	-54.990687	94.738040	7.329412	
147	-7.699562	-9.934294	5.339596	-78.371622	-275.554491	78.371622	247.205486	64.939504	-117.270169	-64.939504	77.181493	7.333869	
148	-7.346852	-8.984126	5.418623	-112.262522	-287.648797	112.262522	238.342696	73.713085	-99.881921	-73.713085	56.746347	7.321409	
149	-6.881466	-7.858936	5.491849	-148.240478	-298.413878	148.240478	223.743984	80.692078	-77.584463	-80.692078	32.456137	7.290020	
150	-6.284619	-6.562718	5.558405	-186.698885	-308.747733	186.698885	204.216409	84.712095	-49.995612	-84.712095	3.942051	7.237766	
151	-5.553630	-5.120967	5.617565	-228.721857	-319.797817	228.721857	181.622430	84.393163	-17.400948	-84.393163	-28.557550	7.163015	
152	-4.702309	-3.572048	5.668788	-275.227171	-332.478442	275.227171	158.413763	78.447212	19.436214	-78.447212	-64.444608	7.064533	
153	-3.763716	-1.970902	5.711726	-326.473399	-347.447372	326.473399	137.576980	65.873300	59.246614	-65.873300	-102.689480	6.941617	
154	-2.788408	-0.381516	5.746132	-382.122647	-365.035871	382.122647	122.177856	46.106417	100.346938	-46.106417	-141.869539	6.794173	
155	-1.821310	1.145208	5.771734	-441.728095	-385.287726	441.728095	114.653554	18.827746	141.199156	-18.827746	-180.656425	6.622663	
156	-0.873645	2.591688	5.788209	-505.318853	-408.093256	505.318853	116.274638	-16.426035	180.963319	16.426035	-218.319364	6.427946	
157	0.061379	3.959209	5.795236	-573.212276	-433.123930	573.212276	127.291271	-60.072655	219.168325	60.072655	-254.463957	6.211159	
158	0.979926	5.244235	5.792557	-645.429963	-459.696042	645.429963	147.262529	-111.967602	255.228507	111.967602	-288.619823	5.973656	
159	1.870780	6.438044	5.780060	-721.711143	-486.917474	721.711143	175.107221	-171.382127	288.559409	171.382127	-320.334091	5.716992	
160	2.728284	7.536096	5.757865	-801.845334	-513.988857	801.845334	209.138679	-237.374367	318.816135	237.374367	-349.372086	5.442950	
161	3.557946	8.546383	5.726212	-885.802459	-540.334332	885.802459	247.128414	-309.181540	346.094398	309.181540	-375.917189	5.153585	
162	4.376365	9.489633	5.685226	-973.749562	-565.644874	973.749562	286.597707	-386.460087	371.059263	386.460087	-400.699469	4.851147	
163	5.207627	10.398217	5.634829	-1065.811804	-589.665252	1065.811804	324.983098	-469.254575	394.858467	469.254575	-424.894721	4.537957	
164	6.080142	11.317798	5.574783	-1161.662452	-611.778568	1161.662452	359.508217	-557.813343	418.919520	557.813343	-449.920268	4.216383	
165	7.017197	12.292409	5.504806	-1260.459734	-631.128238	1260.459734	387.671189	-652.394102	444.577233	652.394102	-477.073633	3.889028	
166	8.018914	13.341175	5.424737	-1360.638596	-647.044657	1360.638596	408.020830	-752.911565	472.558139	752.911565	-507.042218	3.559104	
167	9.059375	14.457863	5.334616	-1459.433470	-659.098819	1459.433470	420.105909	-858.670636	502.853307	858.670636	-539.817791	3.230944	
168	10.111968	15.633290	5.234633	-1553.337154	-667.206850	1553.337154	424.080247	-968.922970	535.254997	968.922970	-575.244327	2.910746	
169	11.174004	16.874370	5.125126	-1639.266260	-671.944985	1639.266260	420.675086	-1083.868867	569.938755	1083.868867	-613.564694	2.607820	
170	12.273078	18.212818	5.006608	-1714.981576	-674.479721	1714.981576	410.992206	-1205.187720	607.696760	1205.187720	-655.603306	2.336661	
171	13.465847	19.708604	4.879771	-1778.698623	-676.171544	1778.698623	395.947676	-1336.002031	649.999354	1336.002031	-702.772625	2.119671	
172	14.823340	21.437373	4.745457	-1828.680444	-678.350986	1828.680444	376.133036	-1480.098384	698.650774	1480.098384	-756.719562	1.988270	
173	16.403671	23.463047	4.604666	-1863.465304	-682.487353	1863.465304	352.473474	-1640.766299	755.007659	1640.766299	-818.602082	1.976466	
174	18.235537	25.818089	4.458595	-1882.523364	-690.400905	1882.523364	326.902471	-1820.044808	819.356239	1820.044808	-888.481217	2.104691	
175	20.326974	28.511107	4.308532	-1886.280057	-703.987839	1886.280057	301.969122	-2018.579893	891.078059	2018.579893	-965.424350	2.368461	
176	22.690849	31.553964	4.155754	-1875.701947	-724.847249	1875.701947	279.956012	-2236.284405	969.532645	2236.284405	-1048.332372	2.745822	
177	25.354035	34.971656	4.001576	-1852.150875	-754.226950	1852.150875	262.745032	-2472.861140	1054.386243	2472.861140	-1136.245781	3.211952	
178	28.348714	38.795544	3.847408	-1817.425079	-792.931354	1817.425079	251.923912	-2727.400517	1145.250350	2727.400517	-1228.001961	3.746666	
179	31.708505	43.061584	3.694677	-1773.530811	-841.123898	1773.530811	248.637724	-2997.812599	1241.528783	2997.812599	-1322.192393	4.334982	
180	35.444379	47.782885	3.544688	-1722.277436	-898.305930	1722.277436	254.250627	-3279.666586	1341.481622	3279.666586	-1416.415685	4.965312	
181	39.510808	52.910512	3.398575	-1665.396279	-963.330646	1665.396279	271.197076	-3564.945736	1440.858949	3564.945736	-1506.089211	5.627837	
182	43.818397	58.346084	3.257400	-1604.402024	-1034.030935	1604.402024	301.976682	-3842.713322	1533.354928	3842.713322	-1585.076842	6.313597	
183	48.260123	63.967971	3.122209	-1540.175018	-1106.748432	1540.175018	347.601981	-4100.109259	1611.679608	4100.109259	-1647.005474	7.013949	
184	52.695108	69.610493	2.993915	-1473.240243	-1176.604008	1473.240243	408.010429	-4322.130126	1667.182843	4322.130126	-1685.056421	7.720362	
185	56.927875	75.043851	2.873166	-1403.467278	-1238.280534	1403.467278	482.987336	-4492.505784	1689.681613	4492.505784	-1691.537094	8.424776	
186	60.737193	80.008014	2.760321	-1329.171316	-1286.649628	1329.171316	571.577474	-4596.979046	1669.544439	4596.979046	-1659.311113	9.120370	
187	63.933740	84.268927	2.655431	-1247.287549	-1317.277879	1247.287549	671.013357	-4626.822246	1600.828145	4626.822246	-1584.377274	9.802204	
188	66.395190	87.651187	2.558207	-1154.249548	-1326.737726	1154.249548	776.254963	-4579.914498	1483.031283	4579.914498	-1467.446178	10.467430	
189	68.076070	90.051832	2.468133	-1047.171778	-1312.884468	1047.171778	880.451552	-4460.001884	1321.110310	4460.001884	-1314.151219	11.115156	
190	69.017871	91.451903	2.384691	-925.577151	-1275.311616	925.577151	976.347777	-4275.875254	1124.653609	4275.875254	-1134.784698	11.745980	
191	69.344538	91.906795	2.307568	-791.994702	-1215.457049	791.994702	1057.878967	-4039.979758	906.117131	4039.979758	-943.304052	12.361193	
192	69.219667	91.508154	2.236764	-650.397373	-1136.238630	650.397373	1121.593376	-3766.413192	678.071686	3766.413192	-755.067414	12.961843	
193	68.814233	90.365524	2.172472	-504.776892	-1041.614994	504.776892	1167.610107	-3469.311280	451.154349	3469.311280	-584.903331	13.547982	
194	68.308238	88.619055	2.114909	-359.253623	-936.368673	359.253623	1200.372457	-3161.866856	233.099794	3161.866856	-446.183479	14.118207	
195	67.857491	86.428991	2.064233	-218.328329	-826.191101	218.328329	1229.874056	-2856.070131	27.358012	2856.070131	-348.751002	14.669731	
196	67.531300	83.936164	2.020482	-86.535654	-717.428741	86.535654	1271.654870	-2562.963269	-167.582650	2562.963269	-296.719955	15.199131	
197	67.283297	81.229253	1.983591	31.762683	-616.204417	-31.762683	1343.994088	-2292.436318	-356.603862	2292.436318	-288.716021	15.703188	
198	66.944174	78.321007	1.953417	132.228165	-527.280459	-132.228165	1462.713854	-2051.604168	-544.970831	2051.604168	-319.576037	16.178953	
199	66.223625	75.123185	1.929706	211.458488	-452.324711	-211.458488	1633.233066	-1841.158722	-734.463319	1841.158722	-382.925414	16.622375	
200	64.756327	71.437930	1.912116	270.834287	-387.343258	-270.834287	1840.804718	-1650.111520	-918.856593	1650.111520	-475.955694	17.024830	
201	62.216695	67.009696	1.900253	323.451090	-320.691833	-323.451090	2045.678267	-1451.941912	-1081.709443	1451.941912	-604.761376	17.367324	
202	58.475112	61.662340	1.893636	400.207018	-234.531681	-400.207018	2194.468217	-1208.417364	-1201.627262	1208.417364	-783.532116	17.614412	
203	53.727652	55.473968	1.891684	546.437616	-111.776503	-546.437616	2253.110019	-887.216832	-1266.855137	887.216832	-1020.587469	17.713575	
204	48.504920	48.854698	1.893690	799.390001	52.842812	-799.390001	2244.728384	-490.783643	-1290.787021	490.783643	-1291.324139	17.607210	
205	43.501013	42.379375	1.898732	1144.400692	243.726360	-1144.400692	2249.954340	-75.687678	-1309.248764	75.687678	-1515.717675	17.259869	
206	39.297479	36.412559	1.905781	1475.759928	426.295082	-1475.759928	2343.674874	266.767052	-1349.792459	-266.767052	-1576.580832	16.690764	
207	36.140234	30.852702	1.913890	1616.648301	561.782389	-1616.648301	2521.479550	466.117747	-1399.949209	-466.117747	-1389.206255	15.988953	
208	33.891419	25.257863	1.922174	1412.808839	623.560080	-1412.808839	2703.096698	515.035205	-1414.704525	-515.035205	-964.937660	15.293787	
209	32.164150	19.126180	1.929817	831.747881	602.725156	-831.747881	2803.288597	460.282460	-1354.827961	-460.282460	-406.201341	14.746927	
210	30.552148	12.016726	1.936122	-1.403177	502.936398	1.403177	2785.894070	363.534741	-1212.224444	-363.534741	153.287977	14.441462	
211	28.902138	3.703102	1.940396	-826.946986	333.077908	826.946986	2677.584507	276.538954	-1012.659915	-276.538954	610.807453	14.392717	
212	27.425908	-5.406803	1.941897	-1312.854357	108.892773	1312.854357	2562.596755	246.227922	-811.197028	-246.227922	922.768034	14.539918	
213	26.366556	-14.042009	1.939970	-1176.375701	-134.463837	1176.375701	2538.371382	323.670605	-670.166182	-323.670605	1086.183486	14.772828	
214	25.563718	-20.658545	1.934218	-340.085669	-340.272947	340.085669	2631.276038	541.827561	-613.137857	-541.827561	1106.098993	14.971343	
215	24.519167	-24.466450	1.924622	1006.587499	-455.818646	-1006.587499	2760.153229	878.848511	-601.590480	-878.848511	994.931845	15.043703	
216	22.825228	-25.808466	1.911603	2517.014783	-462.778706	-2517.014783	2803.951028	1259.962190	-572.268680	-1259.962190	790.801715	14.948638	
217	20.429622	-25.649497	1.896003	3864.836221	-380.856490	-3864.836221	2694.551262	1601.930783	-491.626902	-1601.930783	553.316882	14.695045	
218	17.579975	-24.913774	1.878762	4846.762333	-248.112367	-4846.762333	2442.105946	1853.343373	-370.158343	-1853.343373	338.019436	14.325599	
219	14.629320	-24.187730	1.860425	5386.626904	-100.648100	-5386.626904	2101.751525	2002.512307	-240.714935	-2002.512307	177.261754	13.895947	
220	11.878237	-23.739107	1.841164	5501.798301	36.547622	-5501.798301	1735.759532	2062.998884	-133.607286	-2062.998884	78.477852	13.457845	
221	9.508722	-23.657183	1.821241	5272.911937	149.919817	-5272.911937	1396.114509	2056.864288	-65.258303	-2056.864288	33.150175	13.049860	
222	7.603211	-23.950145	1.801045	4810.380214	234.511779	-4810.380214	1121.643624	2005.308189	-39.201558	-2005.308189	27.461511	12.695382	
223	6.175250	-24.543532	1.780830	4218.161939	290.480386	-4218.161939	936.815325	1925.889836	-51.101437	-1925.889836	48.796099	12.405027	
224	5.145326	-25.249310	1.760749	3575.526317	319.749867	-3575.526317	848.559755	1833.090601	-92.356921	-1833.090601	87.387827	12.180134	
225	4.327037	-25.756200	1.741008	2943.517937	323.842766	-2943.517937	844.502822	1740.798656	-152.611228	-1740.798656	136.060759	12.015584	
226	3.495345	-25.653632	1.721791	2382.042694	303.732775	-2382.042694	892.322971	1665.545348	-221.108137	-1665.545348	189.074544	11.901178	
227	2.478691	-24.505594	1.703150	1956.658095	261.660245	-1956.658095	939.473142	1627.581751	-285.911188	-1627.581751	239.790847	11.821558	
228	1.214580	-21.962320	1.685613	1724.731853	203.680871	-1724.731853	919.348691	1646.372030	-333.232583	-1646.372030	279.029992	11.755568	
229	-0.209417	-17.898433	1.671210	1709.350631	141.120297	-1709.350631	772.107500	1730.140744	-350.076843	-1730.140744	296.627472	11.677027	
230	-1.558814	-12.551010	1.662856	1878.786003	89.192411	-1878.786003	475.989191	1865.864489	-329.723501	-1865.864489	285.935122	11.558807	
231	-2.568214	-6.544151	1.662254	2149.163664	62.161892	-2149.163664	67.171032	2019.726794	-276.432983	-2019.726794	248.169650	11.379774	
232	-3.083855	-0.709590	1.668854	2416.010139	67.200279	-2416.010139	-371.971556	2150.124824	-205.177275	-2150.124824	193.300011	11.131160	
233	-3.100897	4.207590	1.680306	2596.615459	100.925576	-2596.615459	-751.312563	2224.458772	-134.844086	-2224.458772	135.973344	10.818829	
234	-2.709635	7.771627	1.693418	2655.234770	151.009849	-2655.234770	-1010.324799	2228.900014	-79.733276	-2228.900014	88.960254	10.460663	
235	-2.013140	9.908216	1.705154	2600.595817	201.424717	-2600.595817	-1130.956245	2167.090223	-45.868919	-2167.090223	59.119454	10.081046	
236	-1.069172	10.816554	1.713296	2466.943014	237.879076	-2466.943014	-1127.640614	2052.952309	-32.745576	-2052.952309	47.589005	9.705157	
237	0.097950	10.836439	1.716577	2294.131804	251.478975	-2294.131804	-1031.658719	1904.540517	-36.380485	-1904.540517	51.682480	9.354554	
238	1.444023	10.331515	1.714573	2114.099387	240.257741	-2114.099387	-879.710501	1740.036154	-51.220429	-1740.036154	66.725673	9.044399	
239	2.880477	9.595256	1.707563	1944.980580	208.228792	-1944.980580	-705.549875	1574.534567	-71.447279	-1574.534567	87.914650	8.782535	
240	4.288018	8.811748	1.696353	1792.564642	162.904501	-1792.564642	-535.170695	1418.610710	-91.922458	-1418.610710	111.449470	8.570231	
241	5.538728	8.079800	1.682064	1655.883016	112.979751	-1655.883016	-386.218466	1278.862433	-108.670742	-1278.862433	134.541289	8.403769	
242	6.514501	7.438571	1.665952	1532.195832	66.472414	-1532.195832	-268.687912	1158.756630	-119.183693	-1158.756630	155.012419	8.276116	
243	7.126275	6.881967	1.649255	1419.280155	29.368775	-1419.280155	-185.857681	1059.096488	-122.511460	-1059.096488	170.963414	8.178406	
244	7.331589	6.382759	1.633012	1315.681850	5.005922	-1315.681850	-135.797733	978.451936	-119.081129	-978.451936	180.698156	8.101207	
245	7.134016	5.904619	1.617900	1220.358828	-5.964943	-1220.358828	-113.125807	913.990535	-110.284505	-913.990535	182.964680	8.035616	
246	6.572581	5.403753	1.604273	1132.252028	-5.235784	-1132.252028	-110.803350	862.354548	-97.914880	-862.354548	177.346869	7.974130	
247	5.708580	4.843648	1.592322	1049.925763	4.150430	-1049.925763	-122.131364	820.304467	-83.557024	-820.304467	164.338964	7.911083	
248	4.614286	4.221344	1.582157	971.788728	19.198844	-971.788728	-142.358732	785.280130	-68.262545	-785.280130	145.090016	7.842612	
249	3.378574	3.574227	1.573782	896.529728	37.371292	-896.529728	-168.273651	755.297315	-52.766006	-755.297315	121.379475	7.766422	
250	2.101382	2.939436	1.567109	823.378918	56.101141	-823.378918	-196.637734	728.499450	-37.711671	-728.499450	95.497570	7.681540	
251	0.857350	2.318477	1.561975	752.383310	73.152303	-752.383310	-224.386772	703.427078	-23.439144	-703.427078	69.478037	7.587992	
252	-0.319337	1.701733	1.558136	684.283776	87.381397	-684.283776	-249.760761	679.351149	-9.891544	-679.351149	44.550371	7.486395	
253	-1.406607	1.099444	1.555286	620.109395	98.501939	-620.109395	-271.905261	655.947314	2.986563	-655.947314	21.489823	7.377642	
254	-2.382487	0.528235	1.553055	560.881950	106.598530	-560.881950	-290.233318	633.012509	15.063997	-633.012509	0.882682	7.262624	
255	-3.239241	-0.010624	1.551000	507.311389	111.985861	-507.311389	-304.547982	610.431965	26.230706	-610.431965	-17.034196	7.142017	
256	-3.981253	-0.526045	1.548619	459.711553	115.053519	-459.711553	-314.916370	588.123631	36.432588	-588.123631	-32.305628	7.016228	
257	-4.616127	-1.025318	1.545329	418.173598	116.182928	-418.173598	-321.492517	566.063444	45.604834	-566.063444	-45.081853	6.885515	
258	-5.154753	-1.513708	1.540485	382.604107	115.784681	-382.604107	-324.649190	544.303423	53.722093	-544.303423	-55.598143	6.750088	
259	-5.607387	-1.995593	1.533635	352.671388	114.244886	-352.671388	-324.902280	522.859221	60.771684	-522.859221	-64.096774	6.610203	
260	-5.980383	-2.473223	1.524773	327.986148	111.826013	-327.986148	-322.629394	501.671101	66.692666	-501.671101	-70.747468	6.466252	
261	-6.281380	-2.941098	1.514269	308.077733	108.721458	-308.077733	-318.115900	480.666582	71.455491	-480.666582	-75.722554	6.318759	
262	-6.521313	-3.385557	1.502747	292.137315	105.117105	-292.137315	-311.685706	459.735407	75.107952	-459.735407	-79.229762	6.168319	
263	-6.709002	-3.793961	1.491042	279.313960	101.156997	-279.313960	-303.611100	438.766543	77.692240	-438.766543	-81.434387	6.015633	
264	-6.847489	-4.152263	1.480024	269.071393	97.007811	-269.071393	-294.214799	417.874220	79.227277	-417.874220	-82.437857	5.861534	
265	-6.937705	-4.445858	1.470387	261.024322	92.894147	-261.024322	-283.980969	397.405721	79.783865	-397.405721	-82.348922	5.706894	
266	-6.983628	-4.677937	1.462555	254.865539	88.961314	-254.865539	-273.314933	377.616126	79.485694	-377.616126	-81.327126	5.552574	
267	-6.996856	-4.870568	1.456623	250.459318	85.273321	-250.459318	-262.522868	358.566992	78.517256	-358.566992	-79.611175	5.399488	
268	-6.987738	-5.041128	1.452426	247.651058	81.816432	-247.651058	-251.689145	340.199735	76.985648	-340.199735	-77.376454	5.248544	
269	-6.950507	-5.193340	1.449694	246.054935	78.370554	-246.054935	-240.328614	322.264201	74.702641	-322.264201	-74.521993	5.100473	
270	-6.885425	-5.329418	1.448096	245.107948	74.845163	-245.107948	-228.295355	304.602201	71.634812	-304.602201	-71.033922	4.955748	
271	-6.814496	-5.452089	1.447176	244.230793	71.551730	-244.230793	-216.456380	287.472051	68.231662	-287.472051	-67.283918	4.814645	
272	-6.750807	-5.560959	1.446425	243.032150	68.698153	-243.032150	-205.452986	271.158174	64.834382	-271.158174	-63.568243	4.677320	
273	-6.689187	-5.660347	1.445392	241.437575	66.105218	-241.437575	-195.022637	255.600804	61.408445	-255.600804	-59.882627	4.543875	
274	-6.626151	-5.752791	1.443751	239.418966	63.585610	-239.418966	-184.837473	240.726619	57.883862	-240.726619	-56.194395	4.414395	
275	-6.560122	-5.819497	1.441282	236.671805	61.171414	-236.671805	-175.019112	226.783573	54.277468	-226.783573	-52.522393	4.288945	
276	-6.490318	-5.848180	1.437748	232.995478	58.913750	-232.995478	-165.774463	213.924654	50.683389	-213.924654	-48.928516	4.167552	
277	-6.424346	-5.860049	1.432832	228.626315	56.760663	-228.626315	-157.084895	201.876897	47.258985	-201.876897	-45.542932	4.050168	
278	-6.365935	-5.868785	1.426242	223.775029	54.650968	-223.775029	-148.786166	190.363558	44.072337	-190.363558	-42.438325	3.936652	
279	-6.307441	-5.860724	1.417692	218.297439	52.563108	-218.297439	-140.742689	179.328764	41.093564	-179.328764	-39.600317	3.826774	
280	-6.242118	-5.819925	1.406810	211.882767	50.538121	-211.882767	-133.011258	168.787851	38.334623	-168.787851	-37.044952	3.720215	
281	-6.169120	-5.739808	1.393251	204.288810	48.666888	-204.288810	-125.794507	158.747060	35.856191	-158.747060	-34.825466	3.616599	
282	-6.092309	-5.626603	1.376866	195.502147	46.999580	-195.502147	-119.198846	149.118523	33.695856	-149.118523	-32.969889	3.515575	
283	-6.017230	-5.493732	1.357688	185.702571	45.504933	-185.702571	-113.144095	139.749528	31.830493	-139.749528	-31.451270	3.416880	
284	-5.947635	-5.349278	1.336016	175.066316	44.145251	-175.066316	-107.561955	130.586373	30.214966	-130.586373	-30.223490	3.320330	
285	-5.885929	-5.196622	1.312525	163.747950	42.939864	-163.747950	-102.548557	121.720813	28.839524	-121.720813	-29.275381	3.225739	
286	-5.830916	-5.038689	1.288006	151.961125	41.896870	-151.961125	-98.178926	113.257600	27.691026	-113.257600	-28.589264	3.132870	
287	-5.779691	-4.880167	1.263051	139.940011	40.960690	-139.940011	-94.383722	105.204355	26.723340	-105.204355	-28.105978	3.041492	
288	-5.734072	-4.730960	1.238068	127.955585	40.061416	-127.955585	-91.065711	97.523819	25.898228	-97.523819	-27.772177	2.951410	
289	-5.695535	-4.597774	1.213247	116.326683	39.125496	-116.326683	-88.098155	90.208647	25.177606	-90.208647	-27.541415	2.862480	
290	-5.658387	-4.472658	1.188372	105.231067	38.058120	-105.231067	-85.292561	83.270444	24.501057	-83.270444	-27.346797	2.774604	
291	-5.617646	-4.342630	1.162826	94.618587	36.794265	-94.618587	-82.538864	76.708372	23.832984	-76.708372	-27.143280	2.687671	
292	-5.580560	-4.208824	1.135791	84.407534	35.350049	-84.407534	-79.887049	70.495052	23.205205	-70.495052	-26.957383	2.601487	
293	-5.561541	-4.084409	1.106609	74.615287	33.785989	-74.615287	-77.421295	64.597096	22.667744	-64.597096	-26.842193	2.515764	
294	-5.561626	-3.969370	1.075150	65.263468	32.127773	-65.263468	-75.149711	59.051911	22.205600	-59.051911	-26.778904	2.430186	
295	-5.564212	-3.844962	1.041771	56.322964	30.338084	-56.322964	-73.041987	53.963289	21.758437	-53.963289	-26.681602	2.344487	
296	-5.559176	-3.704572	1.007022	47.788257	28.391871	-47.788257	-71.067204	49.346727	21.312384	-49.346727	-26.507471	2.258456	
297	-5.555141	-3.565442	0.971524	39.694775	26.361101	-39.694775	-69.162945	45.073009	20.896841	-45.073009	-26.277362	2.171925	
298	-5.565280	-3.446855	0.935937	32.101831	24.383925	-32.101831	-67.235693	40.995640	20.519983	-40.995640	-26.003855	2.084826	
299	-5.596963	-3.358564	0.900906	25.115341	22.571763	-25.115341	-65.220081	37.055332	20.167573	-37.055332	-25.682161	1.997225	
300	-5.653743	-3.304556	0.866977	18.844190	20.959726	-18.844190	-63.092397	33.263182	19.823173	-33.263182	-25.313512	1.909221	
301	-5.740770	-3.288739	0.834492	13.320314	19.538689	-13.320314	-60.828354	29.628764	19.466588	-29.628764	-24.899130	1.820862	
302	-5.866783	-3.318073	0.803564	8.493178	18.301546	-8.493178	-58.399427	26.135310	19.072172	-26.135310	-24.432496	1.732176	
303	-6.036415	-3.394918	0.774096	4.291420	17.225082	-4.291420	-55.799104	22.793068	18.600727	-22.793068	-23.890663	1.643252	
304	-6.241477	-3.511338	0.745798	0.726941	16.235369	-0.726941	-52.990997	19.659055	17.991445	-19.659055	-23.225703	1.554235	
305	-6.458728	-3.651686	0.718247	-2.137274	15.223067	2.137274	-49.824443	16.780870	17.153998	-16.780870	-22.355547	1.465308	
306	-6.629319	-3.759219	0.690981	-4.605969	14.046306	4.605969	-46.130222	14.214153	15.956843	-14.214153	-21.131836	1.376898	
307	-6.669722	-3.742579	0.663543	-7.369689	12.606924	7.369689	-41.939741	11.975023	14.355808	-11.975023	-19.438856	1.289912	
308	-6.565157	-3.596113	0.635587	-10.577965	11.023960	10.577965	-37.463175	9.890654	12.536401	-9.890654	-17.389578	1.205536	
309	-6.381058	-3.413583	0.607004	-13.623554	9.537099	13.623554	-32.820309	7.722554	10.719364	-7.722554	-15.210155	1.124847	
310	-6.153295	-3.252251	0.577916	-16.018617	8.234262	16.018617	-28.005203	5.398398	8.956260	-5.398398	-12.996765	1.048899	
311	-5.849421	-3.089530	0.548601	-17.755480	7.025244	17.755480	-23.047777	2.998786	7.217290	-2.998786	-10.747067	0.978947	
312	-5.412864	-2.875660	0.519517	-19.021815	5.798824	19.021815	-18.084147	0.646551	5.514677	-0.646551	-8.480240	0.916290	
313	-4.803325	-2.577688	0.491325	-19.937678	4.535556	19.937678	-13.327967	-1.559071	3.919320	1.559071	-6.261769	0.862012	
314	-4.010483	-2.194017	0.464812	-20.464018	3.290637	20.464018	-8.990912	-3.547403	2.513895	3.547403	-4.169772	0.816834	
315	-3.038166	-1.737650	0.440861	-20.498181	2.118024	20.498181	-5.203800	-5.260678	1.342799	5.260678	-2.249154	0.781043	
316	-1.892572	-1.222458	0.420535	-19.946309	1.038438	19.946309	-1.969752	-6.663500	0.395533	6.663500	-0.492528	0.754539	
317	-0.586631	-0.660367	0.405043	-18.743608	0.041594	18.743608	0.862170	-7.767454	-0.395153	7.767454	1.161579	0.736999	
318	0.853430	-0.060471	0.395462	-16.909052	-0.917548	16.909052	3.610395	-8.661740	-1.150806	8.661740	2.830158	0.728108	
319	2.378239	0.561231	0.392578	-14.551180	-1.918763	14.551180	6.745360	-9.526242	-2.035121	9.526242	4.673252	0.727846	
320	3.911798	1.174485	0.396961	-11.842936	-3.051709	11.842936	10.804808	-10.609335	-3.223896	10.609335	6.861865	0.736716	
321	5.319815	1.726209	0.408861	-9.084954	-4.348164	9.084954	16.104008	-12.122175	-4.817758	12.122175	9.465276	0.755687	
322	6.478091	2.173068	0.427732	-6.608272	-5.774065	6.608272	22.572162	-14.133418	-6.792778	14.133418	12.420824	0.785395	
323	6.968203	2.352846	0.451807	-5.117629	-6.897627	5.117629	28.459710	-16.087381	-8.614081	16.087381	14.883901	0.824746	
324	7.218097	2.436474	0.477619	-4.024090	-7.893531	4.024090	34.050223	-18.013003	-10.344709	18.013003	17.135133	0.869080	
