kww	// User ID
24-6-2021	// Evaluation date
p20_warmup_029	24-6-2021	14:13:11:473	// Source file name and timestamp
357.143	// Sampling rate
0.897	// Data capture period

1.910000	// height
102.000000	// mass


Sample #	elbVar	shldrIR	LwristLinVelo	thorJFPd	thorSTPd	UaJFPp	UaSTPp	UaJFPd	UaSTPd	FaJFPp	FaSTPp	RwristLinVelo	
0	2.364976	1.405674	2.609634	0.347402	-0.106679	-0.347402	-10.438700	-2.657405	6.290772	2.657405	-13.078182	1.538415	
1	2.292367	1.224313	2.597281	0.185944	-0.192825	-0.185944	-10.373027	-2.488202	6.461954	2.488202	-14.083002	1.546917	
2	2.277178	1.103672	2.583040	0.332675	-0.270268	-0.332675	-10.588666	-2.223854	6.685582	2.223854	-15.123202	1.552487	
3	1.998569	0.748441	2.568508	-0.375908	-0.368506	0.375908	-9.578822	-2.229141	6.593605	2.229141	-15.867153	1.555239	
4	1.641726	0.351407	2.556566	-1.294162	-0.453701	1.294162	-8.129769	-2.392838	6.363390	2.392838	-16.331355	1.555656	
5	1.230388	-0.058725	2.548679	-2.394924	-0.521869	2.394924	-6.332399	-2.706079	6.002748	2.706079	-16.450684	1.554409	
6	0.796418	-0.458328	2.545730	-3.626635	-0.579839	3.626635	-4.409520	-3.089449	5.555827	3.089449	-16.273403	1.552215	
7	0.356078	-0.833952	2.547918	-4.962726	-0.629845	4.962726	-2.424608	-3.526331	5.027365	3.526331	-15.784838	1.549905	
8	-0.061481	-1.163342	2.554976	-6.324082	-0.671111	6.324082	-0.472726	-4.027750	4.458544	4.027750	-15.066920	1.548340	
9	-0.429395	-1.438516	2.566330	-7.706054	-0.710083	7.706054	1.266685	-4.570909	3.928966	4.570909	-14.324175	1.547852	
10	-0.740302	-1.667044	2.581301	-9.156210	-0.753313	9.156210	2.696477	-5.109865	3.472018	5.109865	-13.649447	1.548165	
11	-0.997347	-1.851481	2.599260	-10.676687	-0.796193	10.676687	3.868150	-5.640668	3.063892	5.640668	-12.981496	1.549012	
12	-1.204589	-1.984673	2.619720	-12.200104	-0.826845	12.200104	4.907288	-6.209163	2.667897	6.209163	-12.225106	1.550636	
13	-1.372537	-2.071175	2.642335	-13.658332	-0.843323	13.658332	5.905237	-6.826569	2.261573	6.826569	-11.348765	1.553725	
14	-1.506689	-2.128794	2.666803	-15.066717	-0.857208	15.066717	6.795405	-7.444864	1.874276	7.444864	-10.467945	1.558825	
15	-1.599003	-2.167226	2.692760	-16.499773	-0.877830	16.499773	7.414297	-8.030716	1.572361	8.030716	-9.763593	1.565789	
16	-1.646850	-2.185813	2.719800	-17.956071	-0.902493	17.956071	7.741388	-8.602115	1.374127	8.602115	-9.274684	1.573965	
17	-1.662263	-2.184016	2.747574	-19.334118	-0.920768	19.334118	7.956418	-9.211074	1.231888	9.211074	-8.884134	1.582886	
18	-1.657957	-2.166471	2.775816	-20.606071	-0.927564	20.606071	8.187935	-9.889554	1.113745	9.889554	-8.524774	1.592488	
19	-1.639915	-2.145463	2.804284	-21.884231	-0.931734	21.884231	8.351502	-10.601361	1.046185	10.601361	-8.277830	1.602608	
20	-1.612212	-2.131170	2.832780	-23.253913	-0.944016	23.253913	8.342949	-11.303128	1.057508	11.303128	-8.221683	1.612640	
21	-1.580267	-2.122818	2.861189	-24.693374	-0.964010	24.693374	8.221644	-12.009520	1.122826	12.009520	-8.288148	1.621885	
22	-1.550683	-2.115028	2.889449	-26.184657	-0.982787	26.184657	8.147699	-12.761600	1.172250	12.761600	-8.300668	1.630134	
23	-1.528900	-2.103721	2.917493	-27.721422	-0.991566	27.721422	8.251980	-13.583964	1.142738	13.583964	-8.120811	1.637854	
24	-1.512669	-2.088235	2.945228	-29.314515	-0.989904	29.314515	8.505132	-14.468672	1.039948	14.468672	-7.780007	1.645735	
25	-1.492202	-2.071497	2.972542	-31.070484	-0.982704	31.070484	8.740062	-15.391032	0.922209	15.391032	-7.416374	1.654088	
26	-1.464415	-2.057556	2.999365	-33.032365	-0.971885	33.032365	8.895381	-16.336219	0.807932	16.336219	-7.078119	1.662863	
27	-1.438721	-2.052167	3.025672	-35.101585	-0.959538	35.101585	9.057555	-17.283352	0.661332	17.283352	-6.717587	1.672086	
28	-1.424892	-2.063778	3.051364	-37.244923	-0.952446	37.244923	9.259041	-18.186638	0.457758	18.186638	-6.323265	1.681878	
29	-1.424424	-2.096853	3.076294	-39.509185	-0.955707	39.509185	9.462570	-19.014220	0.196427	19.014220	-5.919774	1.692258	
30	-1.431645	-2.143129	3.100435	-41.876295	-0.965908	41.876295	9.660382	-19.791473	-0.116670	19.791473	-5.517909	1.703171	
31	-1.437685	-2.187588	3.123863	-44.289104	-0.975708	44.289104	9.849005	-20.573569	-0.462048	20.573569	-5.133317	1.714572	
32	-1.437284	-2.223986	3.146635	-46.722709	-0.982842	46.722709	10.020358	-21.388022	-0.818444	21.388022	-4.784153	1.726402	
33	-1.432658	-2.258106	3.168824	-49.206142	-0.990700	49.206142	10.201435	-22.220480	-1.188956	22.220480	-4.456560	1.738581	
34	-1.426141	-2.295759	3.190566	-51.845236	-1.002327	51.845236	10.396428	-23.045030	-1.584567	23.045030	-4.127139	1.751045	
35	-1.413134	-2.333112	3.212010	-54.725591	-1.018112	54.725591	10.539026	-23.853616	-1.991719	23.853616	-3.807044	1.763728	
36	-1.388341	-2.361585	3.233249	-57.780901	-1.038904	57.780901	10.572932	-24.646563	-2.386744	24.646563	-3.521610	1.776504	
37	-1.354490	-2.373904	3.254322	-60.807234	-1.065180	60.807234	10.545506	-25.424455	-2.775177	25.424455	-3.250203	1.789268	
38	-1.319660	-2.364092	3.275219	-63.593956	-1.091751	63.593956	10.580418	-26.211282	-3.188438	26.211282	-2.924165	1.802108	
39	-1.286138	-2.332514	3.295888	-66.020468	-1.112465	66.020468	10.738852	-27.034588	-3.628585	27.034588	-2.519203	1.815280	
40	-1.247027	-2.289172	3.316259	-67.961697	-1.129928	67.961697	10.988977	-27.883891	-4.049572	27.883891	-2.097207	1.828931	
41	-1.195728	-2.241067	3.336216	-69.234544	-1.150237	69.234544	11.306900	-28.743297	-4.409634	28.743297	-1.717500	1.843002	
42	-1.132391	-2.180769	3.355598	-69.724488	-1.173889	69.724488	11.669379	-29.625365	-4.699066	29.625365	-1.384982	1.857388	
43	-1.059598	-2.098987	3.374252	-69.458780	-1.201383	69.458780	12.003502	-30.540027	-4.912281	30.540027	-1.105715	1.872021	
44	-0.980294	-2.001705	3.392087	-68.627962	-1.241060	68.627962	12.249255	-31.459748	-5.048146	31.459748	-0.898377	1.886813	
45	-0.900859	-1.906155	3.409077	-67.571526	-1.305981	67.571526	12.418295	-32.318162	-5.140895	32.318162	-0.736951	1.901636	
46	-0.826606	-1.824126	3.425257	-66.637372	-1.403616	66.637372	12.549222	-33.067198	-5.234109	33.067198	-0.565880	1.916368	
47	-0.756956	-1.755934	3.440691	-65.999090	-1.533739	65.999090	12.661919	-33.710897	-5.340726	33.710897	-0.360029	1.930922	
48	-0.688742	-1.697117	3.455423	-65.637923	-1.694937	65.637923	12.763450	-34.256243	-5.455083	34.256243	-0.122993	1.945213	
49	-0.615513	-1.639233	3.469450	-65.517845	-1.878656	65.517845	12.808426	-34.722077	-5.544105	34.722077	0.115901	1.959161	
50	-0.524877	-1.571255	3.482784	-65.602453	-2.066503	65.602453	12.685264	-35.172071	-5.526607	35.172071	0.275851	1.972780	
51	-0.410145	-1.490156	3.495568	-65.720046	-2.247534	65.720046	12.357573	-35.658022	-5.352879	35.658022	0.296097	1.986152	
52	-0.284275	-1.401631	3.508097	-65.722172	-2.422275	65.722172	11.961883	-36.184673	-5.100707	36.184673	0.253993	1.999314	
53	-0.164674	-1.309790	3.520728	-65.729675	-2.583673	65.729675	11.624419	-36.752847	-4.876662	36.752847	0.272947	2.012203	
54	-0.058603	-1.216049	3.533711	-65.924319	-2.708687	65.924319	11.357769	-37.405026	-4.716258	37.405026	0.405505	2.024739	
55	0.025808	-1.123941	3.547026	-66.182055	-2.776526	66.182055	11.229970	-38.204652	-4.660877	38.204652	0.699245	2.036930	
56	0.082673	-1.035856	3.560451	-66.177795	-2.786673	66.177795	11.345694	-39.160560	-4.748981	39.160560	1.181914	2.048881	
57	0.114547	-0.950586	3.573750	-65.708611	-2.753891	65.708611	11.726961	-40.211400	-4.968467	40.211400	1.823171	2.060711	
58	0.131321	-0.864027	3.586769	-64.785980	-2.695094	64.785980	12.272886	-41.300004	-5.255148	41.300004	2.537507	2.072546	
59	0.154836	-0.769596	3.599440	-63.589402	-2.624552	63.589402	12.728811	-42.416172	-5.467349	42.416172	3.155051	2.084499	
60	0.208981	-0.662752	3.611810	-62.352837	-2.554303	62.352837	12.830634	-43.565856	-5.456154	43.565856	3.507656	2.096523	
61	0.308617	-0.541966	3.624026	-61.239116	-2.495263	61.239116	12.432681	-44.731333	-5.133063	44.731333	3.508506	2.108325	
62	0.456688	-0.408289	3.636222	-60.317966	-2.456969	60.317966	11.538988	-45.863416	-4.486779	45.863416	3.163353	2.119512	
63	0.642240	-0.266741	3.648444	-59.641107	-2.440987	59.641107	10.305960	-46.925438	-3.597869	46.925438	2.575252	2.129845	
64	0.851065	-0.121504	3.660665	-59.276642	-2.438305	59.276642	8.892789	-47.923996	-2.560949	47.923996	1.855219	2.139312	
65	1.075338	0.025786	3.672856	-59.218489	-2.438746	59.218489	7.390656	-48.873168	-1.426459	48.873168	1.060268	2.148014	
66	1.310464	0.173181	3.684999	-59.346830	-2.435290	59.346830	5.882184	-49.768057	-0.228830	49.768057	0.226823	2.156064	
67	1.550754	0.322059	3.697005	-59.522718	-2.418795	59.522718	4.421888	-50.597880	0.996406	50.597880	-0.609912	2.163583	
68	1.783787	0.477458	3.708727	-59.650465	-2.376503	59.650465	3.067811	-51.359476	2.174212	51.359476	-1.377997	2.170719	
69	1.990110	0.643632	3.720070	-59.696125	-2.294516	59.696125	1.917502	-52.060263	3.180989	52.060263	-1.962738	2.177669	
70	2.159827	0.824582	3.730945	-59.733335	-2.166360	59.733335	0.985912	-52.714528	3.952770	52.714528	-2.318106	2.184698	
71	2.301035	1.020868	3.741179	-59.872373	-2.003493	59.872373	0.193375	-53.329366	4.524513	53.329366	-2.495886	2.192012	
72	2.421076	1.225441	3.750520	-60.118814	-1.821708	60.118814	-0.471930	-53.899034	4.918969	53.899034	-2.528445	2.199595	
73	2.516090	1.427650	3.758716	-60.405543	-1.627541	60.405543	-0.911143	-54.419335	5.104987	54.419335	-2.396544	2.207245	
74	2.585796	1.615321	3.765530	-60.667144	-1.436321	60.667144	-0.972450	-54.877771	5.063224	54.877771	-2.084929	2.214756	
75	2.640193	1.777256	3.770743	-60.852476	-1.275377	60.852476	-0.527333	-55.254294	4.813561	55.254294	-1.590392	2.222055	
76	2.691627	1.913661	3.774221	-60.966088	-1.160975	60.966088	0.387258	-55.546358	4.412126	55.546358	-0.931276	2.229274	
77	2.750411	2.036143	3.775911	-61.029803	-1.093659	61.029803	1.578438	-55.766470	3.940932	55.766470	-0.160575	2.236672	
78	2.821756	2.152468	3.775858	-61.054895	-1.068306	61.054895	2.893815	-55.964637	3.461105	55.964637	0.674347	2.244484	
79	2.901997	2.259036	3.774331	-61.082346	-1.081379	61.082346	4.329481	-56.224567	2.969333	56.224567	1.580212	2.252914	
80	2.982198	2.347154	3.771712	-61.110048	-1.135473	61.110048	5.988433	-56.592274	2.410404	56.592274	2.618889	2.262217	
81	3.057792	2.411825	3.768244	-61.159749	-1.233074	61.159749	7.919283	-57.064939	1.750650	57.064939	3.844633	2.272695	
82	3.129706	2.453671	3.763980	-61.443920	-1.367361	61.443920	10.031022	-57.637222	1.010209	57.637222	5.264625	2.284605	
83	3.195239	2.473837	3.758876	-62.185226	-1.524857	62.185226	12.224766	-58.339473	0.212874	58.339473	6.877976	2.298118	
84	3.249532	2.475135	3.752853	-63.430197	-1.689727	63.430197	14.437946	-59.231067	-0.617260	59.231067	8.680733	2.313458	
85	3.296198	2.468761	3.745829	-65.123377	-1.844400	65.123377	16.567351	-60.320638	-1.421029	60.320638	10.637801	2.330949	
86	3.348522	2.468382	3.737686	-67.168775	-1.986222	67.168775	18.504482	-61.519708	-2.128184	61.519708	12.707431	2.350883	
87	3.420373	2.477932	3.728285	-69.496048	-2.135187	69.496048	20.197717	-62.712428	-2.698417	62.712428	14.874147	2.373400	
88	3.514274	2.492777	3.717529	-72.034131	-2.301712	72.034131	21.686340	-63.847656	-3.141710	63.847656	17.155193	2.398504	
89	3.621893	2.508918	3.705394	-74.627020	-2.471811	74.627020	23.087375	-64.941598	-3.505413	64.941598	19.590076	2.426142	
90	3.736180	2.526477	3.691941	-77.192177	-2.627930	77.192177	24.493734	-66.027036	-3.829812	66.027036	22.213119	2.456238	
91	3.854587	2.548664	3.677310	-79.851667	-2.749443	79.851667	25.920246	-67.130623	-4.124393	67.130623	25.017813	2.488693	
92	3.975462	2.580861	3.661728	-82.743609	-2.805182	82.743609	27.344898	-68.269198	-4.380084	68.269198	27.944263	2.523341	
93	4.099667	2.626846	3.645484	-85.855738	-2.775796	85.855738	28.758126	-69.455762	-4.592861	69.455762	30.928472	2.559900	
94	4.229588	2.685106	3.628819	-89.166678	-2.664550	89.166678	30.159310	-70.714802	-4.773939	70.714802	33.944424	2.598074	
95	4.359654	2.751308	3.611882	-92.763862	-2.469228	92.763862	31.560159	-72.101192	-4.949813	72.101192	36.963732	2.637629	
96	4.476861	2.823487	3.594782	-96.752063	-2.169703	96.752063	33.015785	-73.710948	-5.157261	73.710948	39.927407	2.678324	
97	4.575215	2.902429	3.577630	-101.228325	-1.755494	101.228325	34.598621	-75.635033	-5.428642	75.635033	42.800408	2.719870	
98	4.655668	2.983368	3.560469	-106.254392	-1.246622	106.254392	36.402110	-77.907541	-5.803673	77.907541	45.624051	2.762087	
99	4.715420	3.053290	3.543224	-111.788825	-0.678178	111.788825	38.552547	-80.544871	-6.342539	80.544871	48.492723	2.805054	
100	4.751600	3.102053	3.525796	-117.809183	-0.071110	117.809183	41.097912	-83.591266	-7.077430	83.591266	51.458678	2.849037	
101	4.765571	3.126146	3.508143	-124.329446	0.567204	124.329446	43.995299	-87.065404	-7.994855	87.065404	54.502922	2.894340	
102	4.758370	3.122635	3.490275	-131.255408	1.225679	131.255408	47.198545	-90.915745	-9.074643	90.915745	57.595324	2.941297	
103	4.730554	3.088872	3.472232	-138.488069	1.891800	138.488069	50.575767	-95.065741	-10.278839	95.065741	60.662711	2.990254	
104	4.686761	3.021775	3.454097	-145.941620	2.532683	145.941620	53.936738	-99.433793	-11.567511	99.433793	63.661671	3.041439	
105	4.632755	2.918281	3.435952	-153.373508	3.098570	153.373508	57.233726	-103.917447	-12.947240	103.917447	66.701978	3.095098	
106	4.565640	2.780839	3.417819	-160.577980	3.585341	160.577980	60.461673	-108.433317	-14.412660	108.433317	69.810826	3.151654	
107	4.479012	2.614188	3.399695	-167.574895	4.018888	167.574895	63.432860	-112.929416	-15.889236	112.929416	72.785766	3.211404	
108	4.375735	2.419244	3.381603	-174.348850	4.385164	174.348850	65.834211	-117.310901	-17.288075	117.310901	75.432662	3.274277	
109	4.263597	2.194699	3.363569	-180.631327	4.633546	180.631327	67.390542	-121.391378	-18.559239	121.391378	77.688269	3.339916	
110	4.149015	1.941666	3.345566	-185.998512	4.711449	185.998512	67.945882	-124.940046	-19.687177	124.940046	79.563039	3.407791	
111	4.038716	1.667229	3.327560	-190.153375	4.589057	190.153375	67.503627	-127.808047	-20.681530	127.808047	81.121391	3.477306	
112	3.938661	1.381726	3.309562	-193.123091	4.264882	193.123091	66.187911	-129.988896	-21.577274	129.988896	82.473316	3.547920	
113	3.852416	1.093479	3.291578	-195.057716	3.744054	195.057716	64.137317	-131.516805	-22.418380	131.516805	83.718300	3.619186	
114	3.782261	0.806770	3.273613	-195.950057	3.027134	195.950057	61.461367	-132.402747	-23.239049	132.402747	84.903883	3.690716	
115	3.732446	0.521325	3.255770	-195.643045	2.114249	195.643045	58.232190	-132.708613	-24.062748	132.708613	86.069343	3.762199	
116	3.706162	0.238287	3.238236	-194.034011	1.018362	194.034011	54.468302	-132.556538	-24.895196	132.556538	87.240895	3.833484	
117	3.698991	-0.037203	3.221204	-191.213075	-0.240695	191.213075	50.167294	-132.008874	-25.724981	132.008874	88.405601	3.904566	
118	3.705847	-0.304614	3.204900	-187.233598	-1.669220	187.233598	45.375826	-131.027936	-26.550798	131.027936	89.590862	3.975456	
119	3.729015	-0.566294	3.189582	-181.908254	-3.284862	181.908254	40.265987	-129.561304	-27.391022	129.561304	90.882653	4.046175	
120	3.770187	-0.818482	3.175508	-175.089454	-5.073955	175.089454	35.085307	-127.590066	-28.267667	127.590066	92.336168	4.116790	
121	3.823637	-1.051815	3.162961	-167.011669	-6.998796	167.011669	30.011792	-125.144646	-29.205922	125.144646	93.966112	4.187419	
122	3.881090	-1.263675	3.152314	-158.052632	-9.030794	158.052632	25.247214	-122.404206	-30.249741	122.404206	95.854436	4.258322	
123	3.931030	-1.479575	3.144010	-148.173188	-11.161691	148.173188	21.131797	-119.769624	-31.428989	119.769624	98.139928	4.330104	
124	3.949981	-1.744452	3.138464	-136.985823	-13.385109	136.985823	17.940540	-117.625148	-32.684503	117.625148	100.801169	4.403727	
125	3.910571	-2.075573	3.135998	-124.308137	-15.682681	124.308137	15.749563	-115.983212	-33.888393	115.983212	103.610986	4.480173	
126	3.802194	-2.450971	3.136887	-110.402703	-18.057132	110.402703	14.477778	-114.557751	-34.950074	114.557751	106.357922	4.560106	
127	3.629059	-2.849314	3.141411	-95.780249	-20.558662	95.780249	13.978822	-113.124937	-35.859339	113.124937	108.968166	4.643851	
128	3.392930	-3.269150	3.149814	-80.812521	-23.233453	80.812521	14.284071	-111.636245	-36.667850	111.636245	111.455719	4.731565	
129	3.091594	-3.710747	3.162281	-65.682670	-26.084261	65.682670	15.549041	-110.060481	-37.453064	110.060481	113.816984	4.823320	
130	2.723874	-4.166966	3.178968	-50.643914	-29.101863	50.643914	17.724030	-108.256976	-38.271530	108.256976	115.925339	4.918994	
131	2.288194	-4.633067	3.200045	-35.939055	-32.278634	35.939055	20.653816	-106.006496	-39.167393	106.006496	117.570976	5.018138	
132	1.786017	-5.107736	3.225676	-21.649803	-35.601914	21.649803	24.333674	-103.093622	-40.220231	103.093622	118.613574	5.120018	
133	1.225497	-5.587385	3.255951	-7.891932	-39.063181	7.891932	28.837981	-99.355255	-41.543665	99.355255	119.023012	5.223782	
134	0.615504	-6.067527	3.290869	5.104701	-42.653470	-5.104701	34.183381	-94.636473	-43.233221	94.636473	118.747109	5.328462	
135	-0.041361	-6.544681	3.330372	17.140495	-46.340187	-17.140495	40.343687	-88.719974	-45.321844	88.719974	117.562611	5.432803	
136	-0.744403	-7.014493	3.374372	28.013551	-50.076563	-28.013551	47.326013	-81.441871	-47.821895	81.441871	115.222429	5.535184	
137	-1.482750	-7.464341	3.422735	37.326108	-53.841472	-37.326108	55.059399	-72.830545	-50.756459	72.830545	111.694155	5.633795	
138	-2.236947	-7.876120	3.475245	44.513092	-57.638113	-44.513092	63.288921	-63.060680	-54.095315	63.060680	107.072762	5.726896	
139	-2.990331	-8.243116	3.531573	49.187548	-61.503245	-49.187548	71.795702	-52.373320	-57.746838	52.373320	101.470629	5.812983	
140	-3.730522	-8.571151	3.591349	51.281350	-65.542625	-51.281350	80.520606	-41.031970	-61.586676	41.031970	95.023701	5.890809	
141	-4.445027	-8.859226	3.654233	50.766904	-69.863981	-50.766904	89.334295	-29.299458	-65.427935	29.299458	87.835370	5.959345	
142	-5.117316	-9.086618	3.719851	47.539239	-74.461403	-47.539239	97.798085	-17.422329	-68.977980	17.422329	79.948656	6.017739	
143	-5.722920	-9.228979	3.787747	41.618813	-79.312506	-41.618813	105.403905	-5.713140	-71.866755	5.713140	71.482455	6.065317	
144	-6.233931	-9.282940	3.857424	33.253791	-84.606932	-33.253791	112.129175	5.303449	-73.803012	-5.303449	62.823514	6.101759	
145	-6.633574	-9.263131	3.928383	22.762772	-90.682370	-22.762772	118.398848	15.061071	-74.686090	-15.061071	54.493329	6.127303	
146	-6.915798	-9.173525	4.000074	10.233362	-97.741570	-10.233362	124.360074	23.268024	-74.436509	-23.268024	46.726886	6.142670	
147	-7.074002	-8.995758	4.071883	-4.508491	-105.795462	4.508491	129.591279	29.871735	-72.831898	-29.871735	39.363774	6.148670	
148	-7.110066	-8.719882	4.143164	-21.560802	-114.844585	21.560802	133.756005	34.884039	-69.712852	-34.884039	32.176683	6.145877	
149	-7.041866	-8.360678	4.213256	-40.755246	-124.912108	40.755246	136.984361	38.369199	-65.143585	-38.369199	25.059657	6.134643	
150	-6.892592	-7.935997	4.281474	-61.707224	-135.893529	61.707224	139.479577	40.477641	-59.268668	-40.477641	17.917130	6.115247	
151	-6.680703	-7.454489	4.347120	-83.930186	-147.574893	83.930186	141.283068	41.377720	-52.185775	-41.377720	10.607223	6.087861	
152	-6.417710	-6.922022	4.409485	-106.970624	-159.780031	106.970624	142.411909	41.157442	-43.961878	-41.157442	3.007848	6.052429	
153	-6.110315	-6.343341	4.467841	-130.533244	-172.377403	130.533244	142.882525	39.857513	-34.565118	-39.857513	-5.115857	6.008568	
154	-5.754405	-5.707766	4.521461	-154.654449	-185.217918	154.654449	142.446230	37.444022	-23.600397	-37.444022	-14.413098	5.955509	
155	-5.338289	-4.994463	4.569677	-179.724011	-198.179792	179.724011	140.728566	33.695734	-10.508383	-33.695734	-25.645798	5.892205	
156	-4.863736	-4.202660	4.612010	-206.075252	-211.248798	206.075252	137.868579	28.268760	4.828518	-28.268760	-39.038126	5.817582	
157	-4.343555	-3.348836	4.648236	-233.757648	-224.557631	233.757648	134.573947	20.711471	22.129707	-20.711471	-54.362591	5.730718	
158	-3.783184	-2.441900	4.678319	-262.991538	-238.306370	262.991538	131.555658	10.441807	41.154664	-10.441807	-71.409306	5.630903	
159	-3.187354	-1.488085	4.702340	-294.283569	-252.579960	294.283569	129.357749	-3.027711	61.701620	3.027711	-90.027072	5.517555	
160	-2.573315	-0.509443	4.720437	-327.958327	-267.409529	327.958327	128.768973	-19.945120	83.340766	19.945120	-109.852380	5.390121	
161	-1.965037	0.458322	4.732726	-364.038481	-282.912379	364.038481	130.921511	-40.364586	105.342767	40.364586	-130.187354	5.248200	
162	-1.379205	1.386460	4.739355	-402.188881	-299.047746	402.188881	136.620696	-64.208500	126.912400	64.208500	-150.229661	5.091777	
163	-0.814992	2.269387	4.740607	-441.671359	-315.477793	441.671359	145.863384	-91.478949	147.485799	91.478949	-169.396680	4.921262	
164	-0.264351	3.109061	4.736796	-482.070206	-332.010218	482.070206	158.443911	-122.253121	166.653572	122.253121	-187.281105	4.737439	
165	0.266764	3.889443	4.728105	-523.670648	-348.804895	523.670648	174.515789	-156.276144	183.893414	156.276144	-203.405046	4.541505	
166	0.759617	4.583736	4.714550	-566.548605	-365.913141	566.548605	194.113124	-192.818790	198.650409	192.818790	-217.283074	4.335058	
167	1.209640	5.185576	4.695954	-610.283436	-383.093129	610.283436	216.574127	-231.249860	210.869572	231.249860	-228.923162	4.119896	
168	1.652425	5.731918	4.671907	-654.897973	-400.120953	654.897973	240.507270	-271.893961	221.526168	271.893961	-239.334680	3.897642	
169	2.144903	6.283260	4.641896	-700.981216	-416.829516	700.981216	264.227104	-315.819407	232.156372	315.819407	-250.054526	3.669613	
170	2.716018	6.876248	4.605494	-748.694746	-432.881764	748.694746	286.360679	-363.600438	243.738516	363.600438	-262.040068	3.437098	
171	3.346102	7.501978	4.562433	-797.131508	-447.703931	797.131508	306.113404	-414.550891	256.232133	414.550891	-275.217664	3.201694	
172	3.990646	8.128464	4.512581	-844.643489	-460.569184	844.643489	322.992169	-467.102510	269.075072	467.102510	-288.992505	2.965444	
173	4.621283	8.743166	4.455912	-889.700376	-470.734320	889.700376	336.328476	-520.055669	282.080278	520.055669	-303.163425	2.730841	
174	5.235219	9.361970	4.392487	-931.358890	-477.650285	931.358890	345.352110	-573.250359	295.599846	573.250359	-318.090433	2.500967	
175	5.838222	10.007435	4.322489	-969.207357	-481.218660	969.207357	349.690922	-627.273517	310.083929	627.273517	-334.247056	2.279989	
176	6.443370	10.703028	4.246349	-1003.279783	-481.862770	1003.279783	349.483883	-683.307848	326.026431	683.307848	-352.150753	2.074051	
177	7.069803	11.471740	4.164834	-1033.731906	-480.312037	1033.731906	345.205769	-742.843086	343.913580	742.843086	-372.293964	1.892559	
178	7.729604	12.328209	4.078916	-1060.216110	-477.296510	1060.216110	337.466674	-807.057926	363.941859	807.057926	-394.869676	1.749338	
179	8.430660	13.287236	3.989595	-1081.695190	-473.368955	1081.695190	326.682135	-876.835900	386.120536	876.835900	-419.885294	1.662480	
180	9.187191	14.370792	3.897830	-1097.055646	-468.985825	1097.055646	313.085027	-953.092481	410.526702	953.092481	-447.410566	1.651010	
181	10.017577	15.595272	3.804507	-1105.865422	-464.753460	1105.865422	297.189873	-1036.655104	437.252380	1036.655104	-477.501203	1.727705	
182	10.939878	16.967658	3.710392	-1108.552795	-461.552260	1108.552795	279.974658	-1128.241408	466.346788	1128.241408	-510.112497	1.893205	
183	11.972198	18.494560	3.616092	-1106.012884	-460.368942	1106.012884	262.606283	-1228.546926	497.899481	1228.546926	-545.169471	2.137609	
184	13.136017	20.186084	3.522028	-1099.001721	-461.977868	1099.001721	246.045330	-1338.086210	532.136455	1338.086210	-582.636392	2.446944	
185	14.457127	22.058070	3.428402	-1087.834931	-466.797234	1087.834931	230.852310	-1457.109767	569.418493	1457.109767	-622.494059	2.808183	
186	15.962307	24.133778	3.335265	-1072.562861	-474.974261	1072.562861	217.283623	-1585.568230	610.136224	1585.568230	-664.674552	3.211027	
187	17.675687	26.442067	3.242636	-1053.141857	-486.496016	1053.141857	205.437649	-1723.032848	654.601242	1723.032848	-709.023747	3.647749	
188	19.611287	29.008635	3.150588	-1029.697769	-501.334621	1029.697769	195.639252	-1868.508537	702.761180	1868.508537	-755.065195	4.112391	
189	21.763871	31.841740	3.059262	-1002.600796	-519.498322	1002.600796	188.831033	-2019.959276	753.802152	2019.959276	-801.608272	4.600031	
190	24.115524	34.933820	2.968850	-971.914008	-540.779008	971.914008	186.110978	-2174.262329	806.268011	2174.262329	-846.865015	5.106296	
191	26.654870	38.276869	2.879580	-937.688488	-564.660547	937.688488	188.188126	-2327.847514	858.645056	2327.847514	-889.100161	5.627003	
192	29.370265	41.853498	2.791720	-900.570288	-590.525137	900.570288	195.805067	-2476.564913	909.182936	2476.564913	-926.583468	6.157871	
193	32.221947	45.612433	2.705540	-860.932067	-617.506940	860.932067	209.954640	-2614.847066	955.063490	2614.847066	-956.839279	6.694490	
194	35.136824	49.468811	2.621246	-818.305101	-644.211261	818.305101	231.400676	-2735.870615	992.301943	2735.870615	-976.574773	7.232496	
195	38.019182	53.316082	2.538968	-772.081021	-668.928916	772.081021	260.725382	-2832.552550	1016.202851	2832.552550	-982.164325	7.767797	
196	40.760106	57.026374	2.458750	-722.120951	-690.002537	722.120951	298.698452	-2898.491684	1021.917357	2898.491684	-970.171132	8.296834	
197	43.248719	60.452885	2.380565	-668.867911	-705.933395	668.867911	345.959400	-2928.627651	1005.259222	2928.627651	-938.022274	8.816799	
198	45.382147	63.449522	2.304488	-612.926957	-715.256603	612.926957	402.030683	-2919.467755	963.462892	2919.467755	-884.517921	9.325738	
199	47.085343	65.899775	2.230874	-554.700312	-716.444831	554.700312	464.475913	-2869.601515	895.966336	2869.601515	-810.465977	9.822575	
200	48.337262	67.732546	2.160317	-494.751900	-708.221678	494.751900	529.194414	-2780.712664	805.074190	2780.712664	-719.499840	10.306948	
201	49.167509	68.918335	2.093520	-433.909679	-689.905670	433.909679	591.489360	-2657.490087	695.470474	2657.490087	-617.739558	10.778726	
202	49.633072	69.463331	2.031173	-372.508409	-661.180193	372.508409	646.648741	-2506.142026	572.931455	2506.142026	-512.494623	11.237487	
203	49.812911	69.413269	1.973867	-309.993550	-621.884753	309.993550	690.564290	-2333.252973	443.401443	2333.252973	-411.454488	11.682145	
204	49.807488	68.855187	1.922091	-245.638152	-572.536960	245.638152	721.539792	-2145.605063	312.197791	2145.605063	-322.087095	12.110792	
205	49.724253	67.906695	1.876255	-179.371564	-514.968849	179.371564	742.182077	-1950.236705	183.059198	1950.236705	-250.716507	12.520902	
206	49.657377	66.696580	1.836635	-111.908086	-452.393429	111.908086	760.053693	-1754.489643	57.473736	1754.489643	-201.642946	12.909855	
207	49.662287	65.337905	1.803281	-44.774850	-389.073584	44.774850	787.237311	-1566.101055	-65.446542	1566.101055	-176.503557	13.275564	
208	49.726700	63.893145	1.775928	19.720428	-329.534668	-19.720428	838.203599	-1392.819307	-188.270147	1392.819307	-174.246769	13.616886	
209	49.755843	62.341530	1.754028	79.032416	-277.289188	-79.032416	925.412995	-1241.084153	-313.442562	1241.084153	-192.358562	13.933498	
210	49.581904	60.564768	1.736849	130.854545	-233.680519	-130.854545	1053.759559	-1113.900113	-440.823920	1113.900113	-229.020712	14.224814	
211	48.992935	58.358888	1.723388	174.236831	-197.001977	-174.236831	1215.054738	-1008.273299	-565.589958	1008.273299	-285.104648	14.487675	
212	47.788685	55.475068	1.712160	212.908127	-161.827727	-212.908127	1384.495377	-913.135508	-677.499663	913.135508	-365.483978	14.713022	
213	45.870207	51.701718	1.701137	259.150845	-119.442223	-259.150845	1523.806897	-809.767596	-763.196913	809.767596	-478.278256	14.882608	
214	43.328001	46.984034	1.688569	333.299235	-60.622679	-333.299235	1595.756524	-677.491199	-813.023427	677.491199	-628.718835	14.968142	
215	40.458084	41.519769	1.674425	454.930423	19.365252	-454.930423	1586.409143	-505.352990	-829.606931	505.352990	-806.325282	14.936386	
216	37.660581	35.739691	1.660301	625.993301	115.851164	-625.993301	1518.658433	-303.917943	-829.600183	303.917943	-972.502689	14.762335	
217	35.276798	30.150820	1.647723	812.298101	213.498983	-812.298101	1440.062086	-105.632112	-832.516264	105.632112	-1064.573236	14.446750	
218	33.471763	25.143589	1.637123	942.272618	291.317223	-942.272618	1391.568550	51.761369	-845.078650	-51.761369	-1024.344473	14.027483	
219	32.202433	20.896385	1.627740	938.078698	331.974654	-938.078698	1386.828381	147.560327	-857.454752	-147.560327	-833.744483	13.574150	
220	31.252029	17.398911	1.617916	758.889487	328.950223	-758.889487	1417.340479	187.548420	-854.528408	-187.548420	-527.233947	13.166103	
221	30.291705	14.494464	1.605982	419.288532	287.064640	-419.288532	1466.917661	195.453076	-827.658312	-195.453076	-172.774242	12.865819	
222	28.976905	11.880701	1.590880	-24.177366	217.979429	24.177366	1518.221363	197.554954	-776.334554	-197.554954	158.256736	12.701976	
223	27.119121	9.138910	1.572104	-493.986159	134.305752	493.986159	1556.056609	211.662084	-705.184797	-211.662084	414.522592	12.667913	
224	24.820620	5.887835	1.549563	-898.483538	45.257442	898.483538	1576.624981	244.904561	-623.379191	-244.904561	576.716083	12.731508	
225	22.399850	1.986583	1.523612	-1129.575490	-42.879262	1129.575490	1594.454491	299.998330	-544.460795	-299.998330	653.509811	12.848123	
226	20.154978	-2.402534	1.495098	-1079.260329	-121.888484	1079.260329	1631.201754	382.727735	-481.069259	-382.727735	664.611051	12.970822	
227	18.182125	-6.906714	1.465312	-683.713415	-178.545129	683.713415	1692.617051	501.606429	-436.250593	-501.606429	626.257347	13.057464	
228	16.362331	-11.110687	1.435681	35.503380	-197.717667	-35.503380	1755.770500	659.106147	-399.440179	-659.106147	548.327080	13.075809	
229	14.456424	-14.723556	1.407362	965.897436	-169.652119	-965.897436	1777.675249	843.471814	-351.918579	-843.471814	438.668888	13.006954	
230	12.218673	-17.639131	1.380906	1939.232898	-95.928021	-1939.232898	1718.349471	1030.491309	-278.408006	-1030.491309	307.068540	12.846736	
231	9.506042	-19.903410	1.356053	2788.381111	9.910276	-2788.381111	1561.665213	1193.884443	-176.693855	-1193.884443	166.525605	12.604451	
232	6.355579	-21.655098	1.332118	3395.941432	127.359655	-3395.941432	1321.895960	1315.295615	-59.174523	-1315.295615	32.367251	12.299328	
233	2.959177	-23.057100	1.309074	3713.430155	236.712591	-3713.430155	1034.344033	1388.213644	54.407694	-1388.213644	-81.149868	11.956012	
234	-0.438592	-24.253461	1.287991	3754.697803	324.912986	-3754.697803	740.229146	1416.045956	146.321273	-1416.045956	-164.286087	11.600130	
235	-3.619933	-25.359709	1.270289	3575.515402	387.018007	-3575.515402	476.453222	1407.734213	205.442946	-1407.734213	-212.745616	11.254751	
236	-6.419835	-26.445919	1.256929	3246.994158	424.301637	-3246.994158	270.708361	1374.225440	227.362179	-1374.225440	-226.977740	10.938093	
237	-8.726349	-27.506424	1.248105	2834.968063	441.010692	-2834.968063	139.345159	1326.416422	212.971142	-1326.416422	-210.964430	10.662378	
238	-10.492127	-28.453219	1.243331	2392.725292	441.313383	-2392.725292	87.108704	1273.797341	167.100202	-1273.797341	-170.889797	10.433468	
239	-11.753750	-29.137194	1.241770	1962.787777	427.560888	-1962.787777	107.869889	1223.985480	97.233631	-1223.985480	-113.867283	10.251200	
240	-12.618566	-29.366485	1.242426	1581.319708	400.267430	-1581.319708	184.763743	1183.820073	12.313302	-1183.820073	-46.941573	10.110296	
241	-13.218090	-28.923872	1.244250	1280.954952	359.353145	-1280.954952	289.764587	1160.849882	-77.964638	-1160.849882	23.240314	10.001286	
242	-13.656294	-27.596919	1.246356	1089.661520	306.012866	-1089.661520	385.119566	1163.096854	-163.374559	-1163.096854	90.094199	9.911165	
243	-13.961432	-25.214980	1.248203	1025.635314	244.634359	-1025.635314	428.857838	1196.603617	-233.379881	-1196.603617	146.670293	9.824071	
244	-14.066218	-21.718367	1.249720	1089.370667	183.760377	-1089.370667	386.611692	1260.990819	-278.469835	-1260.990819	186.224431	9.722535	
245	-13.853026	-17.252952	1.251359	1256.145835	134.530214	-1256.145835	247.026198	1345.618777	-293.208419	-1345.618777	204.396346	9.589987	
246	-13.225324	-12.185163	1.253828	1476.536062	106.471091	-1476.536062	28.860997	1431.260022	-278.738305	-1431.260022	201.333623	9.414318	
247	-12.152144	-7.005689	1.257632	1689.026345	103.226187	-1689.026345	-226.780918	1497.127287	-242.311966	-1497.127287	181.643619	9.190900	
248	-10.695716	-2.209403	1.262820	1839.087578	120.938856	-1839.087578	-472.275301	1528.111221	-194.707841	-1528.111221	152.590447	8.923514	
249	-9.011685	1.798550	1.269066	1895.046084	150.072294	-1895.046084	-668.476039	1518.531262	-146.991639	-1518.531262	121.821186	8.623047	
250	-7.294057	4.768456	1.275895	1853.847345	179.536723	-1853.847345	-793.622062	1471.630600	-107.370933	-1471.630600	95.202039	8.304760	
251	-5.698119	6.634462	1.282839	1736.178420	200.745236	-1736.178420	-844.415800	1396.301551	-79.519330	-1396.301551	75.579717	7.985023	
252	-4.301295	7.491658	1.289460	1575.081070	209.517387	-1575.081070	-831.085214	1303.352136	-63.215509	-1303.352136	63.137961	7.678392	
253	-3.109864	7.541378	1.295358	1403.408869	205.615836	-1403.408869	-770.523801	1202.652086	-56.152874	-1202.652086	56.615489	7.395716	
254	-2.082531	7.043900	1.300172	1244.747797	191.365067	-1244.747797	-681.193072	1101.607575	-55.374294	-1101.607575	54.263428	7.143485	
255	-1.161126	6.265951	1.303520	1110.173225	170.371155	-1110.173225	-579.950728	1004.975980	-58.131469	-1004.975980	54.483947	6.924134	
256	-0.301567	5.420070	1.305037	1000.591014	146.377831	-1000.591014	-479.865713	915.496900	-62.354824	-915.496900	56.234088	6.737019	
257	0.516482	4.638534	1.304512	911.626384	122.330248	-911.626384	-389.139891	834.454765	-66.725792	-834.454765	59.034557	6.579646	
258	1.293998	3.983866	1.301913	837.689497	100.088861	-837.689497	-311.646461	762.093706	-70.441550	-762.093706	62.664574	6.448688	
259	2.008244	3.475264	1.297335	774.104532	80.965667	-774.104532	-249.108257	698.338712	-72.822550	-698.338712	66.743464	6.340516	
260	2.620005	3.111030	1.291009	717.797426	65.932121	-717.797426	-202.056151	643.009398	-73.342792	-643.009398	70.694527	6.251361	
261	3.099372	2.865430	1.283292	667.168135	55.098546	-667.168135	-168.891707	595.375848	-72.047554	-595.375848	74.136687	6.177389	
262	3.433340	2.692555	1.274460	621.502334	47.870575	-621.502334	-146.626545	554.360134	-69.399204	-554.360134	76.915116	6.114819	
263	3.614408	2.553077	1.264633	580.289620	43.638805	-580.289620	-132.647172	519.039375	-65.764827	-519.039375	78.778607	6.060006	
264	3.636076	2.426462	1.253942	542.812837	41.969895	-542.812837	-125.086313	488.628405	-61.288969	-488.628405	79.301193	6.009523	
265	3.498594	2.305452	1.242480	508.150353	42.519020	-508.150353	-122.528618	462.369493	-56.035140	-462.369493	78.040154	5.960298	
266	3.215766	2.188530	1.230136	475.341415	44.864309	-475.341415	-123.666942	439.478149	-50.140797	-439.478149	74.766646	5.909754	
267	2.813526	2.075378	1.216669	443.519015	48.439081	-443.519015	-127.235826	419.152377	-43.838497	-419.152377	69.579677	5.855968	
268	2.323543	1.966985	1.201910	412.021611	52.652708	-412.021611	-132.187411	400.695396	-37.367836	-400.695396	62.818393	5.797756	
269	1.778720	1.855508	1.185834	380.449212	56.835875	-380.449212	-137.420081	383.435114	-30.933664	-383.435114	54.966193	5.734626	
270	1.209970	1.717173	1.168601	348.835198	60.289276	-348.835198	-141.714732	366.715300	-24.696724	-366.715300	46.562962	5.666681	
271	0.646809	1.540129	1.150623	317.797606	62.702414	-317.797606	-144.446076	350.314774	-18.780700	-350.314774	38.098238	5.594503	
272	0.114970	1.336828	1.132509	288.202743	64.202362	-288.202743	-145.755722	334.496747	-13.276947	-334.496747	29.955097	5.518977	
273	-0.370379	1.113748	1.114878	260.677412	64.923912	-260.677412	-145.841503	319.425224	-8.223697	-319.425224	22.394311	5.441063	
274	-0.802722	0.863894	1.098231	235.570322	64.875845	-235.570322	-144.673529	304.967179	-3.629605	-304.967179	15.568433	5.361621	
275	-1.182720	0.580974	1.082953	213.164265	64.127326	-213.164265	-142.347168	291.031400	0.536144	-291.031400	9.494856	5.281273	
276	-1.519858	0.263581	1.069356	193.690479	62.863775	-193.690479	-139.245647	277.706175	4.377682	-277.706175	4.051078	5.200322	
277	-1.823096	-0.082019	1.057647	177.214545	61.243399	-177.214545	-135.701400	265.029206	7.963700	-265.029206	-0.857425	5.118814	
278	-2.096207	-0.445649	1.047802	163.627045	59.331585	-163.627045	-131.777886	252.838787	11.267388	-252.838787	-5.219385	5.036710	
279	-2.344894	-0.818332	1.039607	152.730544	57.202763	-152.730544	-127.544070	241.000784	14.281099	-241.000784	-9.057752	4.953924	
280	-2.574452	-1.192705	1.032925	144.363445	54.951464	-144.363445	-123.181184	229.572110	17.019571	-229.572110	-12.435686	4.870267	
281	-2.784264	-1.566401	1.027786	138.383364	52.619222	-138.383364	-118.767659	218.595241	19.429495	-218.595241	-15.349611	4.785507	
282	-2.972016	-1.938217	1.024282	134.514282	50.200023	-134.514282	-114.218112	207.963946	21.423428	-207.963946	-17.762479	4.699520	
283	-3.136806	-2.298875	1.022496	132.314451	47.695868	-132.314451	-109.420150	197.562876	22.939337	-197.562876	-19.664962	4.612326	
284	-3.277579	-2.630517	1.022417	131.286807	45.166133	-131.286807	-104.391309	187.440119	23.930360	-187.440119	-21.056395	4.524062	
285	-3.390797	-2.911468	1.023860	131.005929	42.692106	-131.005929	-99.234576	177.831649	24.336365	-177.831649	-21.907137	4.434994	
286	-3.471220	-3.126166	1.026457	131.162453	40.296805	-131.162453	-93.980279	168.947943	24.118331	-168.947943	-22.187546	4.345576	
287	-3.518267	-3.275880	1.029644	131.528375	37.960795	-131.528375	-88.618939	160.766287	23.337068	-160.766287	-21.943475	4.256477	
288	-3.540183	-3.376530	1.032718	131.909739	35.692569	-131.909739	-83.246213	153.150974	22.150971	-153.150974	-21.300082	4.168498	
289	-3.550823	-3.447840	1.034974	132.112885	33.547605	-132.112885	-78.119965	146.058440	20.758326	-146.058440	-20.416898	4.082352	
290	-3.562612	-3.504832	1.035858	131.986179	31.592860	-131.986179	-73.574090	139.538094	19.346340	-139.538094	-19.445101	3.998508	
291	-3.581908	-3.554195	1.035000	131.487882	29.867573	-131.487882	-69.876134	133.668678	18.042779	-133.668678	-18.486322	3.917179	
292	-3.610181	-3.597635	1.032153	130.693561	28.369714	-130.693561	-67.141488	128.510960	16.905703	-128.510960	-17.588876	3.838326	
293	-3.647410	-3.637172	1.027129	129.754247	27.068822	-129.754247	-65.342992	124.056160	15.962912	-124.056160	-16.781878	3.761720	
294	-3.696404	-3.677062	1.019792	128.781996	25.961279	-128.781996	-64.460711	120.224745	15.278595	-120.224745	-16.128583	3.687042	
295	-3.765117	-3.728206	1.010065	127.816578	25.083732	-127.816578	-64.498266	116.837067	14.933604	-116.837067	-15.710698	3.613956	
296	-3.857918	-3.805152	0.997959	126.990616	24.445599	-126.990616	-65.312309	113.693164	14.907623	-113.693164	-15.523556	3.542162	
297	-3.968233	-3.911522	0.983632	126.490167	24.039839	-126.490167	-66.692442	110.754005	15.097791	-110.754005	-15.485091	3.471399	
298	-4.088771	-4.040154	0.967362	126.284333	23.894161	-126.284333	-68.495090	108.010518	15.446126	-108.010518	-15.550693	3.401385	
299	-4.218374	-4.185330	0.949458	126.136068	24.015212	-126.136068	-70.503932	105.266634	15.926360	-105.266634	-15.708954	3.331860	
300	-4.353554	-4.338879	0.930223	125.669477	24.357327	-125.669477	-72.431742	102.325957	16.448428	-102.325957	-15.894376	3.262722	
301	-4.486288	-4.487284	0.909945	124.397024	24.830025	-124.397024	-74.046200	99.140324	16.861581	-99.140324	-15.978122	3.194036	
302	-4.610279	-4.628388	0.888914	122.107156	25.280910	-122.107156	-75.115513	95.639132	17.041952	-95.639132	-15.843671	3.125950	
303	-4.715418	-4.766347	0.867423	118.998557	25.545380	-118.998557	-75.405717	91.761979	16.916970	-91.761979	-15.426391	3.058668	
304	-4.781955	-4.889139	0.845723	115.235436	25.488730	-115.235436	-74.686442	87.527907	16.421784	-87.527907	-14.685040	2.992450	
305	-4.790703	-4.975920	0.823976	110.755702	25.002308	-110.755702	-72.640087	82.855725	15.491083	-82.855725	-13.582222	2.927739	
306	-4.725322	-5.006584	0.802318	105.430840	24.008632	-105.430840	-68.907733	77.586614	14.056924	-77.586614	-12.071927	2.865226	
307	-4.567147	-4.957305	0.781018	99.136145	22.461573	-99.136145	-63.227119	71.611506	12.067141	-71.611506	-10.116012	2.805738	
308	-4.301606	-4.805273	0.760575	91.720129	20.363289	-91.720129	-55.537945	64.842334	9.549652	-64.842334	-7.740467	2.750107	
309	-3.920120	-4.528804	0.741630	82.963477	17.754936	-82.963477	-45.982845	57.216807	6.609133	-57.216807	-5.028491	2.699082	
310	-3.416383	-4.108060	0.724921	72.694703	14.665649	-72.694703	-34.763611	48.688362	3.365494	-48.688362	-2.060935	2.653284	
311	-2.799961	-3.547685	0.711311	60.940601	11.119197	-60.940601	-22.014063	39.077572	-0.047860	-39.077572	1.078852	2.613302	
312	-2.105297	-2.880910	0.701623	47.767370	7.170766	-47.767370	-7.815011	28.081468	-3.492770	-28.081468	4.293157	2.579850	
313	-1.367583	-2.135210	0.696387	33.077097	2.891115	-33.077097	7.645503	15.615606	-6.889695	-15.615606	7.519617	2.553803	
314	-0.611991	-1.325857	0.695690	16.672443	-1.626383	-16.672443	23.982523	1.943104	-10.217921	-1.943104	10.739339	2.535901	
315	0.125524	-0.486601	0.699236	-1.556420	-6.216732	1.556420	40.720351	-12.568333	-13.458181	12.568333	13.923380	2.526431	
316	0.798840	0.327389	0.706629	-21.480415	-10.640100	21.480415	57.353480	-27.520251	-16.564587	27.520251	17.000421	2.525229	
317	1.351618	1.042321	0.717588	-42.137653	-14.503359	42.137653	72.819871	-41.925863	-19.368614	41.925863	19.770540	2.531743	
318	1.742577	1.600719	0.731662	-62.172550	-17.442578	62.172550	85.973682	-54.608007	-21.679641	54.608007	22.021604	2.544683	
319	1.826619	1.801826	0.747911	-74.947671	-18.463136	74.947671	92.796053	-61.384288	-22.726270	61.384288	22.980650	2.561730	
320	1.774039	1.844200	0.764576	-84.574616	-18.564852	84.574616	96.673908	-65.614853	-23.115981	65.614853	23.273984	2.578785	
