kww	// User ID
24-6-2021	// Evaluation date
p20_warmup_025	24-6-2021	14:11:56:642	// Source file name and timestamp
357.143	// Sampling rate
0.928	// Data capture period

1.910000	// height
102.000000	// mass


Sample #	elbVar	shldrIR	LwristLinVelo	thorJFPd	thorSTPd	UaJFPp	UaSTPp	UaJFPd	UaSTPd	FaJFPp	FaSTPp	RwristLinVelo	
0	1.589890	1.073661	2.502407	0.619167	0.457312	-0.619167	-7.168707	1.010706	2.896765	-1.010706	-11.659135	1.802785	
1	1.589835	0.932721	2.487994	0.794808	0.498130	-0.794808	-7.773544	1.158237	3.640816	-1.158237	-13.687874	1.817124	
2	1.612514	0.831532	2.471710	1.134638	0.552768	-1.134638	-8.516852	1.401885	4.334564	-1.401885	-15.581008	1.827808	
3	1.500548	0.575910	2.455224	1.529529	0.557002	-1.529529	-8.495017	1.348136	5.187026	-1.348136	-17.654069	1.834908	
4	1.335738	0.283645	2.441491	2.065299	0.531706	-2.065299	-8.079664	1.173487	5.991277	-1.173487	-19.536012	1.838722	
5	1.129746	-0.035148	2.431926	2.588657	0.481205	-2.588657	-7.390368	0.895860	6.699497	-0.895860	-21.165017	1.839680	
6	0.906720	-0.360573	2.427414	2.878303	0.418149	-2.878303	-6.632167	0.557551	7.266525	-0.557551	-22.496301	1.838171	
7	0.681119	-0.679625	2.428322	2.787598	0.348921	-2.787598	-5.878033	0.165992	7.663314	-0.165992	-23.493584	1.834633	
8	0.458179	-0.982244	2.434705	2.306973	0.278159	-2.306973	-5.126371	-0.270628	7.874582	0.270628	-24.129777	1.829633	
9	0.234390	-1.266517	2.446289	1.484186	0.211301	-1.484186	-4.371525	-0.732094	7.912303	0.732094	-24.426260	1.823713	
10	0.008417	-1.531725	2.462523	0.369665	0.153239	-0.369665	-3.625644	-1.197190	7.806930	1.197190	-24.450356	1.817204	
11	-0.211906	-1.771885	2.482735	-0.974553	0.106389	0.974553	-2.908009	-1.658789	7.594413	1.658789	-24.293948	1.810234	
12	-0.416457	-1.980183	2.506232	-2.503042	0.070289	2.503042	-2.239719	-2.117792	7.305567	2.117792	-24.029933	1.802846	
13	-0.602245	-2.158493	2.532326	-4.203337	0.043281	4.203337	-1.650042	-2.563010	6.969106	2.563010	-23.714888	1.795066	
14	-0.767722	-2.311069	2.560398	-6.036704	0.022952	6.036704	-1.151593	-2.986331	6.614871	2.986331	-23.416745	1.786893	
15	-0.908994	-2.436978	2.589933	-7.895728	0.006058	7.895728	-0.713180	-3.402181	6.269638	3.402181	-23.196203	1.778346	
16	-1.028000	-2.540398	2.620512	-9.693685	-0.010064	9.693685	-0.314366	-3.815532	5.956358	3.815532	-23.093549	1.769510	
17	-1.137604	-2.634151	2.651773	-11.458710	-0.028213	11.458710	0.061141	-4.205885	5.659063	4.205885	-23.021918	1.760616	
18	-1.251276	-2.724849	2.683389	-13.229848	-0.050554	13.229848	0.488756	-4.554248	5.313168	4.554248	-22.750225	1.752019	
19	-1.367050	-2.801045	2.715086	-14.912268	-0.076311	14.912268	1.065191	-4.877346	4.872411	4.877346	-22.124873	1.743983	
20	-1.474191	-2.844044	2.746694	-16.361049	-0.102820	16.361049	1.847019	-5.226731	4.336444	5.226731	-21.130529	1.736629	
21	-1.565952	-2.848648	2.778141	-17.548389	-0.127924	17.548389	2.781962	-5.628451	3.750474	5.628451	-19.896160	1.730041	
22	-1.631543	-2.819265	2.809382	-18.551813	-0.151491	18.551813	3.692960	-6.071953	3.209979	6.071953	-18.711495	1.724212	
23	-1.668636	-2.766312	2.840348	-19.441509	-0.174609	19.441509	4.450101	-6.535256	2.778553	6.535256	-17.750063	1.719047	
24	-1.699730	-2.712364	2.870918	-20.249579	-0.198875	20.249579	5.085044	-6.976002	2.427725	6.976002	-16.940115	1.714477	
25	-1.741497	-2.671291	2.900937	-20.992784	-0.226357	20.992784	5.662874	-7.373847	2.117036	7.373847	-16.198371	1.710442	
26	-1.789202	-2.638128	2.930242	-21.694254	-0.257982	21.694254	6.193803	-7.758542	1.847296	7.758542	-15.520633	1.706823	
27	-1.837679	-2.605093	2.958665	-22.376590	-0.293086	22.376590	6.703168	-8.172854	1.616122	8.172854	-14.867278	1.703580	
28	-1.885720	-2.569480	2.986089	-23.053164	-0.332060	23.053164	7.219014	-8.641244	1.409836	8.641244	-14.178601	1.700953	
29	-1.931982	-2.535500	3.012491	-23.785074	-0.378968	23.785074	7.709850	-9.145092	1.224316	9.145092	-13.454493	1.699254	
30	-1.974120	-2.506150	3.037882	-24.665633	-0.438215	24.665633	8.133009	-9.660484	1.059577	9.660484	-12.719533	1.698601	
31	-2.005373	-2.475229	3.062250	-25.759171	-0.509586	25.759171	8.464642	-10.211205	0.921771	10.211205	-11.990288	1.698968	
32	-2.019239	-2.436280	3.085621	-27.092848	-0.589143	27.092848	8.696106	-10.834079	0.816871	10.834079	-11.270999	1.700320	
33	-2.015630	-2.390751	3.108078	-28.581039	-0.672790	28.581039	8.867983	-11.537325	0.736446	11.537325	-10.552183	1.702670	
34	-1.997742	-2.343330	3.129712	-30.079367	-0.757764	30.079367	9.033434	-12.310629	0.668996	12.310629	-9.838833	1.706012	
35	-1.967761	-2.295818	3.150621	-31.595971	-0.840845	31.595971	9.184522	-13.143573	0.610843	13.143573	-9.151783	1.710295	
36	-1.929282	-2.249909	3.170912	-33.198490	-0.918562	33.198490	9.295728	-14.014632	0.554637	14.014632	-8.500102	1.715514	
37	-1.887870	-2.209389	3.190643	-34.807639	-0.991379	34.807639	9.377523	-14.884037	0.489085	14.884037	-7.888360	1.721717	
38	-1.845148	-2.175857	3.209824	-36.309938	-1.062413	36.309938	9.428409	-15.725918	0.417785	15.725918	-7.339752	1.728852	
39	-1.799241	-2.148309	3.228459	-37.717895	-1.132209	37.717895	9.423033	-16.538797	0.352566	16.538797	-6.874056	1.736689	
40	-1.749308	-2.126495	3.246612	-39.176880	-1.199453	39.176880	9.336354	-17.320987	0.296811	17.320987	-6.488077	1.744929	
41	-1.694874	-2.110113	3.264412	-40.830581	-1.263268	40.830581	9.155370	-18.076009	0.247997	18.076009	-6.167829	1.753308	
42	-1.636321	-2.096663	3.281962	-42.657339	-1.322173	42.657339	8.917742	-18.827478	0.193498	18.827478	-5.883869	1.761654	
43	-1.575062	-2.080826	3.299286	-44.602211	-1.373323	44.602211	8.681265	-19.609652	0.115433	19.609652	-5.602574	1.769961	
44	-1.510070	-2.054388	3.316352	-46.749680	-1.413324	46.749680	8.451186	-20.462767	0.015593	20.462767	-5.322601	1.778375	
45	-1.438582	-2.009607	3.333093	-49.150658	-1.439414	49.150658	8.204064	-21.426958	-0.084665	21.426958	-5.067980	1.787082	
46	-1.360016	-1.940360	3.349393	-51.622181	-1.449513	51.622181	7.941741	-22.519762	-0.165492	22.519762	-4.853726	1.796221	
47	-1.275377	-1.842156	3.365108	-53.821563	-1.444564	53.821563	7.669894	-23.708783	-0.207065	23.708783	-4.690261	1.805857	
48	-1.184728	-1.723876	3.380119	-55.643093	-1.433630	55.643093	7.317742	-24.897496	-0.182482	24.897496	-4.605537	1.815878	
49	-1.088727	-1.609307	3.394371	-57.401717	-1.428923	57.401717	6.778102	-25.980581	-0.085712	25.980581	-4.612434	1.825948	
50	-0.987619	-1.511210	3.407835	-59.205573	-1.432905	59.205573	6.079549	-26.946912	0.063788	26.946912	-4.687783	1.835728	
51	-0.878588	-1.421795	3.420501	-60.691261	-1.439361	60.691261	5.360752	-27.879493	0.260377	27.879493	-4.818104	1.845011	
52	-0.761888	-1.332952	3.432402	-61.700545	-1.443462	61.700545	4.720580	-28.863682	0.495305	28.863682	-4.983490	1.853650	
53	-0.643325	-1.248340	3.443609	-62.485288	-1.445909	62.485288	4.192945	-29.913759	0.732783	29.913759	-5.134561	1.861665	
54	-0.528078	-1.176717	3.454231	-63.268205	-1.452789	63.268205	3.760967	-30.965211	0.942213	30.965211	-5.243187	1.869258	
55	-0.421347	-1.121419	3.464400	-64.013353	-1.470189	64.013353	3.427304	-31.961784	1.096964	31.961784	-5.292196	1.876666	
56	-0.330184	-1.084494	3.474249	-64.597893	-1.504808	64.597893	3.255335	-32.877678	1.160219	32.877678	-5.247503	1.884102	
57	-0.258825	-1.070450	3.483955	-65.067848	-1.567153	65.067848	3.280753	-33.662839	1.105657	33.662839	-5.085809	1.891693	
58	-0.204763	-1.069727	3.493747	-65.485438	-1.656525	65.485438	3.482032	-34.321232	0.939957	34.321232	-4.812143	1.899487	
59	-0.159767	-1.061425	3.503754	-65.789135	-1.757971	65.789135	3.796522	-34.946729	0.708555	34.946729	-4.464350	1.907597	
60	-0.119054	-1.043534	3.513910	-66.091045	-1.869420	66.091045	4.139479	-35.567761	0.444421	35.567761	-4.073302	1.916101	
61	-0.086611	-1.031319	3.524048	-66.602486	-2.002458	66.602486	4.512227	-36.131573	0.121521	36.131573	-3.610349	1.924827	
62	-0.067300	-1.029653	3.534016	-67.300957	-2.154835	67.300957	4.997036	-36.644879	-0.298454	36.644879	-3.024445	1.933533	
63	-0.054912	-1.029971	3.543707	-68.146828	-2.312898	68.146828	5.552990	-37.162104	-0.783542	37.162104	-2.338728	1.942154	
64	-0.030479	-1.021622	3.553048	-69.275025	-2.467234	69.275025	5.977789	-37.711818	-1.219392	37.711818	-1.673461	1.950735	
65	0.010160	-1.000598	3.562002	-70.688179	-2.609732	70.688179	6.234664	-38.305413	-1.570281	38.305413	-1.066332	1.959355	
66	0.043707	-0.971064	3.570595	-72.077571	-2.728342	72.077571	6.569212	-38.960637	-1.958646	38.960637	-0.385969	1.968202	
67	0.055848	-0.935238	3.578907	-73.107609	-2.812163	73.107609	7.129034	-39.702164	-2.457072	39.702164	0.436259	1.977554	
68	0.056674	-0.889138	3.587002	-73.661146	-2.861803	73.661146	7.806189	-40.524177	-2.997587	40.524177	1.310576	1.987573	
69	0.066787	-0.825519	3.594883	-73.800427	-2.891449	73.800427	8.382252	-41.376426	-3.458359	41.376426	2.089819	1.998139	
70	0.111810	-0.737175	3.602508	-73.659741	-2.920562	73.659741	8.607141	-42.211923	-3.694553	42.211923	2.613171	2.008863	
71	0.208088	-0.622771	3.609833	-73.316868	-2.965638	73.316868	8.346745	-43.002321	-3.615525	43.002321	2.794247	2.019246	
72	0.351656	-0.487657	3.616854	-72.782351	-3.035003	72.782351	7.669718	-43.721914	-3.249582	43.721914	2.680417	2.028848	
73	0.526077	-0.338825	3.623596	-72.111323	-3.122011	72.111323	6.751997	-44.375315	-2.694127	44.375315	2.387542	2.037430	
74	0.716322	-0.180541	3.630038	-71.452474	-3.209067	71.452474	5.727572	-45.004058	-2.031353	45.004058	2.003458	2.045052	
75	0.918134	-0.013917	3.636135	-70.976795	-3.285214	70.976795	4.615220	-45.642246	-1.283724	45.642246	1.541633	2.051985	
76	1.132468	0.159642	3.641883	-70.729433	-3.348338	70.729433	3.418227	-46.301747	-0.452828	46.301747	0.991379	2.058478	
77	1.358665	0.337546	3.647276	-70.645844	-3.396094	70.645844	2.178820	-46.985590	0.447675	46.985590	0.359434	2.064695	
78	1.595594	0.517898	3.652213	-70.686097	-3.424873	70.686097	0.923654	-47.697855	1.405210	47.697855	-0.344852	2.070793	
79	1.830116	0.695412	3.656553	-70.823768	-3.424927	70.823768	-0.228891	-48.453650	2.338291	48.453650	-1.043404	2.076925	
80	2.033336	0.858704	3.660169	-71.022463	-3.380116	71.022463	-1.009003	-49.275486	3.067385	49.275486	-1.561411	2.083208	
81	2.192594	1.000182	3.662956	-71.254366	-3.288890	71.254366	-1.262116	-50.157223	3.498130	50.157223	-1.803916	2.089747	
82	2.324096	1.123260	3.664874	-71.467578	-3.169373	71.467578	-1.078232	-51.064369	3.703573	51.064369	-1.829941	2.096637	
83	2.438389	1.235331	3.666003	-71.608807	-3.029585	71.608807	-0.559874	-52.001478	3.744345	52.001478	-1.681663	2.103956	
84	2.523848	1.340173	3.666429	-71.611241	-2.860141	71.611241	0.318014	-52.988019	3.574039	52.988019	-1.304924	2.111846	
85	2.568512	1.438226	3.666108	-71.374296	-2.658122	71.374296	1.604775	-53.980268	3.144104	53.980268	-0.651990	2.120496	
86	2.574022	1.529042	3.664963	-70.901740	-2.432265	70.901740	3.291915	-54.930991	2.475503	54.930991	0.257813	2.130077	
87	2.554464	1.611452	3.662981	-70.344852	-2.205672	70.344852	5.316145	-55.848885	1.635754	55.848885	1.370943	2.140781	
88	2.535080	1.685959	3.660078	-69.908171	-2.017063	69.908171	7.494723	-56.739060	0.734402	56.739060	2.608237	2.152807	
89	2.538422	1.756460	3.655985	-69.735383	-1.888217	69.735383	9.565178	-57.577539	-0.097420	57.577539	3.867860	2.166237	
90	2.569548	1.823647	3.650366	-69.818053	-1.810870	69.818053	11.407084	-58.348973	-0.785055	58.348973	5.086181	2.181015	
91	2.623969	1.884554	3.643001	-70.122260	-1.770534	70.122260	13.054642	-59.066968	-1.328870	59.066968	6.270525	2.197005	
92	2.697711	1.936745	3.633904	-70.620669	-1.758365	70.620669	14.600570	-59.775366	-1.767471	59.775366	7.481142	2.214053	
93	2.784424	1.974830	3.623320	-71.154153	-1.777947	71.154153	16.214070	-60.526252	-2.168651	60.526252	8.822888	2.232111	
94	2.877424	1.997187	3.611549	-71.659173	-1.840025	71.659173	17.992155	-61.333205	-2.588348	61.333205	10.394928	2.251367	
95	2.977548	2.014076	3.598777	-72.332151	-1.943840	72.332151	19.831069	-62.164181	-3.016584	62.164181	12.222393	2.272143	
96	3.087021	2.035252	3.585070	-73.325532	-2.079873	73.325532	21.649225	-63.016075	-3.433047	63.016075	14.306361	2.294711	
97	3.198132	2.060251	3.570439	-74.644269	-2.233148	74.644269	23.536310	-63.959840	-3.868422	63.959840	16.683246	2.319359	
98	3.304005	2.086887	3.554857	-76.402195	-2.376023	76.402195	25.487665	-65.069143	-4.319604	65.069143	19.328254	2.346486	
99	3.410423	2.117488	3.538308	-78.816304	-2.479421	78.816304	27.291879	-66.348411	-4.710369	66.348411	22.119178	2.376354	
100	3.520308	2.152379	3.520878	-81.847533	-2.528074	81.847533	28.907890	-67.776876	-5.024888	67.776876	24.996249	2.408955	
101	3.622750	2.185980	3.502753	-85.254944	-2.508790	85.254944	30.571355	-69.398502	-5.345854	69.398502	28.004676	2.444272	
102	3.706215	2.213847	3.484147	-88.984167	-2.396884	88.984167	32.453763	-71.304606	-5.739216	71.304606	31.161547	2.482441	
103	3.770597	2.236337	3.465256	-93.117213	-2.177034	93.117213	34.546358	-73.543921	-6.208549	73.543921	34.428048	2.523589	
104	3.825941	2.253351	3.446207	-97.710234	-1.863440	97.710234	36.754493	-76.107392	-6.721855	76.107392	37.764429	2.567724	
105	3.881457	2.264583	3.427032	-102.846165	-1.473077	102.846165	38.967007	-79.002939	-7.241084	79.002939	41.135466	2.614787	
106	3.935533	2.275164	3.407712	-108.615158	-0.993428	108.615158	41.129240	-82.299361	-7.751895	82.299361	44.489377	2.664672	
107	3.976598	2.291747	3.388215	-115.085549	-0.400606	115.085549	43.275139	-86.064948	-8.276826	86.064948	47.755497	2.717212	
108	3.992686	2.312542	3.368500	-122.296987	0.298664	122.296987	45.483794	-90.296823	-8.861869	90.296823	50.876146	2.772172	
109	3.980891	2.326282	3.348564	-130.145937	1.054352	130.145937	47.799515	-94.904752	-9.545319	94.904752	53.839208	2.829264	
110	3.949487	2.323679	3.328487	-138.385973	1.802882	138.385973	50.228078	-99.743774	-10.350555	99.743774	56.711202	2.888175	
111	3.912998	2.304175	3.308387	-146.767637	2.493247	146.767637	52.759541	-104.672248	-11.292212	104.672248	59.628000	2.948732	
112	3.878952	2.265206	3.288371	-154.984048	3.088664	154.984048	55.317903	-109.544204	-12.360729	109.544204	62.646742	3.010971	
113	3.844904	2.197595	3.268553	-162.700416	3.564556	162.700416	57.708670	-114.191848	-13.507268	114.191848	65.658834	3.074886	
114	3.810812	2.096697	3.249070	-169.860758	3.903433	169.860758	59.727286	-118.526715	-14.681736	118.526715	68.564681	3.140230	
115	3.775967	1.963319	3.230000	-176.591488	4.099216	176.591488	61.332545	-122.596247	-15.880916	122.596247	71.373436	3.206730	
116	3.731090	1.789546	3.211329	-182.780173	4.139168	182.780173	62.549366	-126.488740	-17.117610	126.488740	74.089232	3.274347	
117	3.665626	1.561755	3.193028	-188.141916	3.994056	188.141916	63.331312	-130.255941	-18.377653	130.255941	76.675707	3.343275	
118	3.578110	1.283744	3.175083	-192.543288	3.661123	192.543288	63.604133	-133.856370	-19.619427	133.856370	79.095001	3.413788	
119	3.479191	0.973904	3.157461	-195.932826	3.146395	195.932826	63.270287	-137.113876	-20.794857	137.113876	81.349124	3.486057	
120	3.378476	0.646261	3.140089	-198.216163	2.441493	198.216163	62.272835	-139.853943	-21.885182	139.853943	83.471466	3.560081	
121	3.276438	0.313364	3.122912	-199.401143	1.561212	199.401143	60.636020	-142.026678	-22.898297	142.026678	85.451702	3.635746	
122	3.175408	-0.013754	3.105952	-199.532421	0.513553	199.532421	58.331689	-143.586096	-23.840920	143.586096	87.261588	3.712836	
123	3.080370	-0.334714	3.089307	-198.506537	-0.725253	198.506537	55.285955	-144.461493	-24.722837	144.461493	88.916354	3.791010	
124	2.993915	-0.651404	3.073156	-196.163122	-2.157898	196.163122	51.490924	-144.656543	-25.552249	144.656543	90.442318	3.869854	
125	2.917426	-0.961924	3.057781	-192.383592	-3.755009	192.383592	47.044668	-144.197344	-26.327503	144.197344	91.863134	3.948996	
126	2.848991	-1.271765	3.043550	-187.026726	-5.502887	187.026726	42.172767	-143.077698	-27.062850	143.077698	93.255139	4.028186	
127	2.786338	-1.592959	3.030916	-179.914466	-7.420159	179.914466	37.110371	-141.313599	-27.777747	141.313599	94.708309	4.107345	
128	2.730514	-1.934098	3.020447	-171.013523	-9.526904	171.013523	32.031441	-139.036063	-28.481917	139.036063	96.291040	4.186587	
129	2.682841	-2.298292	3.012766	-160.574376	-11.832873	160.574376	27.117261	-136.437745	-29.201592	136.437745	98.106505	4.266249	
130	2.638133	-2.683405	3.008442	-148.869529	-14.335509	148.869529	22.559633	-133.638981	-29.956420	133.638981	100.187507	4.346832	
131	2.576831	-3.088573	3.008011	-135.883101	-17.001129	135.883101	18.639315	-130.729153	-30.740978	130.729153	102.428834	4.428848	
132	2.478600	-3.513492	3.011949	-121.491237	-19.781859	121.491237	15.735014	-127.792904	-31.566556	127.792904	104.763911	4.512777	
133	2.339614	-3.950892	3.020499	-105.778333	-22.643840	105.778333	14.204135	-124.896799	-32.487327	124.896799	107.282756	4.599050	
134	2.159352	-4.395031	3.033654	-89.069253	-25.568962	89.069253	14.342374	-122.133568	-33.593189	122.133568	110.151871	4.688071	
135	1.932520	-4.842922	3.051356	-71.817524	-28.560255	71.817524	16.276286	-119.541307	-34.962037	119.541307	113.432455	4.780259	
136	1.659142	-5.285388	3.073614	-54.485447	-31.647394	54.485447	19.923377	-117.035828	-36.633278	117.035828	117.045468	4.875959	
137	1.341012	-5.713204	3.100469	-37.520930	-34.875659	37.520930	25.131425	-114.474545	-38.658516	114.474545	120.909530	4.975298	
138	0.971939	-6.122393	3.131927	-21.336324	-38.268525	21.336324	31.717418	-111.642944	-41.108079	111.642944	124.885987	5.078096	
139	0.538484	-6.514541	3.167900	-6.192924	-41.808871	6.192924	39.500913	-108.270290	-44.054075	108.270290	128.703847	5.183794	
140	0.027424	-6.899371	3.208215	7.754453	-45.483582	-7.754453	48.378741	-104.132084	-47.599637	104.132084	132.104222	5.291549	
141	-0.563474	-7.286707	3.252697	20.339792	-49.317580	-20.339792	58.251152	-99.035537	-51.835339	99.035537	134.877103	5.400414	
142	-1.220227	-7.677534	3.301185	31.423347	-53.359555	-31.423347	68.973928	-92.822217	-56.763686	92.822217	136.818254	5.509329	
143	-1.921654	-8.071066	3.353472	40.937375	-57.666945	-40.937375	80.448797	-85.448315	-62.317206	85.448315	137.777304	5.617049	
144	-2.653103	-8.471092	3.409311	48.857618	-62.297649	-48.857618	92.671208	-76.945246	-68.419236	76.945246	137.661802	5.722177	
145	-3.403314	-8.868725	3.468430	55.181559	-67.276767	-55.181559	105.507573	-67.321217	-74.931234	67.321217	136.328643	5.823228	
146	-4.146728	-9.227490	3.530523	59.834807	-72.540606	-59.834807	118.386334	-56.638942	-81.484172	56.638942	133.495549	5.918619	
147	-4.846609	-9.504879	3.595176	62.537112	-77.923213	-62.537112	130.460361	-45.158697	-87.511649	45.158697	128.883491	6.006736	
148	-5.476924	-9.685899	3.661838	62.917549	-83.279486	-62.917549	141.166664	-33.292272	-92.523526	33.292272	122.471167	6.086139	
149	-6.023020	-9.784157	3.729937	60.744004	-88.671576	-60.744004	150.498773	-21.509100	-96.213293	21.509100	114.513811	6.155740	
150	-6.470284	-9.807779	3.798937	56.080296	-94.317986	-56.080296	158.643794	-10.262328	-98.336772	10.262328	105.291262	6.214844	
151	-6.807567	-9.744060	3.868251	49.167028	-100.382244	-49.167028	165.570944	0.096657	-98.675874	-0.096657	94.986093	6.263035	
152	-7.030733	-9.581263	3.937247	40.043337	-106.954622	-40.043337	171.161959	9.294763	-97.113958	-9.294763	83.823506	6.300058	
153	-7.138674	-9.320909	4.005337	28.635116	-114.135884	-28.635116	175.459384	17.098078	-93.637850	-17.098078	72.093314	6.325808	
154	-7.132891	-8.970392	4.071999	14.941404	-122.023709	-14.941404	178.586988	23.353626	-88.304973	-23.353626	60.049110	6.340317	
155	-7.021974	-8.538777	4.136741	-1.061897	-130.618983	1.061897	180.603708	28.051380	-81.294173	-28.051380	47.942564	6.343704	
156	-6.826481	-8.038260	4.199096	-19.108634	-139.761437	19.108634	181.539136	31.353612	-72.935981	-31.353612	36.039601	6.336074	
157	-6.574129	-7.484124	4.258619	-38.502324	-149.222966	38.502324	181.455518	33.502116	-63.596763	-33.502116	24.525939	6.317426	
158	-6.279708	-6.881354	4.314865	-58.556674	-158.728064	58.556674	180.197487	34.681304	-53.421885	-34.681304	13.364148	6.287756	
159	-5.926769	-6.205112	4.367402	-78.834496	-167.883405	78.834496	177.021458	34.932554	-42.062078	-34.932554	2.083898	6.247111	
160	-5.487853	-5.428181	4.415851	-99.340948	-176.600495	99.340948	171.362144	34.048975	-28.992709	-34.048975	-9.959054	6.195493	
161	-4.963208	-4.566272	4.459894	-120.662117	-185.416100	120.662117	163.915930	31.652061	-14.212780	-31.652061	-22.962314	6.132936	
162	-4.378629	-3.660660	4.499229	-143.478015	-194.917075	143.478015	156.011491	27.458431	1.809094	-27.458431	-36.721729	6.059613	
163	-3.767064	-2.748483	4.533606	-168.111543	-205.295610	168.111543	148.744636	21.383113	18.522837	-21.383113	-50.963250	5.975666	
164	-3.165135	-1.865132	4.562923	-194.694956	-216.558593	194.694956	143.110300	13.483728	35.331172	-13.483728	-65.325118	5.881120	
165	-2.601726	-1.037207	4.587184	-223.301956	-228.723355	223.301956	139.958915	3.802297	51.766764	-3.802297	-79.500601	5.776009	
166	-2.088128	-0.270937	4.606403	-253.924056	-241.872339	253.924056	139.770264	-7.830866	67.691403	7.830866	-93.435774	5.660389	
167	-1.620236	0.441490	4.620548	-286.735935	-256.217825	286.735935	142.818779	-21.842834	83.123161	21.842834	-107.148586	5.534288	
168	-1.178414	1.113477	4.629518	-322.118725	-271.996165	322.118725	149.325879	-38.811621	98.102542	38.811621	-120.607239	5.397761	
169	-0.738385	1.757788	4.633166	-360.106040	-289.120628	360.106040	159.282612	-59.133155	112.656986	59.133155	-133.772408	5.250979	
170	-0.292200	2.376392	4.631375	-400.209945	-307.093550	400.209945	172.398072	-82.708217	126.604124	82.708217	-146.451413	5.094278	
171	0.151275	2.956103	4.624081	-442.067150	-325.500850	442.067150	188.499127	-109.145713	139.526955	109.145713	-158.249944	4.928236	
172	0.579884	3.478339	4.611223	-485.746335	-344.307035	485.746335	207.656685	-138.117933	151.053303	138.117933	-168.826869	4.753760	
173	0.984795	3.936009	4.592665	-531.127049	-363.385416	531.127049	229.566729	-169.303731	161.087575	169.303731	-178.124304	4.571985	
174	1.368983	4.344081	4.568143	-577.664876	-382.201834	577.664876	253.132852	-202.387842	169.929975	202.387842	-186.475673	4.384008	
175	1.758636	4.739159	4.537349	-625.015954	-400.224582	625.015954	276.845830	-237.559042	178.358671	237.559042	-194.670152	4.190698	
176	2.190577	5.162517	4.500120	-673.215913	-417.205597	673.215913	299.372890	-275.543205	187.349584	275.543205	-203.673848	3.992752	
177	2.678282	5.631677	4.456465	-722.082328	-432.938136	722.082328	319.861144	-316.647498	197.425584	316.647498	-213.995172	3.790950	
178	3.203975	6.136501	4.406388	-770.933573	-447.065623	770.933573	337.808572	-360.272626	208.526173	360.272626	-225.570148	3.586317	
179	3.747393	6.669892	4.349784	-818.944734	-459.093362	818.944734	352.589268	-405.689107	220.613926	405.689107	-238.375820	3.380024	
180	4.300705	7.239958	4.286534	-865.375253	-468.522322	865.375253	363.464682	-452.726963	233.894901	452.726963	-252.643610	3.173281	
181	4.854646	7.849195	4.216731	-909.474985	-475.097390	909.474985	370.154623	-501.491390	248.412402	501.491390	-268.446478	2.967567	
182	5.400486	8.495572	4.140841	-950.547128	-478.893549	950.547128	372.816792	-552.160484	264.062759	552.160484	-285.713827	2.764990	
183	5.948245	9.192879	4.059611	-988.159525	-480.250689	988.159525	371.644606	-605.419522	281.036317	605.419522	-304.663333	2.568707	
184	6.519807	9.963881	3.973874	-1021.987806	-479.675602	1021.987806	366.900739	-662.381076	299.733564	662.381076	-325.711204	2.383574	
185	7.129651	10.823995	3.884458	-1051.270532	-477.626337	1051.270532	358.929630	-723.898112	320.329180	723.898112	-349.038346	2.216938	
186	7.788364	11.787439	3.792159	-1074.849584	-474.439206	1074.849584	348.005112	-790.580083	342.813077	790.580083	-374.624183	2.079424	
187	8.512371	12.875884	3.697753	-1092.042726	-470.555440	1092.042726	334.492161	-863.280499	367.287763	863.280499	-402.553616	1.985117	
188	9.316671	14.106365	3.602051	-1102.930911	-466.628387	1102.930911	319.109545	-942.832444	393.843654	942.832444	-432.909840	1.949874	
189	10.209730	15.478596	3.505853	-1107.773727	-463.389835	1107.773727	302.884107	-1029.592444	422.357552	1029.592444	-465.526692	1.987248	
190	11.202943	16.988013	3.409831	-1106.608003	-461.509827	1106.608003	286.788325	-1123.754589	452.758597	1123.754589	-500.196926	2.103879	
191	12.314926	18.643059	3.314538	-1099.199506	-461.470977	1099.199506	271.408616	-1225.624814	485.231124	1225.624814	-536.891384	2.297763	
192	13.567809	20.465228	3.220465	-1085.579809	-463.635863	1085.579809	257.094046	-1335.499386	520.056466	1335.499386	-575.618566	2.560630	
193	14.985849	22.484487	3.127971	-1066.697204	-468.480279	1066.697204	244.343890	-1453.673363	557.482584	1453.673363	-616.282820	2.881980	
194	16.591493	24.731884	3.037255	-1043.773493	-476.541140	1043.773493	233.847258	-1580.272196	597.623791	1580.272196	-658.623770	3.251915	
195	18.399388	27.227958	2.948450	-1017.507533	-488.250870	1017.507533	226.467753	-1714.877613	640.308542	1714.877613	-702.134659	3.662021	
196	20.408009	29.970957	2.861702	-988.394450	-503.941096	988.394450	223.515321	-1856.059282	684.761835	1856.059282	-745.749033	4.105225	
197	22.600975	32.939292	2.777127	-956.827215	-523.681190	956.827215	226.421882	-2001.267158	729.553474	2001.267158	-787.687186	4.575523	
198	24.968755	36.112531	2.694716	-922.892157	-547.053825	922.892157	235.881839	-2147.579007	773.299908	2147.579007	-826.117591	5.067686	
199	27.503519	39.468226	2.614337	-886.465959	-573.208916	886.465959	251.980482	-2291.527153	814.639938	2291.527153	-859.347525	5.576888	
200	30.164670	42.956671	2.535889	-847.173560	-600.987658	847.173560	274.900092	-2427.945596	851.211640	2427.945596	-885.020254	6.098485	
201	32.884023	46.505901	2.459416	-804.606845	-628.998914	804.606845	304.817830	-2550.608371	879.805052	2550.608371	-900.255075	6.628110	
202	35.590729	50.036077	2.385070	-758.636726	-655.746261	758.636726	341.668512	-2653.844229	897.215522	2653.844229	-902.462813	7.161872	
203	38.205204	53.450624	2.313071	-709.119314	-679.718830	709.119314	385.398652	-2732.805662	900.247868	2732.805662	-889.353427	7.696527	
204	40.632283	56.633089	2.243639	-655.846929	-699.393780	655.846929	435.928862	-2783.172644	885.791414	2783.172644	-858.935831	8.229593	
205	42.770148	59.458392	2.176988	-598.979337	-713.243474	598.979337	492.707366	-2801.285372	851.394496	2801.285372	-809.953737	8.759336	
206	44.526638	61.808914	2.113412	-539.047672	-719.744510	539.047672	554.098030	-2784.695158	795.987124	2784.695158	-742.502835	9.284603	
207	45.849193	63.600393	2.053236	-476.635322	-717.369614	476.635322	616.718383	-2732.949613	720.736430	2732.949613	-658.963453	9.804493	
208	46.738622	64.794093	1.996655	-412.257067	-704.735437	412.257067	675.682220	-2647.827183	629.060435	2647.827183	-564.200105	10.317969	
209	47.229960	65.382183	1.943862	-346.363239	-680.931394	346.363239	725.918868	-2532.870530	525.629592	2532.870530	-464.646613	10.823506	
210	47.381330	65.381433	1.895303	-279.098811	-645.641130	279.098811	763.129433	-2392.722139	415.600133	2392.722139	-367.593240	11.318783	
211	47.279082	64.843894	1.851611	-209.881077	-599.056298	209.881077	784.257657	-2232.458147	304.122001	2232.458147	-280.795707	11.800424	
212	47.028336	63.858247	1.813333	-137.481058	-542.067790	137.481058	788.690422	-2057.259799	195.458023	2057.259799	-211.548896	12.263936	
213	46.731953	62.540041	1.780787	-61.145176	-476.775536	61.145176	780.028809	-1872.578186	92.031805	1872.578186	-165.423351	12.704001	
214	46.474269	61.016031	1.754077	17.955826	-406.798820	-17.955826	767.105969	-1684.590771	-6.002962	1684.590771	-145.428850	13.115205	
215	46.303264	59.398028	1.733096	96.629954	-336.771441	-96.629954	762.983138	-1500.378803	-100.598119	1500.378803	-151.724234	13.492896	
216	46.205057	57.750716	1.717468	170.910028	-271.215503	-170.910028	782.013079	-1327.304061	-195.092177	1327.304061	-181.676038	13.833742	
217	46.087545	56.064777	1.706587	237.024922	-213.534880	-237.024922	835.924131	-1171.728974	-292.697697	1171.728974	-230.749423	14.135791	
218	45.792421	54.246945	1.699712	291.970197	-165.195638	-291.970197	929.126499	-1036.946677	-394.372938	1036.946677	-294.478862	14.397801	
219	45.132069	52.130279	1.696045	335.107696	-124.873157	-335.107696	1053.891211	-920.469316	-496.930047	920.469316	-370.789794	14.617478	
220	43.944881	49.510992	1.694795	370.643212	-88.079960	-370.643212	1188.435512	-812.407449	-592.580527	812.407449	-461.421211	14.788744	
221	42.169072	46.223800	1.695241	409.175774	-47.923959	-409.175774	1301.830823	-696.954583	-671.387709	696.954583	-570.695131	14.899078	
222	39.911859	42.241477	1.696723	466.960621	2.942541	-466.960621	1367.273412	-558.112010	-727.009070	558.112010	-700.044930	14.928946	
223	37.457203	37.743274	1.698414	559.771921	69.099748	-559.771921	1379.239306	-389.123077	-762.692788	389.123077	-838.569956	14.855720	
224	35.179812	33.085657	1.699108	689.171014	148.663899	-689.171014	1361.058661	-200.412827	-791.184084	200.412827	-955.379028	14.663448	
225	33.406624	28.674556	1.697642	827.232917	231.502345	-827.232917	1351.588210	-17.824649	-825.553800	17.824649	-1003.566251	14.355520	
226	32.304706	24.822965	1.693543	915.162426	301.505490	-915.162426	1379.846534	130.676986	-868.102345	-130.676986	-939.714504	13.962775	
227	31.839895	21.667526	1.686951	888.793332	342.865923	-888.793332	1450.945922	230.545179	-908.621888	-230.545179	-748.679090	13.540120	
228	31.785755	19.150299	1.678102	715.206915	346.886831	-715.206915	1552.037079	286.253460	-932.923092	-286.253460	-454.541839	13.151514	
229	31.763241	17.032080	1.667116	406.181636	314.740983	-406.181636	1663.435870	314.593099	-931.258069	-314.593099	-110.496490	12.850936	
230	31.350944	14.915916	1.654032	4.814977	254.724802	-4.814977	1763.815808	333.399461	-900.323919	-333.399461	222.241357	12.668793	
231	30.282044	12.317394	1.638927	-426.755008	176.188623	426.755008	1835.683768	353.690963	-842.410541	-353.690963	495.481296	12.608238	
232	28.594323	8.816882	1.622044	-803.468789	84.893282	803.468789	1875.059148	379.324686	-765.615957	-379.324686	687.058879	12.649665	
233	26.564988	4.262863	1.603872	-1012.398259	-15.817506	1012.398259	1897.550940	413.878602	-683.839286	-413.878602	799.413941	12.758657	
234	24.487969	-1.069157	1.585167	-932.629583	-118.686383	932.629583	1931.772114	468.235574	-613.409096	-468.235574	846.327068	12.893420	
235	22.497715	-6.526560	1.566715	-489.302258	-207.628991	489.302258	1996.268588	559.300072	-564.212613	-559.300072	839.213919	13.010854	
236	20.508969	-11.394862	1.548579	290.404575	-261.042278	-290.404575	2072.919841	697.592158	-529.248643	-697.592158	782.283699	13.072555	
237	18.277320	-15.242707	1.529707	1270.596705	-262.756864	-1270.596705	2107.539206	874.761383	-485.829356	-874.761383	677.913154	13.051024	
238	15.578075	-18.006874	1.509000	2259.038570	-211.773745	-2259.038570	2045.478700	1064.398334	-412.858605	-1064.398334	535.282406	12.934354	
239	12.354706	-19.864178	1.486451	3081.609450	-122.738159	-3081.609450	1866.583914	1235.471955	-306.567924	-1235.471955	372.262593	12.727308	
240	8.716824	-21.104954	1.462814	3634.588656	-18.140037	-3634.588656	1590.159207	1365.820542	-180.347676	-1365.820542	209.826502	12.448199	
241	4.854397	-22.042737	1.438867	3893.454409	81.211473	-3893.454409	1258.139047	1446.796103	-54.596159	-1446.796103	65.840846	12.123021	
242	0.976315	-22.938260	1.415287	3892.579474	162.162523	-3892.579474	917.120954	1480.643271	52.292367	-1480.643271	-47.684375	11.779219	
243	-2.712700	-23.960023	1.392659	3697.828452	220.275156	-3697.828452	608.116166	1476.056965	127.900561	-1476.056965	-124.458129	11.441090	
244	-6.035557	-25.174250	1.371408	3380.500307	257.418417	-3380.500307	361.547627	1444.547353	166.242407	-1444.547353	-163.028729	11.127375	
245	-8.859485	-26.542927	1.351789	2999.847600	278.163723	-2999.847600	195.558155	1397.835118	166.550505	-1397.835118	-165.773415	10.850477	
246	-11.089765	-27.926208	1.333890	2598.102331	286.804916	-2598.102331	117.022606	1346.052597	131.762536	-1346.052597	-137.645062	10.616640	
247	-12.672405	-29.114061	1.317592	2204.773596	285.889514	-2204.773596	122.918581	1296.732298	67.623574	-1296.732298	-85.118385	10.426718	
248	-13.615864	-29.882490	1.302548	1844.239369	276.261239	-1844.239369	200.876917	1255.078443	-17.904723	-1255.078443	-15.424742	10.277293	
249	-13.990760	-30.022898	1.288310	1540.659854	257.796440	-1540.659854	328.564252	1225.753908	-115.172330	-1225.753908	63.923370	10.161692	
250	-13.899258	-29.347465	1.274751	1318.009001	230.307975	-1318.009001	473.044161	1214.441262	-213.183524	-1214.441262	145.192398	10.070451	
251	-13.441730	-27.704191	1.262354	1195.626786	194.644845	-1195.626786	593.504998	1227.030473	-300.210637	-1227.030473	220.350758	9.991321	
252	-12.689646	-25.003299	1.251974	1181.638101	153.750939	-1181.638101	648.807774	1266.638759	-365.029739	-1266.638759	281.248026	9.909526	
253	-11.676037	-21.264892	1.244504	1267.833304	113.139998	-1267.833304	609.231316	1330.148312	-399.090983	-1330.148312	320.708638	9.808941	
254	-10.419089	-16.676276	1.240842	1427.808664	80.030842	-1427.808664	468.518220	1406.668274	-399.357359	-1406.668274	334.713085	9.674523	
255	-8.951421	-11.593447	1.241750	1619.950739	61.006824	-1619.950739	247.777813	1479.964325	-369.676826	-1479.964325	324.031630	9.495430	
256	-7.333497	-6.472153	1.247414	1796.778650	59.379560	-1796.778650	-12.035471	1533.692389	-319.492851	-1533.692389	294.027426	9.267520	
257	-5.663193	-1.778937	1.257261	1917.868362	73.668943	-1917.868362	-263.977235	1556.330747	-260.983756	-1556.330747	253.081835	8.994296	
258	-4.068581	2.097754	1.270265	1959.947025	98.043680	-1959.947025	-469.368729	1543.685392	-205.461283	-1543.685392	210.003658	8.686104	
259	-2.673609	4.921443	1.285347	1920.408579	124.582031	-1920.408579	-606.738653	1498.382153	-160.360408	-1498.382153	171.471404	8.357850	
260	-1.553876	6.633236	1.301530	1814.520171	146.032979	-1814.520171	-672.341437	1427.382718	-128.377763	-1427.382718	140.987266	8.026017	
261	-0.707048	7.341347	1.317999	1668.234553	157.818142	-1668.234553	-675.620330	1339.325580	-108.381227	-1339.325580	119.072755	7.705765	
262	-0.063443	7.284657	1.334187	1509.123152	158.627794	-1509.123152	-633.289666	1242.628745	-97.240366	-1242.628745	104.270643	7.408691	
263	0.471511	6.755130	1.349707	1358.519234	149.637161	-1358.519234	-563.288791	1144.272849	-91.766489	-1144.272849	94.639326	7.141861	
264	0.980147	6.019039	1.364201	1227.695774	133.344058	-1227.695774	-480.870440	1049.175728	-89.590884	-1049.175728	88.598226	6.908104	
265	1.514980	5.277474	1.377349	1118.770779	112.737877	-1118.770779	-397.447913	960.231971	-89.058628	-960.231971	84.971926	6.706981	
266	2.091304	4.651479	1.388933	1028.511415	90.725259	-1028.511415	-320.648292	878.861239	-89.023232	-878.861239	82.920805	6.535944	
267	2.691067	4.185650	1.398800	952.217497	69.706249	-952.217497	-254.763345	805.606762	-88.760556	-805.606762	81.886766	6.391377	
268	3.280339	3.872885	1.406857	885.956745	51.283663	-885.956745	-201.328414	740.433598	-87.916242	-740.433598	81.507806	6.269360	
269	3.825441	3.683077	1.413019	827.153229	36.330737	-827.153229	-160.023295	682.939290	-86.364902	-682.939290	81.473844	6.166133	
270	4.299479	3.578687	1.417102	774.418977	25.222653	-774.418977	-129.533782	632.578757	-84.114184	-632.578757	81.475200	6.078326	
271	4.685300	3.522172	1.418829	727.135196	17.786922	-727.135196	-107.881086	588.673552	-81.410451	-588.673552	81.377584	6.002942	
272	4.970398	3.482396	1.417981	684.820726	13.465822	-684.820726	-93.012190	550.444804	-78.573676	-550.444804	81.146644	5.937197	
273	5.138027	3.432816	1.414436	646.706526	11.709507	-646.706526	-83.371916	517.175242	-75.653442	-517.175242	80.536085	5.878377	
274	5.174793	3.352324	1.408060	611.775140	11.915364	-611.775140	-77.662324	488.131822	-72.529717	-488.131822	79.182787	5.823865	
275	5.081452	3.238299	1.398602	578.968217	13.429108	-578.968217	-74.805129	462.574262	-69.128917	-462.574262	76.847443	5.771310	
276	4.870355	3.107762	1.385808	547.394670	15.842528	-547.394670	-74.223871	439.996638	-65.414098	-439.996638	73.414117	5.718732	
277	4.562477	2.975797	1.369836	516.478010	18.842025	-516.478010	-75.403629	419.981575	-61.409997	-419.981575	68.923732	5.664603	
278	4.184239	2.837310	1.351467	486.016971	21.927235	-486.016971	-77.409532	401.950447	-57.220637	-401.950447	63.604585	5.607961	
279	3.760156	2.675277	1.331668	456.186004	24.640677	-456.186004	-79.290849	385.345703	-52.923676	-385.345703	57.732754	5.548409	
280	3.307877	2.482025	1.311152	427.384815	26.902659	-427.384815	-80.685988	369.874335	-48.484895	-369.874335	51.487894	5.485967	
281	2.839168	2.260146	1.290467	400.021506	28.870582	-400.021506	-81.698169	355.429724	-43.817430	-355.429724	44.986344	5.420914	
282	2.365610	2.007454	1.270118	374.396513	30.572496	-374.396513	-82.345973	341.846140	-38.923781	-341.846140	38.408224	5.353590	
283	1.898358	1.718038	1.250544	350.638747	31.941863	-350.638747	-82.562251	328.882637	-33.884381	-328.882637	31.951937	5.284212	
284	1.442290	1.390223	1.232167	328.737309	33.029446	-328.737309	-82.497331	316.371702	-28.733696	-316.371702	25.705865	5.212825	
285	0.999692	1.025112	1.215417	308.682710	33.913386	-308.682710	-82.346176	304.192864	-23.493407	-304.192864	19.702333	5.139366	
286	0.576020	0.627151	1.200593	290.494881	34.585914	-290.494881	-82.121686	292.212447	-18.247338	-292.212447	14.000382	5.063732	
287	0.175165	0.205252	1.187828	274.137366	35.043387	-274.137366	-81.822459	280.357361	-13.078361	-280.357361	8.637387	4.985758	
288	-0.203305	-0.228510	1.177196	259.500988	35.347790	-259.500988	-81.568430	268.652298	-8.037664	-268.652298	3.616321	4.905229	
289	-0.555636	-0.655209	1.168635	246.426337	35.549119	-246.426337	-81.418611	257.129097	-3.245058	-257.129097	-0.997190	4.822024	
290	-0.867236	-1.046927	1.161826	234.726832	35.621753	-234.726832	-81.206756	245.786334	1.061070	-245.786334	-5.029244	4.736310	
291	-1.124132	-1.381383	1.156325	224.261850	35.502223	-224.261850	-80.670214	234.633008	4.672515	-234.633008	-8.332011	4.648549	
292	-1.326077	-1.654521	1.151777	214.899495	35.137961	-214.899495	-79.637158	223.668795	7.548353	-223.668795	-10.907744	4.559309	
293	-1.479084	-1.869930	1.147931	206.362348	34.494917	-206.362348	-78.047728	212.866933	9.731108	-212.866933	-12.825125	4.469164	
294	-1.587477	-2.031722	1.144554	198.319357	33.566699	-198.319357	-75.909989	202.193786	11.264263	-202.193786	-14.139922	4.378734	
295	-1.658355	-2.148596	1.141435	190.614951	32.391120	-190.614951	-73.298717	191.620548	12.230952	-191.620548	-14.935196	4.288667	
296	-1.703080	-2.231547	1.138424	183.224136	31.048079	-183.224136	-70.370286	181.152206	12.762071	-181.152206	-15.330571	4.199583	
297	-1.733097	-2.291428	1.135407	176.201099	29.633301	-176.201099	-67.335806	170.879337	12.990379	-170.879337	-15.442736	4.112027	
298	-1.755421	-2.334395	1.132253	169.725769	28.248896	-169.725769	-64.443344	161.048382	13.000059	-161.048382	-15.344982	4.026396	
299	-1.770576	-2.352398	1.128849	163.844359	27.002598	-163.844359	-61.954455	151.972740	12.812997	-151.972740	-15.050255	3.942947	
300	-1.778022	-2.334161	1.125128	158.302316	25.954058	-158.302316	-60.009209	143.742832	12.452627	-143.742832	-14.566685	3.861850	
301	-1.783249	-2.285533	1.121045	152.820452	25.091209	-152.820452	-58.576148	136.175350	11.999233	-136.175350	-13.962938	3.783133	
302	-1.796116	-2.224243	1.116555	147.263639	24.391405	-147.263639	-57.596049	129.075857	11.556907	-129.075857	-13.345323	3.706650	
303	-1.825089	-2.165979	1.111580	141.555494	23.859109	-141.555494	-57.065094	122.374667	11.205108	-122.374667	-12.800856	3.632178	
304	-1.876245	-2.120846	1.105964	135.558284	23.524662	-135.558284	-57.023148	116.053031	11.000481	-116.053031	-12.390748	3.559467	
305	-1.955260	-2.092876	1.099566	129.032770	23.444717	-129.032770	-57.555637	110.082133	10.995747	-110.082133	-12.171336	3.488222	
306	-2.064702	-2.080719	1.092391	121.839945	23.654761	-121.839945	-58.706437	104.458439	11.219431	-104.458439	-12.174488	3.418113	
307	-2.203255	-2.083880	1.084547	114.112637	24.125708	-114.112637	-60.407263	99.205676	11.678801	-99.205676	-12.405338	3.348798	
308	-2.370520	-2.107379	1.076164	106.074776	24.802031	-106.074776	-62.564949	94.297573	12.391004	-94.297573	-12.875377	3.279907	
309	-2.562604	-2.153850	1.067317	97.848275	25.611473	-97.848275	-65.040314	89.642229	13.324161	-89.642229	-13.552055	3.211108	
310	-2.765065	-2.219515	1.057828	89.590554	26.425004	-89.590554	-67.532402	85.133107	14.343318	-85.133107	-14.304916	3.142259	
311	-2.958882	-2.301847	1.047200	81.624958	27.089612	-81.624958	-69.669284	80.682372	15.278852	-80.682372	-14.969576	3.073427	
312	-3.129963	-2.399605	1.034863	74.262854	27.497946	-74.262854	-71.169426	76.222861	16.010116	-76.222861	-15.430699	3.004805	
313	-3.268963	-2.506496	1.020483	67.672723	27.586669	-67.672723	-71.829558	71.693949	16.465998	-71.693949	-15.624501	2.936703	
314	-3.365055	-2.612644	1.004061	61.945485	27.293925	-61.945485	-71.426775	67.025987	16.573551	-67.025987	-15.490561	2.869562	
315	-3.406736	-2.708798	0.985790	57.057638	26.573329	-57.057638	-69.748556	62.164552	16.258207	-62.164552	-14.970262	2.803996	
316	-3.385276	-2.782062	0.965952	52.777415	25.416921	-52.777415	-66.672212	57.113329	15.481147	-57.113329	-14.036455	2.740693	
317	-3.290358	-2.812487	0.944967	48.787435	23.804976	-48.787435	-62.073999	51.875908	14.216897	-51.875908	-12.665925	2.680238	
318	-3.108804	-2.782343	0.923402	44.918207	21.693958	-44.918207	-55.769162	46.391274	12.433262	-46.391274	-10.817326	2.623183	
319	-2.830312	-2.682711	0.901888	41.130383	19.073656	-41.130383	-47.659821	40.601864	10.128415	-40.601864	-8.470020	2.570182	
320	-2.451012	-2.506321	0.881129	37.265738	15.991298	-37.265738	-37.823182	34.495169	7.351579	-34.495169	-5.649379	2.521914	
321	-1.972488	-2.245774	0.861952	33.051737	12.520607	-33.051737	-26.390150	28.038810	4.174234	-28.038810	-2.402187	2.478976	
322	-1.399381	-1.904164	0.845287	28.391084	8.718019	-28.391084	-13.406733	21.138833	0.652011	-21.138833	1.230641	2.441903	
323	-0.743134	-1.497056	0.832052	23.350939	4.627769	-23.350939	1.087315	13.683123	-3.163561	-13.683123	5.192104	2.411263	
324	-0.028759	-1.046640	0.823065	17.912568	0.316549	-17.912568	16.856666	5.612907	-7.177331	-5.612907	9.365380	2.387627	
325	0.704417	-0.584298	0.819010	11.957871	-4.123373	-11.957871	33.434278	-3.082484	-11.234242	3.082484	13.568347	2.371417	
326	1.401956	-0.150733	0.820393	5.301415	-8.564837	-5.301415	50.132051	-12.385038	-15.107243	12.385038	17.553232	2.362750	
327	2.002553	0.222322	0.827443	-2.427352	-12.829382	2.427352	66.039972	-22.173886	-18.517293	22.173886	21.031799	2.361303	
328	2.442845	0.513071	0.839986	-11.353229	-16.578718	11.353229	79.735235	-31.829781	-21.129612	31.829781	23.664590	2.366192	
329	2.699637	0.713893	0.857307	-21.102461	-19.523072	21.102461	90.274399	-40.657945	-22.803066	40.657945	25.306236	2.375932	
330	2.646599	0.709722	0.877933	-27.714138	-20.554209	27.714138	93.583746	-45.354414	-22.762595	45.354414	25.189601	2.388247	
331	2.506350	0.647466	0.899482	-33.804526	-20.941165	33.804526	94.936511	-49.158710	-22.186430	49.158710	24.495212	2.399736	
