kww	// User ID
24-6-2021	// Evaluation date
p20_warmup_032	24-6-2021	14:14:07:537	// Source file name and timestamp
357.143	// Sampling rate
0.939	// Data capture period

1.910000	// height
102.000000	// mass


Sample #	elbVar	shldrIR	LwristLinVelo	thorJFPd	thorSTPd	UaJFPp	UaSTPp	UaJFPd	UaSTPd	FaJFPp	FaSTPp	RwristLinVelo	
0	1.709268	1.219929	2.850478	14.259944	0.024882	-14.259944	-4.761984	-2.360793	5.383385	2.360793	-9.224836	1.450100	
1	1.641816	1.056969	2.837774	12.494021	-0.020341	-12.494021	-5.097632	-2.270646	5.559292	2.270646	-9.956189	1.458049	
2	1.622262	0.954599	2.822934	11.664290	-0.053392	-11.664290	-5.596133	-2.041209	5.806793	2.041209	-10.741103	1.463588	
3	1.370230	0.614234	2.807722	8.052683	-0.116140	-8.052683	-5.319389	-2.243478	5.759115	2.243478	-11.227974	1.466826	
4	1.045021	0.223695	2.795304	4.013043	-0.178736	-4.013043	-4.638829	-2.669517	5.580210	2.669517	-11.468254	1.468276	
5	0.660200	-0.191791	2.787190	-0.157830	-0.236431	0.157830	-3.514601	-3.282234	5.239138	3.282234	-11.380611	1.468827	
6	0.261102	-0.592131	2.784179	-4.131183	-0.287651	4.131183	-2.163437	-3.985935	4.795102	3.985935	-11.056386	1.469330	
7	-0.116090	-0.953651	2.786431	-7.871189	-0.331923	7.871189	-0.756979	-4.762148	4.297530	4.762148	-10.579611	1.470271	
8	-0.446526	-1.260876	2.793751	-11.322158	-0.367757	11.322158	0.626273	-5.600612	3.775698	5.600612	-9.997308	1.471900	
9	-0.720247	-1.508761	2.805691	-14.497280	-0.394127	14.497280	1.948888	-6.487374	3.246824	6.487374	-9.345509	1.474349	
10	-0.936749	-1.698196	2.821651	-17.492363	-0.410570	17.492363	3.182004	-7.415507	2.718669	7.415507	-8.646331	1.477729	
11	-1.102371	-1.835840	2.840906	-20.349224	-0.418006	20.349224	4.312858	-8.362401	2.196131	8.362401	-7.921491	1.482185	
12	-1.223624	-1.930989	2.862654	-23.087497	-0.418906	23.087497	5.311150	-9.296905	1.692371	9.296905	-7.210517	1.487838	
13	-1.307032	-1.992732	2.886162	-25.744705	-0.415779	25.744705	6.149395	-10.199055	1.215934	10.199055	-6.543357	1.494716	
14	-1.363795	-2.030537	2.910849	-28.239801	-0.409970	28.239801	6.866804	-11.047252	0.758335	11.047252	-5.920778	1.502776	
15	-1.404983	-2.053102	2.936261	-30.376822	-0.402751	30.376822	7.533332	-11.820306	0.311324	11.820306	-5.343508	1.511935	
16	-1.434428	-2.065729	2.962034	-32.081505	-0.396591	32.081505	8.164783	-12.517079	-0.117968	12.517079	-4.830481	1.522075	
17	-1.451008	-2.071072	2.987856	-33.527148	-0.395391	33.527148	8.704857	-13.148624	-0.513709	13.148624	-4.408129	1.533015	
18	-1.455162	-2.070140	3.013470	-34.927686	-0.401979	34.927686	9.103484	-13.724535	-0.868964	13.724535	-4.086487	1.544474	
19	-1.449545	-2.062455	3.038697	-36.292821	-0.414821	36.292821	9.394507	-14.268394	-1.191981	14.268394	-3.846353	1.556167	
20	-1.434516	-2.048182	3.063386	-37.580685	-0.431271	37.580685	9.616801	-14.817723	-1.485319	14.817723	-3.674827	1.567897	
21	-1.408184	-2.027212	3.087368	-38.864709	-0.449376	38.864709	9.759358	-15.403966	-1.742748	15.403966	-3.568512	1.579529	
22	-1.372880	-1.999972	3.110547	-40.135412	-0.465292	40.135412	9.864044	-16.038293	-1.976183	16.038293	-3.490087	1.591016	
23	-1.334097	-1.971724	3.132900	-41.349949	-0.479254	41.349949	9.980333	-16.696415	-2.201576	16.696415	-3.412145	1.602386	
24	-1.290665	-1.947735	3.154366	-42.721741	-0.499467	42.721741	10.015874	-17.354083	-2.400348	17.354083	-3.375322	1.613547	
25	-1.236792	-1.926844	3.174851	-44.499371	-0.532284	44.499371	9.843050	-18.027862	-2.541508	18.027862	-3.423915	1.624207	
26	-1.171939	-1.900585	3.194332	-46.541868	-0.574201	46.541868	9.468097	-18.745673	-2.619503	18.745673	-3.545031	1.634053	
27	-1.098985	-1.860656	3.212869	-48.529651	-0.619005	48.529651	8.945495	-19.519633	-2.636636	19.519633	-3.712124	1.642864	
28	-1.019400	-1.812205	3.230520	-50.465206	-0.667180	50.465206	8.280542	-20.345271	-2.592693	20.345271	-3.905946	1.650507	
29	-0.936245	-1.765842	3.247290	-52.503069	-0.717620	52.503069	7.534519	-21.218727	-2.512113	21.218727	-4.064418	1.657029	
30	-0.856062	-1.722701	3.263168	-54.384469	-0.758658	54.384469	6.901175	-22.157541	-2.441522	22.157541	-4.092241	1.662841	
31	-0.784590	-1.682024	3.278181	-55.719650	-0.781514	55.719650	6.536049	-23.163480	-2.412759	23.163480	-3.946673	1.668665	
32	-0.722202	-1.646806	3.292349	-56.710795	-0.793360	56.710795	6.366942	-24.190972	-2.422416	24.190972	-3.675389	1.675177	
33	-0.665838	-1.613970	3.305623	-57.763322	-0.805140	57.763322	6.247209	-25.205688	-2.448781	25.205688	-3.354739	1.682713	
34	-0.615312	-1.576575	3.317936	-58.969276	-0.819300	58.969276	6.155887	-26.213310	-2.485663	26.213310	-3.013169	1.691335	
35	-0.574036	-1.538246	3.329260	-60.430820	-0.837084	60.430820	6.133422	-27.204065	-2.551114	27.204065	-2.631799	1.701010	
36	-0.544849	-1.508962	3.339614	-62.099515	-0.860563	62.099515	6.250463	-28.155815	-2.669019	28.155815	-2.182389	1.711691	
37	-0.530855	-1.495314	3.349044	-63.601231	-0.888807	63.601231	6.618090	-29.054081	-2.868462	29.054081	-1.630962	1.723305	
38	-0.534573	-1.499884	3.357624	-64.802606	-0.921364	64.802606	7.261441	-29.871457	-3.176282	29.871457	-0.949551	1.735762	
39	-0.547473	-1.515440	3.365477	-65.886619	-0.961931	65.886619	8.021485	-30.578893	-3.557130	30.578893	-0.193054	1.748929	
40	-0.555194	-1.530821	3.372746	-66.862689	-1.020655	66.862689	8.714998	-31.138257	-3.940005	31.138257	0.531119	1.762505	
41	-0.557459	-1.542776	3.379552	-67.467824	-1.105418	67.467824	9.370173	-31.524372	-4.332879	31.524372	1.219025	1.776038	
42	-0.550282	-1.545481	3.386017	-67.565493	-1.213808	67.565493	10.000104	-31.798459	-4.717285	31.798459	1.858784	1.789155	
43	-0.506440	-1.523669	3.392299	-67.360660	-1.339463	67.360660	10.343030	-32.086040	-4.922403	32.086040	2.275175	1.801678	
44	-0.412710	-1.467077	3.398574	-67.021126	-1.469633	67.021126	10.233295	-32.488471	-4.838761	32.488471	2.372614	1.813588	
45	-0.289969	-1.377090	3.405039	-66.396961	-1.583464	66.396961	9.847709	-33.036761	-4.553298	33.036761	2.277394	1.825019	
46	-0.169347	-1.262413	3.411816	-65.234097	-1.664464	65.234097	9.476050	-33.697413	-4.229890	33.697413	2.180078	1.836247	
47	-0.075775	-1.134519	3.418871	-63.428178	-1.706228	63.428178	9.332188	-34.415406	-4.019388	34.415406	2.230663	1.847578	
48	-0.011582	-0.999736	3.426107	-61.129019	-1.714616	61.129019	9.394313	-35.148443	-3.947728	35.148443	2.431562	1.859206	
49	0.045171	-0.859931	3.433495	-58.629532	-1.711580	58.629532	9.434845	-35.851091	-3.896689	35.851091	2.635989	1.871036	
50	0.117246	-0.716324	3.441080	-56.154390	-1.720768	56.154390	9.263290	-36.490817	-3.743558	36.490817	2.710872	1.882669	
51	0.221713	-0.564500	3.448892	-53.890476	-1.749262	53.890476	8.721293	-37.107968	-3.382914	37.107968	2.556114	1.893627	
52	0.369476	-0.398475	3.456826	-52.019002	-1.791772	52.019002	7.684339	-37.776086	-2.734130	37.776086	2.098359	1.903543	
53	0.551628	-0.223465	3.464624	-50.576331	-1.841003	50.576331	6.284867	-38.505553	-1.853801	38.505553	1.403310	1.912228	
54	0.744662	-0.055359	3.471979	-49.503005	-1.892966	49.503005	4.856154	-39.247491	-0.907667	39.247491	0.646334	1.919734	
55	0.934881	0.095390	3.478655	-48.816667	-1.947235	48.816667	3.588888	-39.977719	0.001426	39.977719	-0.065851	1.926304	
56	1.123834	0.232465	3.484546	-48.586942	-1.998840	48.586942	2.441394	-40.732736	0.885358	40.732736	-0.747058	1.932244	
57	1.311873	0.362133	3.489683	-48.783765	-2.038387	48.783765	1.372910	-41.548559	1.756949	41.548559	-1.414401	1.937854	
58	1.487392	0.483011	3.494229	-49.209363	-2.061143	49.209363	0.499417	-42.396727	2.536120	42.396727	-1.990197	1.943413	
59	1.631974	0.590504	3.498405	-49.618303	-2.061602	49.618303	-0.000548	-43.217486	3.091072	43.217486	-2.343249	1.949175	
60	1.736235	0.686208	3.502367	-49.904231	-2.027600	49.904231	-0.090909	-43.986212	3.369573	43.986212	-2.427970	1.955375	
61	1.808905	0.781546	3.506188	-50.106049	-1.954289	50.106049	0.061182	-44.713324	3.443675	44.713324	-2.327007	1.962188	
62	1.861131	0.887284	3.509936	-50.337663	-1.842170	50.337663	0.287948	-45.450925	3.387934	45.450925	-2.120013	1.969674	
63	1.893338	0.998989	3.513694	-50.770568	-1.689524	50.770568	0.585762	-46.278594	3.203701	46.278594	-1.810256	1.977845	
64	1.912110	1.100859	3.517525	-51.534975	-1.519997	51.534975	0.996712	-47.195611	2.911900	47.195611	-1.414029	1.986677	
65	1.936043	1.182576	3.521463	-52.605782	-1.380323	52.605782	1.500846	-48.114084	2.589436	48.114084	-0.988202	1.995988	
66	1.975386	1.246891	3.525523	-53.780695	-1.289780	53.780695	2.074724	-48.960462	2.290121	48.960462	-0.562673	2.005521	
67	2.028597	1.306740	3.529608	-54.784943	-1.229904	54.784943	2.674397	-49.697293	2.042107	49.697293	-0.155232	2.015132	
68	2.092473	1.373969	3.533433	-55.460501	-1.180167	55.460501	3.242613	-50.306596	1.861858	50.306596	0.214657	2.024786	
69	2.161403	1.445406	3.536634	-55.829716	-1.137309	55.829716	3.835742	-50.806145	1.708461	50.806145	0.584193	2.034533	
70	2.225715	1.508575	3.538955	-56.119019	-1.102996	56.119019	4.547606	-51.257778	1.513422	51.257778	1.021031	2.044540	
71	2.279167	1.558389	3.540300	-56.646658	-1.075771	56.646658	5.351402	-51.720750	1.255054	51.720750	1.543403	2.055042	
72	2.324908	1.596700	3.540696	-57.442502	-1.059986	57.442502	6.218133	-52.194911	0.942775	52.194911	2.144648	2.066222	
73	2.366911	1.623722	3.540290	-58.276895	-1.060060	58.276895	7.226192	-52.649018	0.567227	52.649018	2.851605	2.078187	
74	2.401982	1.639373	3.539349	-59.071555	-1.069899	59.071555	8.417479	-53.081867	0.116495	53.081867	3.694646	2.091060	
75	2.432982	1.650416	3.538177	-59.947074	-1.088058	59.947074	9.674366	-53.519664	-0.369032	53.519664	4.648894	2.105011	
76	2.476400	1.668531	3.536995	-61.037729	-1.124841	61.037729	10.818579	-53.986551	-0.806829	53.986551	5.657445	2.120154	
77	2.542769	1.697767	3.535909	-62.366142	-1.182699	62.366142	11.771925	-54.510660	-1.142264	54.510660	6.691792	2.136559	
78	2.624384	1.734623	3.534937	-63.817504	-1.246974	63.817504	12.564765	-55.115288	-1.374875	55.115288	7.757539	2.154317	
79	2.708348	1.778177	3.534055	-65.263309	-1.302571	65.263309	13.282259	-55.760064	-1.544119	55.760064	8.888240	2.173489	
80	2.793437	1.827560	3.533171	-66.637233	-1.355730	66.637233	14.037645	-56.366377	-1.695602	56.366377	10.138494	2.194108	
81	2.889566	1.880447	3.532074	-67.904350	-1.426881	67.904350	14.913049	-56.905211	-1.848160	56.905211	11.562726	2.216251	
82	3.003041	1.938799	3.530455	-69.017736	-1.526380	69.017736	15.946347	-57.373133	-2.011912	57.373133	13.214186	2.240030	
83	3.131776	2.004933	3.528016	-69.886969	-1.655390	69.886969	17.174501	-57.750999	-2.206022	57.750999	15.138549	2.265511	
84	3.270141	2.076004	3.524555	-70.534422	-1.809528	70.534422	18.611993	-58.063677	-2.443631	58.063677	17.353229	2.292722	
85	3.410837	2.147899	3.519970	-71.177251	-1.965383	71.177251	20.229798	-58.411097	-2.726131	58.411097	19.841463	2.321706	
86	3.545586	2.217893	3.514274	-71.937037	-2.089952	71.937037	22.049204	-58.885736	-3.071483	58.885736	22.599737	2.352579	
87	3.659727	2.279293	3.507613	-72.803484	-2.158220	72.803484	24.203656	-59.534752	-3.552601	59.534752	25.691879	2.385527	
88	3.732164	2.322104	3.500187	-73.962732	-2.129836	73.962732	26.759766	-60.452246	-4.231273	60.452246	29.114140	2.420730	
89	3.755135	2.345438	3.492168	-75.766642	-1.944866	75.766642	29.556098	-61.767885	-5.052202	61.767885	32.645483	2.458161	
90	3.741793	2.358857	3.483720	-78.410911	-1.582571	78.410911	32.428188	-63.501216	-5.930246	63.501216	36.071011	2.497536	
91	3.708132	2.369545	3.475042	-81.854912	-1.077959	81.854912	35.418736	-65.583874	-6.872703	65.583874	39.405708	2.538614	
92	3.665519	2.379490	3.466365	-86.004361	-0.468953	86.004361	38.586188	-67.990816	-7.897736	67.990816	42.709443	2.581406	
93	3.623584	2.390025	3.457904	-90.884323	0.229319	90.884323	41.859233	-70.771270	-8.969355	70.771270	45.942975	2.626057	
94	3.583764	2.400879	3.449830	-96.610519	1.013732	96.610519	45.171421	-74.012629	-10.068861	74.012629	49.073121	2.672714	
95	3.542125	2.410522	3.442237	-103.183294	1.876837	103.183294	48.538566	-77.722598	-11.210185	77.722598	52.120419	2.721525	
96	3.501311	2.414983	3.435164	-110.399628	2.788074	110.399628	51.985116	-81.786572	-12.396401	81.786572	55.135177	2.772640	
97	3.466677	2.405091	3.428672	-118.039465	3.707029	118.039465	55.468779	-86.129147	-13.610276	86.129147	58.150509	2.826187	
98	3.435610	2.373116	3.422878	-126.010137	4.616011	126.010137	58.849339	-90.760666	-14.808865	90.760666	61.078925	2.882191	
99	3.402690	2.319437	3.417872	-134.265707	5.505427	134.265707	61.928311	-95.631549	-15.932001	95.631549	63.742259	2.940379	
100	3.370454	2.249343	3.413620	-142.687602	6.343342	142.687602	64.558715	-100.608962	-16.944455	100.608962	66.054998	3.000167	
101	3.347181	2.166507	3.409966	-151.021906	7.081754	151.021906	66.735618	-105.544922	-17.865907	105.544922	68.121293	3.061014	
102	3.341385	2.070769	3.406671	-158.948859	7.670170	158.948859	68.546853	-110.267142	-18.752109	110.267142	70.176147	3.122804	
103	3.356295	1.959572	3.403462	-166.273161	8.072699	166.273161	70.027562	-114.648815	-19.645329	114.648815	72.401993	3.185868	
104	3.380722	1.829532	3.400049	-172.976692	8.295355	172.976692	71.130643	-118.707534	-20.547354	118.707534	74.762018	3.250671	
105	3.395895	1.678519	3.396131	-179.059105	8.367337	179.059105	71.750275	-122.482272	-21.421270	122.482272	77.041596	3.317450	
106	3.395144	1.505262	3.391455	-184.385940	8.278653	184.385940	71.691092	-125.862448	-22.218632	125.862448	79.052830	3.386063	
107	3.385704	1.306803	3.385903	-188.708417	7.976414	188.708417	70.765986	-128.663387	-22.929104	128.663387	80.780960	3.456148	
108	3.375056	1.080572	3.379499	-191.784848	7.424976	191.784848	68.945299	-130.804948	-23.581652	130.804948	82.311712	3.527356	
109	3.368228	0.828565	3.372312	-193.419946	6.615463	193.419946	66.311635	-132.277206	-24.204895	132.277206	83.717259	3.599401	
110	3.375046	0.554410	3.364380	-193.399060	5.521626	193.399060	62.954421	-133.060309	-24.832544	133.060309	85.117040	3.672023	
111	3.406715	0.264094	3.355745	-191.570256	4.117304	191.570256	59.001125	-133.182755	-25.516770	133.182755	86.688544	3.745073	
112	3.460584	-0.026051	3.346548	-188.131755	2.449300	188.131755	54.650912	-132.713786	-26.290595	132.713786	88.476384	3.818514	
113	3.521496	-0.295710	3.337112	-183.614928	0.617824	183.614928	50.029141	-131.722693	-27.135379	131.722693	90.329645	3.892210	
114	3.583600	-0.537632	3.327881	-178.339977	-1.338601	178.339977	45.117468	-130.269320	-28.010827	130.269320	92.119775	3.965899	
115	3.651428	-0.765301	3.319323	-172.153453	-3.471848	172.153453	39.948665	-128.406335	-28.901721	128.406335	93.896533	4.039455	
116	3.723772	-1.001339	3.311913	-164.801355	-5.852739	164.801355	34.701653	-126.206748	-29.822878	126.206748	95.805705	4.113037	
117	3.791968	-1.260623	3.306182	-156.122188	-8.522528	156.122188	29.663016	-123.759373	-30.799873	123.759373	97.967640	4.186993	
118	3.842098	-1.548006	3.302660	-146.062865	-11.467035	146.062865	25.215133	-121.213838	-31.857577	121.213838	100.438663	4.261780	
119	3.855614	-1.862481	3.301754	-134.898917	-14.621077	134.898917	21.633017	-118.828300	-33.012391	118.828300	103.215000	4.337951	
120	3.813417	-2.208985	3.303704	-122.990893	-17.944515	122.990893	18.950249	-116.846898	-34.255785	116.846898	106.256445	4.416137	
121	3.697311	-2.605955	3.308667	-110.294320	-21.461407	110.294320	17.212001	-115.355421	-35.555713	115.355421	109.512744	4.497041	
122	3.495692	-3.065790	3.316817	-96.610126	-25.204163	96.610126	16.614016	-114.292109	-36.894219	114.292109	112.944890	4.581375	
123	3.209272	-3.584035	3.328357	-81.987675	-29.190912	81.987675	17.362913	-113.547232	-38.298761	113.547232	116.558251	4.669778	
124	2.843711	-4.154449	3.343505	-66.584281	-33.455375	66.584281	19.600847	-113.022388	-39.831198	113.022388	120.380208	4.762800	
125	2.404293	-4.772106	3.362465	-50.551227	-38.059184	50.551227	23.375329	-112.540728	-41.552691	112.540728	124.366567	4.860878	
126	1.895833	-5.428786	3.385419	-34.122844	-43.076670	34.122844	28.687811	-111.796145	-43.525534	111.796145	128.391850	4.964152	
127	1.319328	-6.118051	3.412534	-17.682851	-48.568036	17.682851	35.583867	-110.474023	-45.852097	110.474023	132.322692	5.072315	
128	0.677280	-6.829051	3.443943	-1.849830	-54.580792	1.849830	44.013624	-108.261711	-48.652219	108.261711	135.973071	5.184597	
129	-0.016900	-7.535280	3.479677	12.562345	-61.154530	-12.562345	53.709570	-104.804182	-51.996330	104.804182	139.026775	5.299831	
130	-0.746149	-8.203222	3.519674	24.779446	-68.269090	-24.779446	64.303553	-99.776293	-55.887390	99.776293	141.054965	5.416470	
131	-1.501300	-8.804694	3.563810	34.296278	-75.782100	-34.296278	75.404237	-92.908261	-60.276891	92.908261	141.572496	5.532576	
132	-2.273737	-9.322446	3.611900	40.879163	-83.491527	-40.879163	86.694063	-84.094867	-65.089385	84.094867	140.238991	5.645938	
133	-3.044922	-9.751481	3.663651	44.410977	-91.239405	-44.410977	98.019677	-73.556234	-70.218671	73.556234	137.012925	5.754416	
134	-3.785904	-10.085959	3.718717	44.911806	-98.901018	-44.911806	109.216222	-61.759696	-75.455840	61.759696	132.028396	5.856207	
135	-4.464227	-10.316698	3.776749	42.578843	-106.449795	-42.578843	120.071195	-49.282562	-80.458425	49.282562	125.462150	5.949892	
136	-5.057107	-10.438588	3.837352	37.677903	-114.000983	-37.677903	130.437489	-36.696461	-84.817403	36.696461	117.447591	6.034345	
137	-5.550650	-10.439263	3.900020	30.563088	-121.659951	-30.563088	140.031352	-24.492096	-88.077445	24.492096	108.028279	6.108565	
138	-5.933069	-10.304357	3.964137	21.672581	-129.503147	-21.672581	148.439627	-13.133410	-89.777191	13.133410	97.289482	6.171623	
139	-6.202524	-10.037984	4.029030	11.352389	-137.620180	-11.352389	155.434527	-3.030877	-89.593519	3.030877	85.444153	6.222750	
140	-6.365334	-9.656953	4.094019	-0.394405	-146.056253	0.394405	160.942989	5.509378	-87.371524	-5.509378	72.778960	6.261402	
141	-6.422933	-9.179613	4.158437	-13.981479	-154.874212	13.981479	164.966574	12.244727	-83.074698	-12.244727	59.662429	6.287278	
142	-6.378975	-8.626118	4.221634	-29.677627	-164.187742	29.677627	167.704255	17.051820	-76.833126	-17.051820	46.494261	6.300322	
143	-6.249309	-8.014997	4.283006	-47.137723	-174.063517	47.137723	169.469508	19.991420	-68.894425	-19.991420	33.503921	6.300661	
144	-6.047500	-7.354047	4.341992	-65.826891	-184.482538	65.826891	170.402640	21.183361	-59.403534	-21.183361	20.654334	6.288500	
145	-5.778614	-6.645474	4.398084	-85.345030	-195.337737	85.345030	170.523332	20.710401	-48.416781	-20.710401	7.808182	6.264083	
146	-5.449596	-5.896602	4.450820	-105.236315	-206.470538	105.236315	169.999767	18.674875	-36.024616	-18.674875	-5.192150	6.227642	
147	-5.065104	-5.107803	4.499772	-125.282614	-217.834858	125.282614	168.994119	15.104471	-22.168112	-15.104471	-18.729871	6.179328	
148	-4.622598	-4.267812	4.544561	-146.133635	-229.644621	146.133635	167.567099	9.773549	-6.618160	-9.773549	-33.338153	6.119168	
149	-4.125910	-3.375337	4.584910	-169.050495	-242.253363	169.050495	166.032370	2.347620	10.672990	-2.347620	-49.312161	6.047020	
150	-3.599125	-2.453805	4.620661	-194.959741	-255.917004	194.959741	165.205850	-7.331659	29.323875	7.331659	-66.495927	5.962525	
151	-3.074394	-1.539961	4.651745	-224.106894	-270.747881	224.106894	166.184576	-19.318097	48.664785	19.318097	-84.376346	5.865261	
152	-2.570419	-0.662165	4.678139	-256.360813	-286.714320	256.360813	169.851557	-33.735692	68.109008	33.735692	-102.431305	5.754982	
153	-2.091331	0.168979	4.699789	-291.520172	-303.680548	291.520172	176.658403	-50.776996	87.295508	50.776996	-120.324654	5.631602	
154	-1.630284	0.957753	4.716592	-329.530857	-321.656587	329.530857	186.829567	-70.852775	106.021510	70.852775	-137.843593	5.495102	
155	-1.172890	1.714179	4.728492	-370.480128	-340.790040	370.480128	200.491982	-94.561411	124.191750	94.561411	-154.861216	5.345621	
156	-0.704671	2.446436	4.735515	-414.364515	-361.004491	414.364515	217.515612	-122.298784	141.731200	122.298784	-171.280791	5.183557	
157	-0.213497	3.158190	4.737678	-460.964514	-381.913998	460.964514	237.497822	-154.087119	158.493628	154.087119	-186.942755	5.009624	
158	0.304344	3.845350	4.734936	-509.941613	-403.066459	509.941613	259.974186	-189.623422	174.247038	189.623422	-201.626030	4.824886	
159	0.839731	4.496127	4.727131	-561.128005	-424.190849	561.128005	284.558959	-228.400868	188.738433	228.400868	-215.121900	4.630693	
160	1.386319	5.106596	4.713951	-614.585891	-445.147188	614.585891	310.687909	-270.039481	201.941154	270.039481	-227.455800	4.428669	
161	1.951547	5.692237	4.695070	-670.242691	-465.671541	670.242691	337.327994	-314.478911	214.263011	314.478911	-239.090722	4.220657	
162	2.540655	6.270517	4.670257	-727.627616	-485.339639	727.627616	363.294007	-361.636626	226.305359	361.636626	-250.691411	4.008505	
163	3.146582	6.847577	4.639336	-785.978415	-503.636387	785.978415	387.538540	-411.092214	238.555461	411.092214	-262.796644	3.793868	
164	3.756465	7.425033	4.602203	-844.402135	-519.953901	844.402135	409.077949	-462.203578	251.318454	462.203578	-275.736342	3.578189	
165	4.356795	8.005898	4.558854	-901.775945	-533.618950	901.775945	426.991641	-514.395889	264.748745	514.395889	-289.677365	3.362774	
166	4.941819	8.602036	4.509365	-956.903538	-544.005254	956.903538	440.457323	-567.541451	279.073332	567.541451	-304.869029	3.148960	
167	5.517090	9.237089	4.453913	-1008.947274	-550.731889	1008.947274	448.811328	-622.060970	294.679410	622.060970	-321.735859	2.938480	
168	6.090939	9.934636	4.392775	-1057.400979	-553.914935	1057.400979	451.808215	-678.682996	311.864655	678.682996	-340.622849	2.734051	
169	6.673058	10.711341	4.326222	-1101.957989	-554.258610	1101.957989	449.800959	-738.406556	330.793135	738.406556	-361.743719	2.540072	
170	7.279069	11.580994	4.254489	-1142.448525	-552.779046	1142.448525	443.509101	-802.459771	351.615869	802.459771	-385.278566	2.363361	
171	7.932141	12.560733	4.177904	-1178.518886	-550.398131	1178.518886	433.582196	-872.162064	374.526958	872.162064	-411.403583	2.213979	
172	8.665289	13.678041	4.096971	-1209.456676	-547.809159	1209.456676	420.377669	-949.079507	399.944338	949.079507	-440.470558	2.105767	
173	9.514698	14.965285	4.012270	-1234.471062	-545.679223	1234.471062	404.224614	-1034.959689	428.463445	1034.959689	-472.984416	2.055478	
174	10.507052	16.448213	3.924364	-1253.213135	-544.811039	1253.213135	385.763288	-1131.190099	460.502181	1131.190099	-509.269917	2.079216	
175	11.657642	18.141493	3.833743	-1265.878462	-546.051562	1265.878462	365.957010	-1238.486718	496.109441	1238.486718	-549.247785	2.187101	
176	12.977406	20.046419	3.740763	-1272.694511	-550.165382	1272.694511	346.006858	-1357.080966	535.074625	1357.080966	-592.459643	2.380000	
177	14.479319	22.159660	3.645658	-1273.406304	-557.712351	1273.406304	327.062838	-1486.963347	577.224605	1486.963347	-638.330339	2.650952	
178	16.185395	24.494506	3.548659	-1267.283884	-569.001786	1267.283884	309.847194	-1628.218769	622.751018	1628.218769	-686.532367	2.989293	
179	18.131056	27.088381	3.450085	-1253.906307	-584.280059	1253.906307	294.830734	-1781.290193	672.271158	1781.290193	-737.094097	3.384210	
180	20.349231	29.980288	3.350312	-1233.427591	-603.759564	1233.427591	282.623792	-1946.091400	726.243909	1946.091400	-789.886707	3.826415	
181	22.848740	33.185507	3.249759	-1205.846557	-627.465365	1205.846557	274.109314	-2120.943177	784.278611	2120.943177	-844.021954	4.308253	
182	25.615358	36.695188	3.148920	-1171.062940	-655.329956	1171.062940	270.591576	-2302.861175	845.097694	2302.861175	-897.840549	4.823225	
183	28.624286	40.488187	3.048332	-1129.216812	-687.113070	1129.216812	273.497447	-2488.038258	906.827112	2488.038258	-949.187637	5.365560	
184	31.844120	44.532617	2.948552	-1080.539471	-722.027599	1080.539471	283.761817	-2671.594083	967.114716	2671.594083	-995.655681	5.929792	
185	35.228806	48.775126	2.850197	-1025.426744	-758.607395	1025.426744	301.776349	-2847.070587	1022.918136	2847.070587	-1034.641331	6.510335	
186	38.702369	53.130325	2.753943	-964.473968	-794.860644	964.473968	327.689338	-3006.283701	1069.998969	3006.283701	-1062.983666	7.101355	
187	42.148492	57.473131	2.660404	-898.471633	-828.569001	898.471633	361.838152	-3139.956477	1102.637144	3139.956477	-1076.575212	7.697018	
188	45.418698	61.637535	2.570018	-828.226033	-857.379390	828.226033	404.726066	-3238.723211	1114.301435	3238.723211	-1070.803260	8.291970	
189	48.362142	65.436462	2.483072	-754.208402	-878.682799	754.208402	456.053195	-3294.432027	1099.338587	3294.432027	-1042.004108	8.881687	
190	50.855754	68.697775	2.399809	-676.596644	-889.878527	676.596644	514.067557	-3301.849374	1054.533068	3301.849374	-988.823159	9.462576	
191	52.813569	71.291622	2.320514	-595.545813	-888.813709	595.545813	575.692662	-3259.207279	979.490809	3259.207279	-912.431643	10.031890	
192	54.196144	73.142518	2.245518	-511.605143	-873.971304	511.605143	636.635508	-3167.691116	876.584942	3167.691116	-816.464296	10.587488	
193	55.032184	74.234433	2.175141	-425.919222	-844.612232	425.919222	691.805576	-3031.615934	751.049537	3031.615934	-707.394646	11.127534	
194	55.420019	74.609776	2.109684	-339.785019	-800.901134	339.785019	736.496023	-2858.359437	610.243161	2858.359437	-594.175487	11.650281	
195	55.495740	74.357379	2.049467	-254.188827	-744.073059	254.188827	768.179310	-2657.165032	461.773824	2657.165032	-486.547985	12.153870	
196	55.398603	73.594961	1.994855	-170.279581	-676.736133	170.279581	788.415155	-2437.858086	311.716611	2437.858086	-393.244813	12.636127	
197	55.257904	72.457599	1.946214	-90.047714	-602.872718	90.047714	803.680283	-2210.180327	163.769039	2210.180327	-321.139239	13.094565	
198	55.182406	71.085221	1.903856	-15.440290	-527.231655	15.440290	824.750413	-1983.760705	18.884903	1983.760705	-274.755793	13.526747	
199	55.231243	69.596500	1.867978	52.440800	-454.679876	-52.440800	865.698158	-1768.052983	-124.770643	1768.052983	-255.632308	13.930929	
200	55.377760	68.050491	1.838572	112.315892	-389.653235	-112.315892	941.888986	-1571.472020	-270.914382	1571.472020	-262.197919	14.306446	
201	55.488031	66.410454	1.815361	162.211120	-335.065787	-162.211120	1065.162388	-1399.673811	-422.924567	1399.673811	-290.867862	14.653289	
202	55.332126	64.531396	1.797886	200.576165	-290.955343	-200.576165	1237.062459	-1253.100455	-580.688914	1253.100455	-338.478448	14.970452	
203	54.632706	62.179948	1.785605	228.332852	-253.607642	-228.332852	1442.785618	-1124.232897	-737.792451	1124.232897	-405.274004	15.252708	
204	53.149011	59.086470	1.777802	252.715244	-215.437314	-252.715244	1649.234112	-996.193777	-880.928140	996.193777	-496.891621	15.486184	
205	50.790124	55.040372	1.773521	291.970440	-166.456309	-291.970440	1812.938929	-845.703976	-993.793767	845.703976	-622.649096	15.644661	
206	47.703578	50.018746	1.771619	374.558667	-98.392440	-374.558667	1901.496390	-653.394203	-1066.347910	653.394203	-785.479210	15.690359	
207	44.264840	44.266384	1.770586	525.062695	-10.094552	-525.062695	1917.788013	-419.261325	-1103.874638	419.261325	-963.779637	15.583978	
208	40.950064	38.229621	1.768562	735.732315	89.580517	-735.732315	1902.211107	-171.854363	-1124.532531	171.854363	-1099.629812	15.304904	
209	38.135121	32.366861	1.764533	941.971785	184.297929	-941.971785	1901.537115	42.184345	-1142.124906	-42.184345	-1114.325167	14.873358	
210	35.936422	26.980697	1.759306	1036.565532	257.446033	-1036.565532	1932.267230	186.397183	-1150.844853	-186.397183	-954.246853	14.358688	
211	34.202333	22.183089	1.754418	927.422780	299.005508	-927.422780	1978.583427	256.863234	-1132.014387	-256.863234	-632.153780	13.862005	
212	32.612842	17.919602	1.750458	590.508491	307.683094	-590.508491	2017.807129	278.445159	-1073.515289	-278.445159	-223.308183	13.479390	
213	30.817729	13.917204	1.746736	75.774857	288.628525	-75.774857	2033.940129	283.145699	-977.151014	-283.145699	175.977189	13.267218	
214	28.647203	9.666217	1.741973	-514.512041	248.366787	514.512041	2017.857728	292.075323	-853.998374	-292.075323	492.546523	13.228308	
215	26.285938	4.657536	1.735002	-1033.742051	189.796051	1033.742051	1977.763178	314.096958	-722.699229	-314.096958	699.837943	13.321412	
216	24.118494	-1.209334	1.725044	-1295.163276	113.502779	1295.163276	1948.262722	359.465213	-609.185944	-359.465213	807.935192	13.481567	
217	22.318565	-7.422457	1.711645	-1122.105379	26.766886	1122.105379	1968.021736	449.839533	-534.628805	-449.839533	831.768896	13.638111	
218	20.646840	-13.130125	1.694597	-447.244819	-50.368197	447.244819	2034.433805	605.765762	-494.180177	-605.765762	773.837742	13.727601	
219	18.644491	-17.687804	1.674007	622.783562	-92.639484	-622.783562	2087.347238	822.262072	-453.064809	-822.262072	636.931824	13.704477	
220	15.976211	-20.949865	1.650350	1849.424811	-84.960922	-1849.424811	2050.557619	1063.229873	-373.741282	-1063.229873	441.958815	13.549052	
221	12.614287	-23.136105	1.624409	2973.137894	-30.528237	-2973.137894	1886.407223	1281.990975	-245.784987	-1281.990975	226.352753	13.269268	
222	8.785247	-24.584827	1.597299	3807.668477	53.447061	-3807.668477	1610.680414	1445.461605	-89.089248	-1445.461605	28.633212	12.894841	
223	4.823578	-25.611044	1.570567	4274.396966	145.616288	-4274.396966	1272.172412	1542.915034	63.243757	-1542.915034	-124.232448	12.466600	
224	1.066259	-26.447386	1.546041	4387.632167	228.673810	-4387.632167	927.194619	1580.605148	182.318123	-1580.605148	-220.403980	12.025717	
225	-2.209172	-27.238071	1.525509	4219.592069	293.216693	-4219.592069	624.131626	1572.414525	251.808929	-1572.414525	-260.510008	11.606257	
226	-4.819712	-28.050810	1.510566	3861.448098	337.365682	-3861.448098	397.289029	1533.105449	267.982941	-1533.105449	-253.048441	11.231860	
227	-6.689053	-28.875930	1.502469	3394.085345	363.568553	-3394.085345	265.090495	1475.213053	236.073324	-1475.213053	-210.195635	10.915544	
228	-7.853781	-29.629464	1.501897	2878.334306	374.953659	-2878.334306	230.453213	1408.315023	166.507637	-1408.315023	-144.557116	10.661321	
229	-8.441861	-30.149897	1.508717	2360.414326	373.003552	-2360.414326	282.627710	1340.047458	71.836407	-1340.047458	-66.862320	10.466543	
230	-8.624361	-30.188926	1.521695	1882.563826	357.086114	-1882.563826	398.094191	1278.309816	-35.054010	-1278.309816	14.807458	10.323993	
231	-8.581370	-29.442223	1.538595	1490.031342	325.643617	-1490.031342	540.149176	1233.176960	-141.512188	-1233.176960	94.233114	10.223106	
232	-8.472250	-27.624460	1.556924	1228.476824	278.343020	-1228.476824	660.394752	1216.743170	-235.217566	-1216.743170	165.664375	10.150258	
233	-8.387467	-24.554918	1.574636	1131.477109	218.388622	-1131.477109	705.616900	1239.987459	-304.231125	-1239.987459	222.609227	10.088587	
234	-8.314651	-20.236267	1.590225	1204.217475	154.082522	-1204.217475	632.723977	1306.873910	-338.552332	-1306.873910	257.983517	10.018363	
235	-8.158427	-14.911860	1.602549	1412.826984	98.064252	-1412.826984	428.424734	1408.356594	-333.882164	-1408.356594	266.503892	9.919099	
236	-7.809966	-9.076083	1.610784	1687.671596	63.268523	-1687.671596	121.192643	1521.731497	-294.821397	-1521.731497	247.998053	9.773634	
237	-7.220102	-3.388808	1.614414	1944.172791	57.112213	-1944.172791	-226.512782	1618.256977	-234.236544	-1618.256977	208.920073	9.572740	
238	-6.423712	1.520105	1.613158	2113.204368	77.679620	-2113.204368	-544.576137	1674.567203	-168.173575	-1674.567203	160.210778	9.317903	
239	-5.509604	5.240727	1.607039	2162.609815	114.884743	-2162.609815	-782.282217	1679.868079	-109.678570	-1679.868079	112.856480	9.020730	
240	-4.564868	7.651485	1.596620	2098.907771	155.607284	-2098.907771	-919.781184	1635.957125	-65.507870	-1635.957125	74.276476	8.699503	
241	-3.626225	8.874665	1.582993	1954.009427	188.843118	-1954.009427	-962.962160	1552.695291	-36.807129	-1552.695291	47.519205	8.374688	
242	-2.663650	9.183541	1.567477	1767.976470	207.905783	-1767.976470	-931.014013	1442.864961	-22.026849	-1442.864961	32.917321	8.065010	
243	-1.617679	8.917532	1.551397	1575.187817	210.811711	-1575.187817	-848.037175	1319.211701	-18.381197	-1319.211701	28.889866	7.784729	
244	-0.465469	8.403810	1.536020	1396.817905	199.956838	-1396.817905	-738.806557	1192.873171	-21.982723	-1192.873171	32.136339	7.542368	
245	0.765028	7.880454	1.522456	1241.128026	179.743094	-1241.128026	-623.039761	1071.923882	-29.365936	-1071.923882	39.777673	7.340983	
246	2.027506	7.469984	1.511531	1108.717686	154.104800	-1108.717686	-512.477755	961.204631	-38.436699	-961.204631	50.509870	7.179378	
247	3.260154	7.204774	1.503756	997.301312	126.375011	-997.301312	-413.639666	863.384437	-47.606149	-863.384437	63.402655	7.053492	
248	4.378219	7.059616	1.499345	904.172932	99.630258	-904.172932	-330.445365	779.757077	-55.464235	-779.757077	77.258549	6.957603	
249	5.303616	6.975707	1.498217	827.105252	76.139345	-827.105252	-264.112855	710.388061	-61.162177	-710.388061	90.900143	6.885337	
250	5.988435	6.875307	1.500026	764.274711	56.992487	-764.274711	-213.169934	654.206537	-64.450857	-654.206537	103.274561	6.830483	
251	6.405668	6.682924	1.504291	713.623592	42.461462	-713.623592	-175.093945	609.424215	-65.418239	-609.424215	113.395682	6.787445	
252	6.542769	6.354941	1.510439	672.390856	32.485330	-672.390856	-147.754917	573.973250	-64.252350	-573.973250	120.344197	6.751328	
253	6.402912	5.883120	1.517700	637.380590	26.862837	-637.380590	-129.564094	545.777764	-61.154235	-545.777764	123.355886	6.717887	
254	6.003883	5.278909	1.525052	605.652413	25.252144	-605.652413	-119.193633	522.922165	-56.323308	-522.922165	121.946463	6.683486	
255	5.378412	4.572240	1.531315	574.939684	27.169472	-574.939684	-115.475031	503.729769	-49.971394	-503.729769	116.014589	6.645147	
256	4.571812	3.804040	1.535248	543.663239	31.931653	-543.663239	-117.245571	486.766242	-42.341888	-486.766242	105.904807	6.600709	
257	3.632695	3.008759	1.535486	511.001033	38.725602	-511.001033	-123.308476	470.956581	-33.671080	-470.956581	92.300302	6.548849	
258	2.605006	2.229131	1.530418	476.816935	47.048806	-476.816935	-132.991953	455.876621	-24.142775	-455.876621	75.987997	6.488862	
259	1.531973	1.521106	1.518341	441.281243	56.629366	-441.281243	-146.008153	441.586749	-13.959178	-441.586749	57.851984	6.420441	
260	0.460047	0.917684	1.498323	404.849128	66.863513	-404.849128	-161.489755	428.094208	-3.407062	-428.094208	38.934742	6.343596	
261	-0.566922	0.419901	1.470455	368.415302	76.920244	-368.415302	-178.047520	415.297078	7.191880	-415.297078	20.268381	6.258605	
262	-1.513617	0.013360	1.434405	333.067238	86.061996	-333.067238	-194.333764	403.082773	17.534257	-403.082773	2.723263	6.165985	
263	-2.357455	-0.322928	1.389499	299.624090	93.717951	-299.624090	-209.214602	391.216593	27.369753	-391.216593	-13.072647	6.066418	
264	-3.088131	-0.608921	1.337264	268.535424	99.553065	-268.535424	-221.834473	379.431750	36.504657	-379.431750	-26.770730	5.960627	
265	-3.700830	-0.865101	1.282120	240.243930	103.432452	-240.243930	-231.536076	367.567873	44.746935	-367.567873	-38.199595	5.849303	
266	-4.193579	-1.112811	1.229505	215.271871	105.347255	-215.271871	-237.811248	355.473128	51.894637	-355.473128	-47.299375	5.733075	
267	-4.571265	-1.370228	1.184314	193.992665	105.381092	-193.992665	-240.393027	342.932473	57.812292	-342.932473	-54.175789	5.612528	
268	-4.846338	-1.653559	1.149905	176.656150	103.685242	-176.656150	-239.319414	329.772805	62.469908	-329.772805	-59.091699	5.488231	
269	-5.033465	-1.972670	1.126976	163.461178	100.480489	-163.461178	-234.929552	315.969469	65.890305	-315.969469	-62.360204	5.360761	
270	-5.146587	-2.328072	1.113757	154.420535	96.061657	-154.420535	-227.812478	301.641390	68.117696	-301.641390	-64.278782	5.230774	
271	-5.200977	-2.716393	1.107823	149.241980	90.776946	-149.241980	-218.721974	286.982657	69.253209	-286.982657	-65.146981	5.099048	
272	-5.210984	-3.125344	1.107457	147.328131	84.968951	-147.328131	-208.391705	272.208251	69.427641	-272.208251	-65.225724	4.966495	
273	-5.182764	-3.528126	1.111793	147.904868	78.899820	-147.904868	-197.300686	257.506177	68.695585	-257.506177	-64.629852	4.834163	
274	-5.117402	-3.898626	1.120473	150.273118	72.757510	-150.273118	-185.728020	243.026777	67.071175	-243.026777	-63.381291	4.703210	
275	-5.021154	-4.224064	1.133084	153.900254	66.725624	-153.900254	-173.986837	228.929370	64.660950	-228.929370	-61.555927	4.574777	
276	-4.905659	-4.499925	1.148418	158.288120	61.000255	-158.288120	-162.460333	215.376231	61.656333	-215.376231	-59.287798	4.449852	
277	-4.782642	-4.723849	1.164247	162.931380	55.758204	-162.931380	-151.521682	202.492944	58.255606	-202.492944	-56.704875	4.329198	
278	-4.664667	-4.896849	1.178304	167.253800	51.127416	-167.253800	-141.473332	190.306349	54.666210	-190.306349	-53.942585	4.213329	
279	-4.565400	-5.021605	1.189169	170.527973	47.192287	-170.527973	-132.561609	178.781113	51.100346	-178.781113	-51.144369	4.102499	
280	-4.492598	-5.095772	1.195689	172.180948	44.001646	-172.180948	-124.974819	168.017647	47.701222	-168.017647	-48.387257	3.996654	
281	-4.444584	-5.114698	1.196664	172.029193	41.533203	-172.029193	-118.734252	158.208019	44.519329	-158.208019	-45.676276	3.895451	
282	-4.414070	-5.079826	1.191791	170.108617	39.675326	-170.108617	-113.662084	149.378581	41.548027	-149.378581	-43.000305	3.798382	
283	-4.393300	-5.000763	1.181932	166.624900	38.294191	-166.624900	-109.547378	141.437565	38.770414	-141.437565	-40.363672	3.704893	
284	-4.376130	-4.890656	1.168393	161.897873	37.266460	-161.897873	-106.203418	134.293824	36.182971	-134.293824	-37.789623	3.614410	
285	-4.356402	-4.761962	1.152404	156.197866	36.439943	-156.197866	-103.366377	127.796543	33.774730	-127.796543	-35.296713	3.526430	
286	-4.328879	-4.625768	1.134943	149.728851	35.666410	-149.728851	-100.759283	121.738212	31.532714	-121.738212	-32.900919	3.440607	
287	-4.291129	-4.489183	1.116709	142.600664	34.878991	-142.600664	-98.256596	115.972372	29.463663	-115.972372	-30.632957	3.356726	
288	-4.241495	-4.355159	1.098242	134.931546	34.070106	-134.931546	-95.847143	110.465398	27.575156	-110.465398	-28.520637	3.274620	
289	-4.176792	-4.224420	1.079979	127.109137	33.214771	-127.109137	-93.461008	105.234763	25.846377	-105.234763	-26.563876	3.194143	
290	-4.093124	-4.096830	1.062221	119.746509	32.265964	-119.746509	-90.960140	100.295701	24.235685	-100.295701	-24.742970	3.115206	
291	-3.992417	-3.980147	1.045120	113.461368	31.190849	-113.461368	-88.249019	95.598704	22.729602	-95.598704	-23.064100	3.037842	
292	-3.887185	-3.888033	1.028668	108.550904	30.005763	-108.550904	-85.353363	91.027404	21.378379	-91.027404	-21.587072	2.962237	
293	-3.792167	-3.821883	1.012609	104.553434	28.799104	-104.553434	-82.474890	86.543473	20.269799	-86.543473	-20.393600	2.888554	
294	-3.714980	-3.772211	0.996402	100.593096	27.655006	-100.593096	-79.833656	82.169938	19.450498	-82.169938	-19.520271	2.816707	
295	-3.657977	-3.734644	0.979428	96.290429	26.564524	-96.290429	-77.429345	77.859133	18.874388	-77.859133	-18.921626	2.746459	
296	-3.621210	-3.710863	0.961318	91.844071	25.464154	-91.844071	-75.103232	73.558720	18.441660	-73.558720	-18.505405	2.677589	
297	-3.602213	-3.700260	0.942068	87.475504	24.318473	-87.475504	-72.761433	69.311493	18.074140	-69.311493	-18.197733	2.609876	
298	-3.598973	-3.696447	0.921948	83.166378	23.146398	-83.166378	-70.474734	65.218674	17.753810	-65.218674	-17.980115	2.542999	
299	-3.610936	-3.689836	0.901358	78.767963	21.980754	-78.767963	-68.359474	61.360648	17.487200	-61.360648	-17.857716	2.476525	
300	-3.635209	-3.671733	0.880776	74.175132	20.826624	-74.175132	-66.403330	57.748610	17.250277	-57.748610	-17.804503	2.410011	
301	-3.672103	-3.640913	0.860740	69.328408	19.713042	-69.328408	-64.546466	54.317992	17.025275	-54.317992	-17.797548	2.343123	
302	-3.728427	-3.604070	0.841772	64.162628	18.731838	-64.162628	-62.796998	50.988839	16.826674	-50.988839	-17.843741	2.275584	
303	-3.802307	-3.563690	0.824315	58.705394	17.944999	-58.705394	-61.102892	47.744558	16.631669	-47.744558	-17.908039	2.207181	
304	-3.879208	-3.514518	0.808682	53.136743	17.336809	-53.136743	-59.350859	44.641520	16.385727	-44.641520	-17.916008	2.137874	
305	-3.946014	-3.452405	0.794993	47.651742	16.882746	-47.651742	-57.519797	41.749663	16.070058	-41.749663	-17.827339	2.067738	
306	-3.995059	-3.377657	0.783119	42.357084	16.580161	-42.357084	-55.617769	39.080994	15.682273	-39.080994	-17.623942	1.996865	
307	-4.024038	-3.293324	0.772652	37.296099	16.440166	-37.296099	-53.628300	36.590107	15.221692	-36.590107	-17.298136	1.925460	
308	-4.039814	-3.204887	0.762869	32.479645	16.491638	-32.479645	-51.597453	34.222743	14.720936	-34.222743	-16.884380	1.853828	
309	-4.051895	-3.117531	0.752692	27.910578	16.750965	-27.910578	-49.568073	31.922019	14.217068	-31.922019	-16.426402	1.782220	
310	-4.063303	-3.031512	0.740778	23.596907	17.180644	-23.596907	-47.501383	29.638395	13.715245	-29.638395	-15.934967	1.710857	
311	-4.072702	-2.943052	0.726154	19.546335	17.703296	-19.546335	-45.385605	27.377693	13.216423	-27.377693	-15.413618	1.639963	
312	-4.079204	-2.849206	0.709025	15.771734	18.236639	-15.771734	-43.285017	25.187147	12.733965	-25.187147	-14.878523	1.569659	
313	-4.086098	-2.752884	0.690633	12.297898	18.677259	-12.297898	-41.242078	23.064838	12.276347	-23.064838	-14.345717	1.499943	
314	-4.104211	-2.666110	0.672250	9.172080	18.863489	-9.172080	-39.241752	20.944322	11.844566	-20.944322	-13.828508	1.430824	
315	-4.145152	-2.604276	0.654131	6.467314	18.617471	-6.467314	-37.260088	18.784075	11.434308	-18.784075	-13.335149	1.362416	
316	-4.211714	-2.574796	0.635454	4.234210	17.860307	-4.234210	-35.294076	16.610736	11.029477	-16.610736	-12.861396	1.294858	
317	-4.299036	-2.573970	0.615318	2.470108	16.668026	-2.470108	-33.348529	14.477120	10.602465	-14.477120	-12.391230	1.228219	
318	-4.396771	-2.592150	0.593312	1.136145	15.206257	-1.136145	-31.393685	12.423313	10.115162	-12.423313	-11.893815	1.162547	
319	-4.484939	-2.616102	0.569503	0.177693	13.635857	-0.177693	-29.336050	10.471820	9.517037	-10.471820	-11.317937	1.097973	
320	-4.532515	-2.627250	0.544580	-0.481626	12.065761	0.481626	-27.035366	8.631523	8.755416	-8.631523	-10.601158	1.034809	
321	-4.504581	-2.602891	0.519714	-1.049642	10.541301	1.049642	-24.396119	6.900901	7.803511	-6.900901	-9.695900	0.973602	
322	-4.366791	-2.518453	0.495873	-1.813895	9.058168	1.813895	-21.419707	5.272552	6.676281	-5.272552	-8.579129	0.915114	
323	-4.085305	-2.352914	0.473375	-2.812864	7.584216	2.812864	-18.134067	3.736949	5.423383	-3.736949	-7.241810	0.860309	
324	-3.645783	-2.107674	0.452073	-3.801592	6.086462	3.801592	-14.603417	2.281965	4.125140	-2.281965	-5.705115	0.810352	
325	-3.067990	-1.810825	0.431845	-4.578975	4.563430	4.578975	-10.964591	0.893108	2.860458	-0.893108	-4.019720	0.766426	
326	-2.375205	-1.487951	0.413137	-5.111512	3.024278	5.111512	-7.299607	-0.436804	1.652605	0.436804	-2.208695	0.729549	
327	-1.566165	-1.144998	0.397154	-5.381977	1.433991	5.381977	-3.543420	-1.705214	0.467428	1.705214	-0.245251	0.700649	
328	-0.630825	-0.777279	0.385418	-5.332093	-0.296640	5.332093	0.444686	-2.919218	-0.750911	2.919218	1.907575	0.680647	
329	0.424032	-0.380458	0.379227	-4.968546	-2.283844	4.968546	4.811951	-4.124138	-2.063331	4.124138	4.269577	0.670368	
330	1.560446	0.036348	0.379209	-4.392276	-4.636514	4.392276	9.704300	-5.418635	-3.533016	5.418635	6.842326	0.670490	
331	2.712352	0.447789	0.385215	-3.720499	-7.424587	3.720499	15.240130	-6.933675	-5.211644	6.933675	9.603728	0.681548	
332	3.767050	0.812554	0.396833	-3.061878	-10.562209	3.061878	21.257894	-8.724084	-7.056046	8.724084	12.399088	0.703679	
333	4.635743	1.101125	0.413572	-2.503021	-13.870378	2.503021	27.443744	-10.763723	-8.963600	10.763723	15.047800	0.736004	
334	4.971621	1.190797	0.434124	-2.242280	-16.284135	2.242280	31.669711	-12.399204	-10.273673	12.399204	16.588331	0.775793	
335	5.208430	1.243172	0.456057	-2.106205	-18.551087	2.106205	35.627051	-14.056339	-11.491263	14.056339	17.963073	0.818328	
