kww	// User ID
28-6-2021	// Evaluation date
p23_v_75_crow_003	26-6-2021	12:41:33:287	// Source file name and timestamp
357.143	// Sampling rate
0.806	// Data capture period

1.800000	// height
77.100000	// mass


Sample #	elbVar	shldrIR	LwristLinVelo	thorJFPd	thorSTPd	UaJFPp	UaSTPp	UaJFPd	UaSTPd	FaJFPp	FaSTPp	RwristLinVelo	
0	-3.689119	-0.929532	3.144609	71.958258	-0.655700	-71.958258	29.377855	16.823365	-26.548470	-16.823365	42.081035	2.299628	
1	-3.149134	-0.867386	3.116584	67.435177	-0.717980	-67.435177	24.272137	14.983606	-23.288152	-14.983606	36.334848	2.379500	
2	-2.722941	-0.788657	3.085704	65.378654	-0.764770	-65.378654	19.209353	14.209332	-20.555238	-14.209332	31.402448	2.449771	
3	-1.978318	-0.868098	3.055332	53.461313	-0.967618	-53.461313	14.334308	11.063934	-15.872441	-11.063934	22.082921	2.508251	
4	-1.191413	-0.996823	3.031523	40.007026	-1.202299	-40.007026	10.289061	7.342000	-10.856375	-7.342000	11.989682	2.552903	
5	-0.408454	-1.154128	3.017485	26.482926	-1.442984	-26.482926	7.306135	3.166359	-5.754458	-3.166359	1.997894	2.584020	
6	0.314672	-1.309927	3.015220	14.630623	-1.660027	-14.630623	5.364703	-1.133689	-0.863784	1.133689	-6.917358	2.603024	
7	0.958605	-1.454867	3.025376	5.055711	-1.846622	-5.055711	4.370527	-5.380821	3.713708	5.380821	-14.338697	2.612027	
8	1.519256	-1.578464	3.047697	-1.839912	-1.994927	1.839912	4.143228	-9.425413	7.954167	9.425413	-20.146826	2.613289	
9	2.003611	-1.663257	3.081208	-5.683317	-2.086719	5.683317	4.445978	-13.174842	11.900060	13.174842	-24.452563	2.608944	
10	2.425077	-1.693500	3.124390	-6.224487	-2.107554	6.224487	4.969347	-16.538015	15.629618	16.538015	-27.506724	2.600862	
11	2.798064	-1.663343	3.175367	-3.493406	-2.057626	3.493406	5.368775	-19.376061	19.214278	19.376061	-29.598555	2.590525	
12	3.132161	-1.576078	3.232143	2.153752	-1.943634	-2.153752	5.423457	-21.526431	22.672755	21.526431	-30.951402	2.578928	
13	3.430777	-1.436601	3.292792	10.128949	-1.765281	-10.128949	5.133728	-22.912924	25.965145	22.912924	-31.698719	2.566657	
14	3.692719	-1.242144	3.355560	19.800383	-1.511073	-19.800383	4.541058	-23.585163	29.020124	23.585163	-31.930212	2.554114	
15	3.917484	-0.987999	3.418941	30.362622	-1.176097	-30.362622	3.511459	-23.627236	31.772866	23.627236	-31.754397	2.541658	
16	4.108615	-0.676433	3.481749	40.666716	-0.771036	-40.666716	1.827616	-23.110756	34.180878	23.110756	-31.303897	2.529564	
17	4.269508	-0.315377	3.543107	49.336771	-0.311205	-49.336771	-0.595793	-22.146757	36.193264	22.146757	-30.678070	2.517961	
18	4.400292	0.081221	3.602391	54.990066	0.183641	-54.990066	-3.666596	-20.888451	37.727025	20.888451	-29.912183	2.506894	
19	4.498059	0.494338	3.659194	56.537013	0.691296	-56.537013	-7.136663	-19.512535	38.678064	19.512535	-28.992299	2.496429	
20	4.554646	0.909902	3.713292	53.422757	1.206214	-53.422757	-10.635826	-18.272824	38.937621	18.272824	-27.886359	2.486818	
21	4.562087	1.323522	3.764606	45.586775	1.737240	-45.586775	-13.890373	-17.428498	38.455742	17.428498	-26.597567	2.478521	
22	4.524606	1.731048	3.813179	33.321587	2.276951	-33.321587	-16.870217	-17.088390	37.310271	17.088390	-25.188850	2.471857	
23	4.459674	2.122487	3.859173	17.323704	2.793825	-17.323704	-19.640455	-17.209310	35.665355	17.209310	-23.732116	2.466716	
24	4.390103	2.493680	3.902847	-1.352399	3.264707	1.352399	-22.247159	-17.680932	33.676134	17.680932	-22.252969	2.462647	
25	4.332036	2.853855	3.944477	-21.667473	3.695988	21.667473	-24.705945	-18.450628	31.456118	18.450628	-20.764775	2.459023	
26	4.286259	3.213844	3.984281	-42.718636	4.106136	42.718636	-26.933075	-19.582947	29.088763	19.582947	-19.310696	2.455128	
27	4.245650	3.576046	4.022389	-63.618939	4.506682	63.618939	-28.705858	-21.157932	26.621138	21.157932	-17.919118	2.450360	
28	4.211807	3.937025	4.058929	-83.507490	4.897997	83.507490	-29.776987	-23.144573	24.096457	23.144573	-16.592678	2.444319	
29	4.195675	4.292643	4.094071	-101.527992	5.274605	101.527992	-29.936372	-25.398783	21.562824	25.398783	-15.322705	2.436649	
30	4.199580	4.637005	4.127926	-116.824860	5.632148	116.824860	-28.911868	-27.769632	18.999504	27.769632	-14.053443	2.427027	
31	4.216018	4.959602	4.160465	-128.585480	5.962765	128.585480	-26.405664	-30.112813	16.336654	30.112813	-12.701444	2.415342	
32	4.242718	5.245912	4.191641	-136.079378	6.251212	136.079378	-22.228694	-32.247762	13.537611	32.247762	-11.213396	2.401700	
33	4.283957	5.478252	4.221465	-138.696541	6.479471	138.696541	-16.321631	-34.006768	10.605538	34.006768	-9.569467	2.386298	
34	4.346104	5.638890	4.249917	-136.005500	6.630989	136.005500	-8.782523	-35.273949	7.573517	35.273949	-7.773783	2.369343	
35	4.439930	5.715841	4.276880	-127.897598	6.695411	127.897598	0.052265	-35.947735	4.511342	35.947735	-5.859592	2.351034	
36	4.577781	5.704379	4.302210	-114.682992	6.671959	114.682992	9.628903	-35.912063	1.503868	35.912063	-3.870571	2.331521	
37	4.760845	5.604046	4.325745	-97.152277	6.565227	97.152277	19.269645	-35.102543	-1.362373	35.102543	-1.835121	2.310905	
38	4.976157	5.418526	4.347254	-76.630580	6.382533	76.630580	28.211533	-33.584476	-3.970825	33.584476	0.225738	2.289286	
39	5.209051	5.158382	4.366465	-54.838090	6.139186	54.838090	35.662438	-31.521762	-6.174945	31.521762	2.289103	2.266805	
40	5.448175	4.841695	4.383077	-33.655754	5.862370	33.655754	40.957471	-29.117494	-7.839148	29.117494	4.345792	2.243671	
41	5.682437	4.491801	4.396746	-14.879042	5.587964	14.879042	43.737698	-26.584110	-8.873503	26.584110	6.409785	2.220216	
42	5.903851	4.128974	4.407151	0.219746	5.349218	-0.219746	43.960982	-24.084577	-9.245792	24.084577	8.505714	2.196931	
43	6.107851	3.763517	4.414056	11.098137	5.169459	-11.098137	41.732131	-21.709933	-8.963750	21.709933	10.649824	2.174439	
44	6.287491	3.402692	4.417226	17.567582	5.068530	-17.567582	37.270349	-19.575487	-8.064455	19.575487	12.842806	2.153461	
45	6.433711	3.057464	4.416292	19.591636	5.062481	-19.591636	31.045508	-17.881538	-6.628179	17.881538	15.074259	2.134832	
46	6.539957	2.736843	4.410728	17.484503	5.151686	-17.484503	23.722846	-16.841550	-4.764384	16.841550	17.320374	2.119459	
47	6.599231	2.443610	4.400029	11.858245	5.319272	-11.858245	15.933214	-16.625018	-2.582517	16.625018	19.530562	2.108222	
48	6.601237	2.177642	4.383933	3.384821	5.541270	-3.384821	8.178521	-17.332778	-0.202329	17.332778	21.625067	2.101929	
49	6.540603	1.937095	4.362513	-7.234227	5.789024	7.234227	0.873727	-18.966872	2.241093	18.966872	23.519929	2.101289	
50	6.421665	1.716869	4.336105	-19.256649	6.021514	19.256649	-5.634098	-21.470974	4.632090	21.470974	25.152761	2.106855	
51	6.252161	1.511841	4.305180	-32.018280	6.194420	32.018280	-11.110764	-24.743058	6.885397	24.743058	26.481714	2.119014	
52	6.040664	1.319080	4.270284	-45.027884	6.280953	45.027884	-15.515636	-28.580325	8.927920	28.580325	27.478122	2.137965	
53	5.799041	1.134132	4.232008	-57.976894	6.268885	57.976894	-18.993115	-32.737961	10.706206	32.737961	28.130825	2.163667	
54	5.539985	0.949303	4.190993	-70.708720	6.144794	70.708720	-21.748465	-37.044958	12.207143	37.044958	28.445613	2.195839	
55	5.271784	0.754650	4.147937	-83.160838	5.893543	83.160838	-23.981645	-41.400691	13.457903	41.400691	28.431352	2.234016	
56	4.996937	0.540470	4.103614	-95.331042	5.507185	95.331042	-25.875739	-45.719889	14.501639	45.719889	28.091171	2.277575	
57	4.714310	0.302176	4.058841	-107.261003	4.987990	107.261003	-27.542653	-49.937501	15.362433	49.937501	27.424092	2.325771	
58	4.422866	0.041259	4.014430	-118.998202	4.348115	118.998202	-29.010325	-54.015096	16.044340	54.015096	26.441012	2.377786	
59	4.124959	-0.236370	3.971110	-130.592277	3.613110	130.592277	-30.240354	-57.915826	16.562631	57.915826	25.197904	2.432758	
60	3.822997	-0.520856	3.929512	-142.102205	2.810937	142.102205	-31.108908	-61.629811	16.925846	61.629811	23.773174	2.489836	
61	3.514417	-0.802836	3.890162	-153.507257	1.952360	153.507257	-31.477931	-65.186159	17.098455	65.186159	22.198714	2.548188	
62	3.196741	-1.077568	3.853484	-164.610196	1.042781	164.610196	-31.331842	-68.570805	17.038567	68.570805	20.480360	2.606918	
63	2.875471	-1.344106	3.819793	-175.069051	0.110330	175.069051	-30.828480	-71.666139	16.760500	71.666139	18.678575	2.665064	
64	2.562590	-1.603871	3.789292	-184.498692	-0.793202	184.498692	-30.210879	-74.301611	16.336001	74.301611	16.920708	2.721699	
65	2.269898	-1.857521	3.762038	-192.533577	-1.613853	192.533577	-29.621393	-76.354103	15.843236	76.354103	15.350893	2.776055	
66	2.004704	-2.104412	3.738014	-198.817666	-2.312754	198.817666	-29.061760	-77.772471	15.323612	77.772471	14.076614	2.827595	
67	1.769912	-2.345374	3.717254	-203.025595	-2.869193	203.025595	-28.504717	-78.520633	14.779022	78.520633	13.150402	2.875976	
68	1.569173	-2.578356	3.699895	-205.013153	-3.275313	205.013153	-27.919848	-78.581285	14.192509	78.581285	12.602657	2.920982	
69	1.410300	-2.795014	3.686116	-204.885219	-3.532776	204.885219	-27.271195	-78.014186	13.549490	78.014186	12.468473	2.962563	
70	1.301514	-2.987444	3.676105	-202.860536	-3.650690	202.860536	-26.550247	-76.943518	12.849787	76.943518	12.773516	3.000901	
71	1.246263	-3.154151	3.670067	-199.170973	-3.644499	199.170973	-25.754466	-75.525421	12.104511	75.525421	13.516322	3.036419	
72	1.242560	-3.299087	3.668179	-194.084712	-3.538526	194.084712	-24.879865	-73.952947	11.327126	73.952947	14.672803	3.069753	
73	1.286976	-3.427522	3.670449	-187.938094	-3.364636	187.938094	-23.973763	-72.432170	10.533643	72.432170	16.219099	3.101734	
74	1.377282	-3.542991	3.676645	-181.102991	-3.158695	181.102991	-23.127557	-71.141835	9.744653	71.141835	18.142889	3.133353	
75	1.510812	-3.645390	3.686383	-173.922408	-2.957593	173.922408	-22.406293	-70.218009	8.981813	70.218009	20.432990	3.165696	
76	1.681682	-3.730817	3.699238	-166.622020	-2.788902	166.622020	-21.796661	-69.747401	8.266656	69.747401	23.073194	3.199861	
77	1.879122	-3.796683	3.714782	-159.216981	-2.666475	159.216981	-21.200426	-69.763342	7.616485	69.763342	26.051193	3.236900	
78	2.090129	-3.845955	3.732623	-151.626684	-2.609577	151.626684	-20.529884	-70.246184	7.037523	70.246184	29.362338	3.277798	
79	2.302690	-3.884824	3.752355	-143.876943	-2.657153	143.876943	-19.795629	-71.128158	6.523796	71.128158	32.993605	3.323434	
80	2.504723	-3.919120	3.773445	-136.086181	-2.850138	136.086181	-19.034115	-72.306709	6.052458	72.306709	36.915966	3.374511	
81	2.684220	-3.952680	3.795228	-128.403771	-3.209725	128.403771	-18.219647	-73.664914	5.581159	73.664914	41.093984	3.431498	
82	2.831052	-3.987524	3.816964	-120.960751	-3.735207	120.960751	-17.263971	-75.078960	5.051747	75.078960	45.483419	3.494601	
83	2.937480	-4.024591	3.837896	-113.764321	-4.412060	113.764321	-16.050860	-76.399234	4.395255	76.399234	50.018617	3.563741	
84	3.000038	-4.062099	3.857227	-106.770836	-5.219415	106.770836	-14.502938	-77.468097	3.550209	77.468097	54.610623	3.638537	
85	3.020691	-4.095921	3.874140	-100.056985	-6.135181	100.056985	-12.628965	-78.202843	2.481524	78.202843	59.159343	3.718362	
86	3.004092	-4.123098	3.887886	-93.795799	-7.137700	93.795799	-10.494831	-78.622267	1.183724	78.622267	63.548308	3.802459	
87	2.954547	-4.139861	3.897849	-88.169109	-8.194846	88.169109	-8.163177	-78.774176	-0.321140	78.774176	67.623905	3.889997	
88	2.875476	-4.137171	3.903626	-83.358731	-9.246332	83.358731	-5.668479	-78.686837	-1.990165	78.686837	71.212317	3.980043	
89	2.771289	-4.103806	3.905144	-79.489602	-10.209545	79.489602	-3.056403	-78.382999	-3.761471	78.382999	74.170445	4.071551	
90	2.649435	-4.037299	3.902687	-76.543692	-11.025718	76.543692	-0.418245	-77.865940	-5.562390	77.865940	76.451251	4.163410	
91	2.517961	-3.950829	3.896880	-74.374078	-11.701453	74.374078	2.157844	-77.076902	-7.352030	77.076902	78.132491	4.254589	
92	2.381622	-3.863914	3.888667	-72.768401	-12.293263	72.768401	4.623918	-75.918041	-9.137714	75.918041	79.331848	4.344244	
93	2.243103	-3.787607	3.879208	-71.459664	-12.865870	71.459664	6.948339	-74.318234	-10.932682	74.318234	80.119432	4.431740	
94	2.106666	-3.722331	3.869737	-70.151296	-13.479653	70.151296	9.101417	-72.267498	-12.731541	72.267498	80.560676	4.516654	
95	1.977873	-3.666446	3.861537	-68.550278	-14.208135	68.550278	11.056524	-69.792294	-14.521933	69.792294	80.750350	4.598799	
96	1.860396	-3.622129	3.855913	-66.244766	-15.147483	66.244766	12.828468	-66.900071	-16.296034	66.900071	80.758138	4.678192	
97	1.755765	-3.590503	3.853923	-62.651463	-16.385270	62.651463	14.516482	-63.609045	-18.049523	63.609045	80.614225	4.755002	
98	1.664499	-3.565621	3.856071	-57.263792	-17.957797	57.263792	16.258783	-60.011758	-19.768464	60.011758	80.316304	4.829497	
99	1.584638	-3.539632	3.862316	-49.841974	-19.865004	49.841974	18.172013	-56.208658	-21.434356	56.208658	79.829307	4.901957	
100	1.511795	-3.507906	3.872299	-40.351867	-22.110479	40.351867	20.351298	-52.230267	-23.035221	52.230267	79.115309	4.972576	
101	1.442337	-3.466233	3.885539	-28.904141	-24.699361	28.904141	22.862748	-48.092880	-24.544732	48.092880	78.139309	5.041432	
102	1.374185	-3.411636	3.901462	-15.786111	-27.628851	15.786111	25.745581	-43.871532	-25.923087	43.871532	76.876733	5.108505	
103	1.304460	-3.342871	3.919393	-1.383362	-30.869652	1.383362	29.011039	-39.673299	-27.123338	39.673299	75.282159	5.173724	
104	1.228751	-3.256225	3.938681	14.037241	-34.350600	-14.037241	32.579409	-35.524683	-28.052363	35.524683	73.205852	5.236944	
105	1.142285	-3.150316	3.958839	30.321576	-38.025865	-30.321576	36.312697	-31.324803	-28.582713	31.324803	70.441872	5.297735	
106	1.039940	-3.030664	3.979504	47.165843	-41.909033	-47.165843	40.113399	-26.956798	-28.601537	26.956798	66.807174	5.355278	
107	0.917409	-2.902351	4.000363	63.936481	-45.992637	-63.936481	43.887532	-22.403014	-28.017161	22.403014	62.156607	5.408536	
108	0.773852	-2.766691	4.021167	79.728257	-50.209221	-79.728257	47.496536	-17.733973	-26.775208	17.733973	56.445484	5.456451	
109	0.610325	-2.625392	4.041724	93.691775	-54.466957	-93.691775	50.808721	-13.012456	-24.869187	13.012456	49.722780	5.498022	
110	0.426076	-2.484787	4.061806	105.309310	-58.743110	-105.309310	53.781269	-8.222238	-22.324764	8.222238	42.054716	5.532338	
111	0.221338	-2.348310	4.081124	114.117360	-63.138552	-114.117360	56.307024	-3.325095	-19.126281	3.325095	33.438684	5.558603	
112	0.003126	-2.198681	4.099418	119.407367	-67.713337	-119.407367	57.857557	1.638866	-15.085014	-1.638866	23.677676	5.576114	
113	-0.218542	-2.000388	4.116501	120.640580	-72.343978	-120.640580	57.529568	6.609118	-9.854356	-6.609118	12.403620	5.584052	
114	-0.436170	-1.720115	4.132188	117.838839	-76.867081	-117.838839	54.483556	11.538396	-3.100796	-11.538396	-0.693324	5.581237	
115	-0.640588	-1.345630	4.146268	111.487397	-81.374570	-111.487397	48.505134	16.200924	5.346389	-16.200924	-15.604309	5.566206	
116	-0.818000	-0.887240	4.158561	102.349074	-86.305632	-102.349074	40.150361	20.122157	15.512872	-20.122157	-32.037313	5.537686	
117	-0.953790	-0.351265	4.168934	91.265042	-92.145744	-91.265042	29.962618	22.793473	27.498685	-22.793473	-49.807025	5.494920	
118	-1.037939	0.270752	4.177253	78.984645	-99.247480	-78.984645	18.071241	23.822081	41.546682	-23.822081	-68.973784	5.437493	
119	-1.066051	0.986498	4.183289	65.962484	-108.040965	-65.962484	4.641221	22.843284	57.906332	-22.843284	-89.643528	5.364999	
120	-1.032446	1.800560	4.186700	52.304596	-119.115290	-52.304596	-9.962139	19.371905	76.821767	-19.371905	-111.894982	5.276894	
121	-0.925901	2.720177	4.187202	37.959302	-133.022934	-37.959302	-25.268878	12.773610	98.550264	-12.773610	-135.790169	5.172510	
122	-0.733596	3.752146	4.184735	22.845834	-150.098466	-22.845834	-40.639804	2.338214	123.229637	-2.338214	-161.267380	5.051166	
123	-0.443023	4.896072	4.179431	6.883407	-170.425841	-6.883407	-55.127008	-12.661927	150.713896	12.661927	-188.001324	4.912322	
124	-0.041734	6.142119	4.171532	-10.029150	-193.881037	10.029150	-67.472396	-32.920579	180.530609	32.920579	-215.420312	4.755703	
125	0.478850	7.471347	4.161390	-27.894370	-220.186398	27.894370	-76.162508	-59.010009	211.961707	59.010009	-242.876407	4.581416	
126	1.122192	8.859417	4.149497	-46.580450	-248.995919	46.580450	-79.513218	-91.348835	244.192030	91.348835	-269.821442	4.390012	
127	1.882920	10.276855	4.136503	-66.138305	-279.929569	66.138305	-75.793965	-130.141280	276.262778	130.141280	-295.720100	4.182492	
128	2.737917	11.681794	4.123163	-86.832177	-312.485841	86.832177	-63.339248	-175.208180	306.914440	175.208180	-319.839984	3.960341	
129	3.655322	13.027962	4.110196	-108.857750	-345.952432	108.857750	-40.966338	-226.038437	334.840809	226.038437	-341.436597	3.725600	
130	4.606959	14.274386	4.098217	-132.390196	-379.447867	132.390196	-8.289329	-281.879363	358.920656	281.879363	-359.919768	3.480994	
131	5.562212	15.379408	4.087710	-157.926575	-412.170411	157.926575	34.442167	-341.589750	378.119810	341.589750	-374.725773	3.230154	
132	6.486089	16.301385	4.078953	-186.333434	-443.615756	186.333434	86.423142	-403.714537	391.591752	403.714537	-385.393249	2.977802	
133	7.344952	17.006913	4.071917	-218.377470	-473.335635	218.377470	146.068450	-466.669890	398.889443	466.669890	-391.731887	2.729728	
134	8.114351	17.476364	4.066222	-254.598533	-500.774038	254.598533	211.003909	-528.887625	400.083597	528.887625	-393.902019	2.492689	
135	8.783987	17.702511	4.061186	-295.620979	-525.520726	295.620979	278.523569	-588.990123	395.728263	588.990123	-392.371921	2.274333	
136	9.348711	17.683839	4.055899	-341.944613	-547.297935	341.944613	345.888187	-645.672372	386.632564	645.672372	-387.689615	2.082996	
137	9.805551	17.427084	4.049230	-393.662012	-565.911568	393.662012	410.469070	-697.762364	373.799982	697.762364	-380.445744	1.927043	
138	10.161479	16.953359	4.039870	-450.675781	-581.490798	450.675781	470.150541	-744.630352	358.485853	744.630352	-371.402143	1.813619	
139	10.432216	16.294138	4.026484	-512.761178	-594.451776	512.761178	523.527299	-786.217699	342.070804	786.217699	-361.434766	1.746969	
140	10.634497	15.483762	4.007859	-579.387807	-605.131462	579.387807	569.650559	-822.689773	325.849821	822.689773	-351.361264	1.727015	
141	10.783384	14.558749	3.983004	-649.721029	-613.607787	649.721029	607.817346	-854.296257	310.931914	854.296257	-341.874769	1.749218	
142	10.894586	13.562554	3.951194	-722.690373	-619.855775	722.690373	637.661951	-881.611525	298.301022	881.611525	-333.649953	1.806042	
143	10.983081	12.547169	3.911956	-796.907197	-623.872448	796.907197	659.210590	-905.711708	288.836346	905.711708	-327.388079	1.889294	
144	11.056547	11.569100	3.864992	-870.534528	-625.614791	870.534528	672.746805	-927.961365	283.184867	927.961365	-323.676382	1.992183	
145	11.116932	10.686366	3.810186	-941.461141	-624.996810	941.461141	678.698530	-949.824701	281.725457	949.824701	-322.950580	2.110386	
146	11.175523	9.959699	3.747621	-1007.666802	-622.064944	1007.666802	677.635256	-973.163275	284.785243	973.163275	-325.732038	2.242230	
147	11.253449	9.445966	3.677517	-1067.096732	-617.042304	1067.096732	670.170158	-1000.140493	292.736600	1000.140493	-332.659097	2.388345	
148	11.362361	9.186134	3.600141	-1117.299684	-610.121334	1117.299684	656.676150	-1032.328546	305.775509	1032.328546	-344.131826	2.550923	
149	11.504543	9.207638	3.515738	-1155.824969	-601.490903	1155.824969	637.245951	-1070.623212	323.886980	1070.623212	-360.245281	2.733044	
150	11.690594	9.528537	3.424516	-1181.127138	-591.637606	1181.127138	612.050503	-1116.021905	347.055524	1116.021905	-381.046864	2.938374	
151	11.942403	10.150445	3.326650	-1192.846968	-581.411141	1192.846968	581.635068	-1169.723533	375.319876	1169.723533	-406.600278	3.170744	
152	12.281122	11.056275	3.222308	-1191.462414	-571.820156	1191.462414	546.924563	-1232.612830	408.632021	1232.612830	-436.823566	3.433463	
153	12.718327	12.215543	3.111725	-1178.055243	-563.791146	1178.055243	509.061191	-1304.904835	446.665556	1304.904835	-471.300927	3.728824	
154	13.257959	13.588735	2.995274	-1154.044066	-557.861731	1154.044066	469.076892	-1385.952331	488.735885	1385.952331	-509.247326	4.057892	
155	13.896045	15.126623	2.873478	-1120.806521	-554.111252	1120.806521	427.857970	-1474.191691	533.759838	1474.191691	-549.494346	4.420426	
156	14.617797	16.772069	2.746955	-1079.623417	-552.480588	1079.623417	386.502067	-1567.579204	580.283651	1567.579204	-590.492121	4.815010	
157	15.407755	18.475780	2.616400	-1031.762452	-552.817170	1031.762452	346.070436	-1664.142755	626.841632	1664.142755	-630.667867	5.239356	
158	16.258627	20.210229	2.482625	-978.443821	-554.696759	978.443821	307.070900	-1762.030912	672.282717	1762.030912	-668.792348	5.690490	
159	17.159182	21.963911	2.346601	-920.630700	-557.492316	920.630700	269.610835	-1859.062939	715.505238	1859.062939	-703.710505	6.164763	
160	18.085426	23.724511	2.209471	-859.241583	-560.449338	859.241583	233.811624	-1952.216731	755.021909	1952.216731	-733.957187	6.657918	
161	19.016191	25.473124	2.072536	-796.110605	-562.841163	796.110605	200.122012	-2038.083377	789.158320	2038.083377	-758.158171	7.165236	
162	19.939452	27.194183	1.937132	-734.017938	-564.152047	734.017938	169.353160	-2113.550943	816.347902	2113.550943	-775.415126	7.681600	
163	20.832827	28.874303	1.804545	-675.398746	-563.827116	675.398746	142.428130	-2175.155441	834.704754	2175.155441	-784.763383	8.201485	
164	21.655969	30.488953	1.676080	-621.719540	-560.958461	621.719540	120.258595	-2218.484136	841.735080	2218.484136	-784.843197	8.719125	
165	22.366408	32.001391	1.553073	-573.688993	-554.362320	573.688993	103.737510	-2239.033514	834.892574	2239.033514	-774.478442	9.228948	
166	22.938038	33.371450	1.436661	-531.191729	-542.841116	531.191729	93.677227	-2233.738049	812.402779	2233.738049	-753.409376	9.726098	
167	23.371777	34.562024	1.327562	-493.121385	-525.349828	493.121385	90.675565	-2201.872172	773.816237	2201.872172	-722.684770	10.206700	
168	23.686184	35.540413	1.226155	-457.309194	-501.119120	457.309194	95.069096	-2144.712917	719.898463	2144.712917	-684.258655	10.667933	
169	23.905920	36.286619	1.132630	-420.959003	-469.878872	420.959003	106.985704	-2064.960204	652.332261	2064.960204	-640.392302	11.108215	
170	24.081872	36.809500	1.047008	-382.212845	-432.043954	382.212845	126.429078	-1966.779048	573.960593	1966.779048	-594.210484	11.527185	
171	24.298438	37.142987	0.969249	-341.225171	-388.828440	341.225171	153.747694	-1855.529714	488.402315	1855.529714	-549.905080	11.925115	
172	24.638758	37.326902	0.899527	-299.668874	-342.307990	299.668874	190.210604	-1736.869263	398.753848	1736.869263	-511.381454	12.302442	
173	25.163341	37.396945	0.838498	-260.109999	-295.187668	260.109999	238.004406	-1616.139414	306.974145	1616.139414	-481.417939	12.659878	
174	25.905585	37.376393	0.787550	-225.750700	-250.437052	225.750700	300.018911	-1498.270160	213.944985	1498.270160	-461.631662	12.998595	
175	26.853739	37.264238	0.748590	-199.995432	-210.985961	199.995432	379.607017	-1387.768523	119.583293	1387.768523	-452.065940	13.320370	
176	27.945701	37.032591	0.723004	-185.699080	-179.017254	185.699080	479.466593	-1288.222434	23.465834	1288.222434	-451.307321	13.627522	
177	29.084033	36.630732	0.710763	-184.161541	-154.970719	184.161541	599.715708	-1201.202433	-74.176038	1201.202433	-457.416760	13.921989	
178	30.154933	35.985728	0.710557	-193.688704	-136.689909	193.688704	735.645100	-1124.809110	-171.532749	1124.809110	-469.085124	14.203315	
179	31.057657	35.002457	0.720314	-207.436962	-118.990542	207.436962	875.627179	-1052.215911	-264.458687	1052.215911	-487.169889	14.465639	
180	31.728710	33.571735	0.737645	-211.242898	-94.535078	211.242898	1000.964931	-971.151864	-346.455371	971.151864	-515.492662	14.694109	
181	32.155554	31.599617	0.760493	-182.923004	-56.201701	182.923004	1089.217759	-865.274364	-410.065570	865.274364	-559.539899	14.862297	
182	32.381787	29.056916	0.787600	-95.305063	-0.381654	95.305063	1121.691459	-719.103603	-449.927168	719.103603	-621.821345	14.933378	
183	32.455605	26.021170	0.818309	72.968859	69.620031	-72.968859	1093.656313	-528.129532	-466.042158	528.129532	-692.522234	14.869077	
184	32.336816	22.679402	0.852176	318.721973	142.931067	-318.721973	1020.074902	-309.237889	-463.810389	309.237889	-741.717541	14.648138	
185	31.892163	19.276831	0.888827	601.880516	205.842068	-601.880516	929.260877	-99.364561	-450.068860	99.364561	-727.200828	14.287123	
186	31.030718	16.035017	0.927893	857.820712	248.808885	-857.820712	849.083017	62.312700	-429.908590	-62.312700	-619.172184	13.848504	
187	29.840071	13.080281	0.968921	1027.808294	269.351490	-1027.808294	798.008064	154.714922	-407.576308	-154.714922	-420.083501	13.426472	
188	28.568302	10.389042	1.011341	1079.625415	269.422814	-1079.625415	783.477380	180.445969	-387.960161	-180.445969	-161.385072	13.116858	
189	27.478811	7.761857	1.054540	1005.722220	250.903285	-1005.722220	802.628934	156.654336	-375.675483	-156.654336	115.244414	12.987044	
190	26.713483	4.899843	1.097900	813.049511	212.725387	-813.049511	845.887041	104.948348	-374.398164	-104.948348	373.584305	13.057824	
191	26.225195	1.621678	1.140790	523.796553	152.157482	-523.796553	904.171688	50.820953	-388.213890	-50.820953	587.158447	13.299797	
192	25.765794	-1.918847	1.182510	188.589240	71.017915	-188.589240	971.683067	28.173558	-420.555666	-28.173558	736.912651	13.642125	
193	24.931573	-5.246608	1.222293	-109.209847	-18.022294	109.209847	1037.683027	73.861894	-466.055636	-73.861894	809.483557	13.992225	
194	23.298253	-7.869296	1.259474	-278.835299	-93.484630	278.835299	1076.895395	207.363799	-502.741239	-207.363799	798.457522	14.261996	
195	20.605626	-9.612312	1.293591	-265.688711	-136.564497	265.688711	1055.803681	413.669320	-499.449255	-413.669320	708.000783	14.389919	
196	16.867793	-10.681673	1.324276	-76.837780	-141.660927	76.837780	953.355615	649.076516	-436.299249	-649.076516	555.362737	14.349669	
197	12.357371	-11.476213	1.351128	231.208026	-116.829126	-231.208026	775.817381	864.404829	-318.189089	-864.404829	368.227878	14.146170	
198	7.494811	-12.354835	1.373723	585.654636	-76.175955	-585.654636	553.061100	1025.571969	-169.997376	-1025.571969	177.348677	13.806429	
199	2.707628	-13.501453	1.391773	923.579712	-31.949451	-923.579712	322.649706	1120.606261	-21.745811	-1120.606261	8.660419	13.370044	
200	-1.657296	-14.916034	1.405243	1201.854151	8.898642	-1201.854151	116.182032	1155.684303	102.698547	-1155.684303	-120.977062	12.880716	
201	-5.348845	-16.471210	1.414307	1397.356476	44.123910	-1397.356476	-45.897136	1147.387322	189.182822	-1147.387322	-203.997159	12.379345	
202	-8.202985	-17.981079	1.419280	1503.661823	74.117072	-1503.661823	-154.367453	1115.544057	232.586408	-1115.544057	-240.634697	11.899078	
203	-10.138502	-19.263717	1.420621	1526.959195	99.956001	-1526.959195	-209.100812	1077.970800	234.850260	-1077.970800	-236.964846	11.462473	
204	-11.141924	-20.175488	1.418926	1482.580367	122.099731	-1482.580367	-215.347142	1047.741500	202.506046	-1047.741500	-202.559838	11.080727	
205	-11.242575	-20.612075	1.414845	1391.799585	139.877799	-1391.799585	-180.534849	1032.382994	144.469659	-1032.382994	-148.261220	10.754520	
206	-10.505586	-20.508744	1.408959	1278.415072	151.550245	-1278.415072	-112.672898	1033.422546	70.361012	-1033.422546	-84.520009	10.476279	
207	-9.040597	-19.853210	1.401678	1165.787165	154.724659	-1165.787165	-19.644186	1046.736970	-10.857020	-1046.736970	-20.250536	10.233770	
208	-7.003647	-18.686780	1.393256	1074.292500	147.183462	-1074.292500	90.176039	1064.673333	-91.624934	-1064.673333	37.954475	10.013993	
209	-4.585200	-17.083981	1.383849	1019.005469	127.927825	-1019.005469	206.449170	1078.924086	-165.991818	-1078.924086	86.331619	9.806259	
210	-1.982156	-15.125620	1.373590	1007.866465	98.015808	-1007.866465	316.188468	1082.852018	-229.341755	-1082.852018	123.885247	9.604243	
211	0.629005	-12.881546	1.362780	1040.462354	60.843641	-1040.462354	404.267056	1072.887980	-277.717505	-1072.887980	151.541770	9.406802	
212	3.093888	-10.406569	1.351966	1108.488921	21.745156	-1108.488921	454.761398	1049.480392	-307.546979	-1049.480392	170.937664	9.217280	
213	5.266704	-7.753883	1.341735	1198.033899	-12.994628	-1198.033899	454.050391	1017.289170	-316.337870	-1017.289170	183.366315	9.041259	
214	7.004931	-5.010826	1.332479	1292.124180	-37.607336	-1292.124180	396.625091	983.296699	-304.209741	-983.296699	189.323626	8.883440	
215	8.182077	-2.323373	1.324328	1373.400467	-48.384117	-1373.400467	289.666014	953.722874	-274.956252	-953.722874	188.731298	8.745257	
216	8.715640	0.128151	1.317248	1427.637045	-44.543886	-1427.637045	151.320389	931.974431	-235.235636	-931.974431	181.433738	8.624149	
217	8.598980	2.178813	1.311196	1446.623964	-28.049912	-1446.623964	4.073332	918.059373	-192.384642	-918.059373	167.725638	8.514257	
218	7.917216	3.713132	1.306114	1428.605627	-2.634622	-1428.605627	-132.083648	909.230203	-152.290859	-909.230203	148.752501	8.408145	
219	6.826392	4.681061	1.301912	1377.279493	27.491172	-1377.279493	-244.297873	901.795465	-118.267677	-901.795465	126.475404	8.298864	
220	5.507221	5.105401	1.298521	1300.563312	58.726490	-1300.563312	-328.447384	892.940426	-91.140047	-892.940426	103.164263	8.181270	
221	4.128171	5.072649	1.295872	1208.455169	88.445034	-1208.455169	-386.988003	881.153934	-70.141360	-881.153934	80.812367	8.052211	
222	2.833734	4.698767	1.293877	1110.451823	114.643829	-1110.451823	-424.374710	865.460514	-54.035157	-865.460514	60.902054	7.910158	
223	1.744714	4.099100	1.292489	1014.369285	135.530333	-1014.369285	-443.763134	844.733476	-41.887489	-844.733476	44.434743	7.754993	
224	0.953880	3.389781	1.291680	926.229512	149.512880	-926.229512	-446.687242	817.642740	-33.246961	-817.642740	31.939131	7.588062	
225	0.519776	2.682410	1.291377	849.858779	155.427888	-849.858779	-433.802006	783.093070	-28.027651	-783.093070	23.562686	7.412277	
226	0.462570	2.055677	1.291488	786.783220	152.752466	-786.783220	-405.543005	740.941677	-26.291287	-740.941677	19.207428	7.232114	
227	0.760690	1.547032	1.291959	736.831059	141.779990	-736.831059	-363.054183	692.347559	-27.919869	-692.347559	18.518071	7.053304	
228	1.354154	1.166576	1.292736	698.620029	123.710670	-698.620029	-308.944983	639.474248	-32.378121	-639.474248	20.870356	6.882094	
229	2.152858	0.904759	1.293664	670.011481	100.572543	-670.011481	-247.317261	585.078637	-38.682960	-585.078637	25.445663	6.724353	
230	3.044941	0.735021	1.294413	648.805629	75.041232	-648.805629	-183.425319	532.227897	-45.498984	-532.227897	31.299502	6.584734	
231	3.913220	0.626470	1.294572	632.908982	50.095552	-632.908982	-123.114646	483.794017	-51.366836	-483.794017	37.451868	6.465959	
232	4.660037	0.560976	1.293776	619.818699	28.354923	-619.818699	-71.576047	441.668758	-55.064533	-441.668758	43.035177	6.368443	
233	5.220521	0.534123	1.291710	606.514759	11.607054	-606.514759	-32.312107	406.513902	-55.869844	-406.513902	47.368346	6.290528	
234	5.559799	0.547297	1.288134	590.101885	0.839284	-590.101885	-7.145736	378.177230	-53.592702	-378.177230	49.926823	6.229038	
235	5.671205	0.601922	1.283019	568.595170	-3.781072	-568.595170	3.825490	355.958038	-48.538779	-355.958038	50.376493	6.179890	
236	5.573268	0.691338	1.276627	541.380751	-2.910280	-541.380751	2.248273	338.794819	-41.383176	-338.794819	48.625215	6.138721	
237	5.295036	0.799644	1.269418	509.044416	2.365106	-509.044416	-9.361688	325.631804	-32.875589	-325.631804	44.733015	6.101464	
238	4.863331	0.902569	1.261953	473.005101	10.853608	-473.005101	-28.362762	315.612272	-23.610611	-315.612272	38.813200	6.064647	
239	4.310831	0.969203	1.254792	435.209290	21.195861	-435.209290	-51.832425	307.858733	-14.073540	-307.858733	31.141489	6.025489	
240	3.684560	0.979222	1.248352	397.417931	31.947324	-397.417931	-76.703248	301.243368	-4.727150	-301.243368	22.251581	5.981878	
241	3.027531	0.929000	1.242839	360.681366	42.057749	-360.681366	-100.797539	294.792226	4.137481	-294.792226	12.700158	5.932297	
242	2.363132	0.817331	1.238275	325.540307	51.059558	-325.540307	-123.229271	288.070288	12.505698	-288.070288	2.846535	5.875646	
243	1.707244	0.642982	1.234538	292.288439	58.730169	-292.288439	-143.550376	280.837785	20.445886	-280.837785	-7.016030	5.811098	
244	1.080995	0.413396	1.231412	261.059921	64.864109	-261.059921	-161.150217	272.749074	27.908024	-272.749074	-16.500723	5.738217	
245	0.506567	0.145311	1.228644	231.914899	69.339330	-231.914899	-175.458520	263.495624	34.752325	-263.495624	-25.200960	5.657139	
246	-0.001910	-0.144348	1.225965	204.930480	72.198995	-204.930480	-186.253894	253.002762	40.878947	-253.002762	-32.845157	5.568494	
247	-0.441377	-0.447480	1.223146	180.309526	73.639860	-180.309526	-193.745611	241.497282	46.268544	-241.497282	-39.339234	5.473180	
248	-0.816177	-0.766906	1.220024	158.374775	73.933658	-158.374775	-198.432458	229.396960	50.928441	-229.396960	-44.699940	5.372192	
249	-1.133900	-1.106999	1.216399	139.366397	73.328016	-139.366397	-200.814828	217.076153	54.842568	-217.076153	-48.990205	5.266574	
250	-1.404734	-1.462777	1.211957	123.269547	71.979566	-123.269547	-201.154056	204.744290	57.970193	-204.744290	-52.295780	5.157378	
251	-1.640130	-1.823883	1.206363	109.858521	70.006009	-109.858521	-199.608389	192.553460	60.296157	-192.553460	-54.729624	5.045622	
252	-1.852430	-2.188539	1.199324	98.842416	67.550686	-98.842416	-196.459779	180.667753	61.901714	-180.667753	-56.465889	4.932212	
253	-2.057546	-2.569605	1.190552	90.028120	64.744189	-90.028120	-192.031772	169.196248	62.968931	-169.196248	-57.744906	4.817734	
254	-2.268411	-2.968452	1.179818	83.213917	61.759573	-83.213917	-186.729182	158.289070	63.628554	-158.289070	-58.736474	4.702372	
255	-2.489185	-3.355556	1.167062	77.856253	58.894287	-77.856253	-181.226698	148.260928	63.895316	-148.260928	-59.475777	4.586206	
256	-2.726023	-3.705448	1.152411	73.229773	56.433304	-73.229773	-176.286348	139.392156	63.855860	-139.392156	-60.036960	4.469451	
257	-2.990338	-4.023286	1.136106	68.851842	54.499021	-68.851842	-172.363794	131.696911	63.714237	-131.696911	-60.585740	4.352240	
258	-3.288253	-4.322095	1.118448	64.512036	53.094681	-64.512036	-169.547308	125.025850	63.613158	-125.025850	-61.230009	4.234413	
259	-3.618066	-4.600097	1.099800	60.075744	52.196916	-60.075744	-167.795976	119.271461	63.567538	-119.271461	-61.961649	4.115643	
260	-3.975533	-4.848936	1.080580	55.408640	51.779700	-55.408640	-167.075590	114.362011	63.553115	-114.362011	-62.732933	3.995603	
261	-4.355377	-5.068269	1.061199	50.452192	51.794036	-50.452192	-167.275632	110.163249	63.551551	-110.163249	-63.502284	3.873973	
262	-4.750139	-5.264898	1.041986	45.264883	52.154405	-45.264883	-168.155273	106.496521	63.523204	-106.496521	-64.216863	3.750426	
263	-5.151818	-5.447055	1.023160	39.958728	52.762331	-39.958728	-169.433046	103.200057	63.410823	-103.200057	-64.818388	3.624663	
264	-5.553497	-5.620307	1.004810	34.616717	53.527394	-34.616717	-170.811939	100.111084	63.152904	-100.111084	-65.253552	3.496485	
265	-5.949332	-5.783481	0.986882	29.300461	54.346642	-29.300461	-171.932691	97.053977	62.683893	-97.053977	-65.462878	3.365804	
266	-6.331804	-5.930299	0.969245	24.138003	55.072480	-24.138003	-172.383593	93.883889	61.925117	-93.883889	-65.360145	3.232615	
267	-6.688837	-6.055736	0.951778	19.304458	55.536124	-19.304458	-171.759533	90.488539	60.779841	-90.488539	-64.834729	3.097039	
268	-7.007718	-6.156085	0.934411	14.895658	55.627119	-14.895658	-169.777021	86.780033	59.171660	-86.780033	-63.800434	2.959383	
269	-7.277882	-6.222627	0.917143	10.872232	55.318914	-10.872232	-166.338137	82.711243	57.069205	-82.711243	-62.211749	2.820091	
270	-7.486030	-6.242000	0.900022	7.143359	54.592107	-7.143359	-161.411778	78.242574	54.460320	-78.242574	-60.027294	2.679765	
271	-7.614010	-6.204305	0.883106	3.714874	53.371862	-3.714874	-154.908310	73.318573	51.340226	-73.318573	-57.207807	2.539292	
272	-7.643478	-6.104932	0.866454	0.663414	51.573916	-0.663414	-146.750483	67.905394	47.731143	-67.905394	-53.754302	2.399884	
273	-7.557175	-5.938112	0.850155	-1.993869	49.153469	1.993869	-136.955198	62.001354	43.681918	-62.001354	-49.709362	2.263010	
274	-7.334526	-5.695380	0.834351	-4.210537	46.068443	4.210537	-125.544138	55.620620	39.242724	-55.620620	-45.120747	2.130360	
275	-6.951790	-5.369083	0.819231	-5.820663	42.265618	5.820663	-112.501948	48.804149	34.462324	-48.804149	-40.035258	2.003868	
276	-6.387639	-4.951242	0.805058	-6.664266	37.724920	6.664266	-97.893981	41.640972	29.406276	-41.640972	-34.517676	1.885697	
277	-5.625452	-4.430314	0.792190	-6.698811	32.476839	6.698811	-81.928662	34.256905	24.155558	-34.256905	-28.646274	1.778180	
278	-4.651907	-3.792829	0.781093	-5.970230	26.584044	5.970230	-64.870050	26.769119	18.781514	-26.769119	-22.490811	1.683819	
279	-3.458668	-3.031334	0.772347	-4.504135	20.111106	4.504135	-46.885089	19.248793	13.318748	-19.248793	-16.095752	1.605305	
280	-2.050593	-2.150671	0.766622	-2.267126	13.112290	2.267126	-27.980349	11.713682	7.754375	-11.713682	-9.474735	1.545402	
281	-0.455663	-1.167118	0.764643	0.702127	5.656427	-0.702127	-8.096275	4.129784	2.035791	-4.129784	-2.615273	1.506710	
282	1.270315	-0.113402	0.767081	4.208922	-2.153823	-4.208922	12.814365	-3.589729	-3.916586	3.589729	4.513039	1.491446	
283	3.041043	0.950791	0.774380	7.993161	-10.173640	-7.993161	34.730054	-11.543060	-10.163117	11.543060	11.920450	1.501150	
284	4.724971	1.937927	0.786661	11.742953	-18.107435	-11.742953	57.141148	-19.662702	-16.590758	19.662702	19.445222	1.536130	
285	6.148781	2.746846	0.803572	15.021738	-25.384541	-15.021738	78.555872	-27.515552	-22.771512	27.515552	26.595250	1.594179	
286	7.030123	3.217931	0.824340	17.223936	-30.659835	-17.223936	95.090243	-33.695520	-27.563226	33.695520	32.027833	1.670617	
287	7.241499	3.282623	0.846723	18.211896	-32.930276	-18.211896	103.434244	-36.836359	-29.962448	36.836359	34.565993	1.753075	
