kww	// User ID
24-6-2021	// Evaluation date
p24_warmup_007	24-6-2021	19:04:01:955	// Source file name and timestamp
357.143	// Sampling rate
0.917	// Data capture period

1.910000	// height
85.500000	// mass


Sample #	elbVar	shldrIR	LwristLinVelo	thorJFPd	thorSTPd	UaJFPp	UaSTPp	UaJFPd	UaSTPd	FaJFPp	FaSTPp	RwristLinVelo	
0	0.969791	-0.832598	2.013915	14.249407	3.960382	-14.249407	-1.353668	-2.171611	12.904229	2.171611	-27.843029	1.745593	
1	0.926958	-0.899961	2.021787	14.412596	4.022546	-14.412596	-1.999952	-1.798839	13.292906	1.798839	-28.170596	1.749995	
2	0.935298	-0.953018	2.026323	14.746939	4.147958	-14.746939	-2.801725	-1.376903	13.854505	1.376903	-28.963477	1.751260	
3	0.719420	-1.064628	2.029144	14.548325	4.024056	-14.548325	-2.860973	-1.023445	13.432623	1.023445	-27.398728	1.750806	
4	0.421834	-1.201779	2.033178	14.205593	3.816720	-14.205593	-2.541063	-0.796743	12.631419	0.796743	-25.095717	1.751209	
5	0.062933	-1.357169	2.039931	13.758367	3.551124	-13.758367	-1.856246	-0.716585	11.517512	0.716585	-22.238459	1.753925	
6	-0.312722	-1.512831	2.050472	13.291098	3.267072	-13.291098	-0.874264	-0.783914	10.225263	0.783914	-19.136964	1.760031	
7	-0.670973	-1.651078	2.065385	12.827890	2.981805	-12.827890	0.340654	-0.990019	8.837189	0.990019	-15.951304	1.770200	
8	-0.992160	-1.768678	2.084880	12.411039	2.712670	-12.411039	1.699341	-1.315169	7.480000	1.315169	-12.901178	1.784774	
9	-1.272606	-1.872686	2.108871	12.086227	2.473588	-12.086227	3.144019	-1.739697	6.261098	1.739697	-10.160177	1.803710	
10	-1.506928	-1.961868	2.137068	11.832078	2.266554	-11.832078	4.620803	-2.248613	5.221604	2.248613	-7.799839	1.826666	
11	-1.689132	-2.030887	2.168968	11.585835	2.088231	-11.585835	6.049469	-2.811470	4.361484	2.811470	-5.832308	1.853178	
12	-1.819126	-2.079231	2.203829	11.332388	1.942018	-11.332388	7.367852	-3.385326	3.676219	3.385326	-4.266233	1.882711	
13	-1.901025	-2.108757	2.240755	11.093167	1.824868	-11.093167	8.577497	-3.958830	3.157322	3.958830	-3.103124	1.914628	
14	-1.947705	-2.129172	2.278903	10.929386	1.729961	-10.929386	9.720772	-4.546859	2.808511	4.546859	-2.354862	1.948238	
15	-1.979419	-2.157937	2.317659	10.983130	1.672450	-10.983130	10.847194	-5.148497	2.651731	5.148497	-2.057480	1.982852	
16	-2.010378	-2.205878	2.356607	11.331686	1.668309	-11.331686	11.977543	-5.751286	2.690205	5.751286	-2.215246	2.017769	
17	-2.044671	-2.273409	2.395370	11.858842	1.696850	-11.858842	13.073646	-6.351914	2.887047	6.351914	-2.756034	2.052332	
18	-2.080421	-2.354059	2.433557	12.416287	1.725983	-12.416287	14.077307	-6.947647	3.182579	6.947647	-3.557529	2.086036	
19	-2.121162	-2.446903	2.470813	12.959935	1.749506	-12.959935	14.961048	-7.525906	3.538105	7.525906	-4.524362	2.118540	
20	-2.180896	-2.564582	2.506795	13.471311	1.772736	-13.471311	15.730416	-8.074601	3.946081	8.074601	-5.607053	2.149618	
21	-2.265191	-2.709872	2.541135	13.906670	1.791136	-13.906670	16.401853	-8.582436	4.382142	8.582436	-6.725230	2.179172	
22	-2.364608	-2.867627	2.573486	14.240604	1.798901	-14.240604	16.970346	-9.025192	4.802765	9.025192	-7.771707	2.207271	
23	-2.473741	-3.032912	2.603582	14.511790	1.810409	-14.511790	17.435044	-9.381337	5.204630	9.381337	-8.733783	2.234090	
24	-2.597017	-3.217240	2.631223	14.826578	1.856204	-14.826578	17.848719	-9.655627	5.628256	9.655627	-9.704237	2.259759	
25	-2.736361	-3.425985	2.656251	15.262440	1.944549	-15.262440	18.261517	-9.866675	6.098346	9.866675	-10.745052	2.284295	
26	-2.886650	-3.652419	2.678646	15.786266	2.049359	-15.786266	18.668956	-10.028781	6.598771	10.028781	-11.821286	2.307708	
27	-3.040337	-3.887084	2.698535	16.302153	2.136378	-16.302153	19.041943	-10.147507	7.093462	10.147507	-12.853750	2.330127	
28	-3.188944	-4.119519	2.716022	16.705192	2.178414	-16.705192	19.338756	-10.225094	7.552552	10.225094	-13.792881	2.351742	
29	-3.324243	-4.340075	2.731209	16.898788	2.158465	-16.898788	19.519270	-10.273691	7.961942	10.273691	-14.638796	2.372661	
30	-3.437486	-4.539741	2.744267	16.811991	2.068570	-16.811991	19.573549	-10.318768	8.309538	10.318768	-15.402551	2.392838	
31	-3.514677	-4.704331	2.755288	16.415124	1.903988	-16.415124	19.526484	-10.399293	8.584609	10.399293	-16.115705	2.412104	
32	-3.547913	-4.827203	2.764224	15.730630	1.675188	-15.730630	19.410994	-10.536605	8.787866	10.536605	-16.831227	2.430236	
33	-3.549870	-4.924401	2.771014	14.805193	1.413895	-14.805193	19.225443	-10.692580	8.919417	10.692580	-17.554734	2.446936	
34	-3.541195	-5.017852	2.775689	13.696822	1.147880	-13.696822	18.963490	-10.807945	8.968223	10.807945	-18.240783	2.461840	
35	-3.535489	-5.117522	2.778342	12.482800	0.891779	-12.482800	18.674358	-10.857085	8.915225	10.857085	-18.826318	2.474702	
36	-3.540635	-5.226585	2.779024	11.219403	0.656533	-11.219403	18.440540	-10.844660	8.738285	10.844660	-19.239660	2.485575	
37	-3.560503	-5.347303	2.777824	9.929337	0.447749	-9.929337	18.328025	-10.787312	8.423236	10.787312	-19.441721	2.494770	
38	-3.591978	-5.477349	2.775010	8.644867	0.267252	-8.644867	18.378189	-10.704300	7.970633	10.704300	-19.460431	2.502699	
39	-3.625906	-5.607867	2.770914	7.419046	0.115576	-7.419046	18.620909	-10.616454	7.387536	10.616454	-19.353797	2.509744	
40	-3.657368	-5.731998	2.765736	6.293319	-0.010224	-6.293319	19.070395	-10.529823	6.673104	10.529823	-19.129097	2.516180	
41	-3.689085	-5.848486	2.759611	5.282907	-0.113332	-5.282907	19.713789	-10.419542	5.813157	10.419542	-18.721984	2.522204	
42	-3.719690	-5.951909	2.752754	4.396940	-0.199962	-4.396940	20.528494	-10.273384	4.798349	10.273384	-18.083838	2.528034	
43	-3.739587	-6.031521	2.745405	3.629654	-0.285140	-3.629654	21.492983	-10.134536	3.649220	10.134536	-17.266362	2.533931	
44	-3.743156	-6.085171	2.737704	2.912233	-0.379333	-2.912233	22.561695	-10.051117	2.409614	10.051117	-16.390642	2.540107	
45	-3.733517	-6.120938	2.729752	2.118258	-0.479754	-2.118258	23.672276	-10.024015	1.115263	10.024015	-15.551034	2.546636	
46	-3.712143	-6.142177	2.721763	1.189580	-0.580811	-1.189580	24.789746	-10.045545	-0.209040	10.045545	-14.802154	2.553487	
47	-3.678973	-6.150262	2.714099	0.201891	-0.674435	-0.201891	25.906988	-10.110615	-1.542381	10.110615	-14.180488	2.560550	
48	-3.640105	-6.157454	2.707041	-0.793763	-0.752429	0.793763	27.031983	-10.181759	-2.893831	10.181759	-13.659781	2.567662	
49	-3.599150	-6.173472	2.700627	-1.886439	-0.822442	1.886439	28.214023	-10.245785	-4.298545	10.245785	-13.186203	2.574731	
50	-3.549802	-6.189004	2.694839	-3.153367	-0.901084	3.153367	29.525068	-10.363208	-5.768343	10.363208	-12.783275	2.581773	
51	-3.484705	-6.188776	2.689788	-4.478342	-0.990072	4.478342	30.982907	-10.592614	-7.277557	10.592614	-12.536322	2.588751	
52	-3.404106	-6.170734	2.685539	-5.645090	-1.080506	5.645090	32.566536	-10.938283	-8.800433	10.938283	-12.485905	2.595439	
53	-3.315456	-6.141458	2.681929	-6.545948	-1.172514	6.545948	34.291747	-11.382857	-10.341850	11.382857	-12.572551	2.601551	
54	-3.226283	-6.098960	2.678642	-7.166469	-1.272022	7.166469	36.168574	-11.912276	-11.913577	11.912276	-12.691944	2.606983	
55	-3.139575	-6.034260	2.675275	-7.461924	-1.378914	7.461924	38.137774	-12.519078	-13.499570	12.519078	-12.770478	2.611882	
56	-3.056049	-5.945609	2.671250	-7.370292	-1.488429	7.370292	40.116121	-13.206732	-15.067071	13.206732	-12.773942	2.616472	
57	-2.975553	-5.836958	2.665775	-6.896542	-1.595209	6.896542	42.031034	-13.988819	-16.583355	13.988819	-12.710587	2.620897	
58	-2.897171	-5.711844	2.658001	-6.143848	-1.692657	6.143848	43.817458	-14.878693	-18.016420	14.878693	-12.633895	2.625206	
59	-2.820436	-5.576792	2.647281	-5.273161	-1.774163	5.273161	45.449807	-15.887785	-19.344903	15.887785	-12.583699	2.629426	
60	-2.744213	-5.436827	2.633291	-4.424627	-1.841006	4.424627	46.953809	-17.054234	-20.554782	17.054234	-12.510244	2.633616	
61	-2.665815	-5.287638	2.615959	-3.720206	-1.906632	3.720206	48.363189	-18.456064	-21.620424	18.456064	-12.290659	2.638059	
62	-2.583198	-5.124151	2.595375	-3.341699	-1.983579	3.341699	49.685190	-20.164327	-22.514318	20.164327	-11.851493	2.643430	
63	-2.495407	-4.950494	2.571753	-3.486503	-2.068471	3.486503	50.909363	-22.201485	-23.227609	22.201485	-11.237686	2.650608	
64	-2.398752	-4.776955	2.545385	-4.269596	-2.141742	4.269596	52.019826	-24.553733	-23.758044	24.553733	-10.596222	2.660247	
65	-2.285393	-4.612587	2.516679	-5.728442	-2.178695	5.728442	53.002353	-27.201407	-24.097411	27.201407	-10.127899	2.672444	
66	-2.149641	-4.458596	2.486247	-7.805784	-2.164143	7.805784	53.861432	-30.120091	-24.247799	30.120091	-9.948054	2.686764	
67	-1.993111	-4.308156	2.454868	-10.310023	-2.098598	10.310023	54.623840	-33.258791	-24.230528	33.258791	-9.998936	2.702593	
68	-1.822241	-4.154205	2.423312	-13.007673	-1.997122	13.007673	55.335893	-36.550565	-24.074682	36.550565	-10.131891	2.719471	
69	-1.640658	-3.994542	2.392270	-15.743808	-1.868297	15.743808	56.019638	-39.927072	-23.793133	39.927072	-10.288199	2.737215	
70	-1.444230	-3.826693	2.362426	-18.387384	-1.686711	18.387384	56.605354	-43.299767	-23.360975	43.299767	-10.574301	2.755532	
71	-1.229905	-3.641898	2.334478	-20.772454	-1.424082	20.772454	56.974951	-46.571584	-22.744796	46.571584	-11.036871	2.773723	
72	-1.003330	-3.430119	2.309062	-22.818247	-1.085895	22.818247	57.041147	-49.665076	-21.943921	49.665076	-11.542430	2.791183	
73	-0.768597	-3.185136	2.286657	-24.558322	-0.677541	24.558322	56.711348	-52.509025	-20.958831	52.509025	-12.008279	2.807777	
74	-0.522390	-2.903263	2.267528	-26.056954	-0.187267	26.056954	55.864809	-55.036543	-19.761730	55.036543	-12.472392	2.823495	
75	-0.261988	-2.584325	2.251713	-27.450758	0.383789	27.450758	54.420856	-57.204822	-18.337423	57.204822	-12.938112	2.838203	
76	0.014576	-2.231952	2.239108	-28.978570	1.018829	28.978570	52.359532	-59.006592	-16.688266	59.006592	-13.384133	2.851685	
77	0.310120	-1.854756	2.229526	-30.858139	1.692404	30.858139	49.772834	-60.489438	-14.829205	60.489438	-13.792620	2.863741	
78	0.617140	-1.468031	2.222700	-33.141847	2.362038	33.141847	46.958622	-61.731061	-12.862186	61.731061	-14.022756	2.874366	
79	0.918787	-1.087981	2.218448	-35.716106	2.981076	35.716106	44.309340	-62.792417	-10.949434	62.792417	-13.861732	2.883869	
80	1.208730	-0.723130	2.216846	-38.385522	3.536681	38.385522	42.079715	-63.725492	-9.156494	63.725492	-13.270388	2.892662	
81	1.491089	-0.365117	2.218065	-41.004543	4.056876	41.004543	40.271217	-64.589897	-7.456128	64.589897	-12.355628	2.900949	
82	1.762398	0.010246	2.222109	-43.694889	4.565584	43.694889	38.681802	-65.465855	-5.859871	65.465855	-11.161711	2.908868	
83	2.011776	0.421818	2.228888	-46.798685	5.057115	46.798685	37.119855	-66.437864	-4.430841	66.437864	-9.683108	2.916845	
84	2.231026	0.868117	2.238414	-50.620561	5.514273	50.620561	35.599099	-67.566073	-3.236838	67.566073	-7.951696	2.925473	
85	2.419683	1.331475	2.250801	-55.390354	5.932050	55.390354	34.321407	-68.910454	-2.325293	68.910454	-6.043160	2.935197	
86	2.586592	1.781720	2.266087	-61.182624	6.331230	61.182624	33.578537	-70.501527	-1.706464	70.501527	-4.054453	2.946187	
87	2.743607	2.180044	2.284147	-67.698550	6.748530	67.698550	33.636586	-72.261106	-1.364968	72.261106	-2.049631	2.958272	
88	2.898479	2.495437	2.304761	-74.354955	7.214769	74.354955	34.550162	-74.021182	-1.264882	74.021182	-0.037435	2.971010	
89	3.052257	2.722865	2.327685	-80.722037	7.739910	80.722037	36.091771	-75.648253	-1.358813	75.648253	2.009672	2.983980	
90	3.198423	2.879977	2.352590	-86.787853	8.302237	86.787853	37.918703	-77.130264	-1.618331	77.130264	4.128380	2.997085	
91	3.329905	2.982627	2.378982	-92.630172	8.866365	92.630172	39.740015	-78.473468	-2.021176	78.473468	6.315891	3.010533	
92	3.446936	3.030719	2.406211	-98.043528	9.418817	98.043528	41.309979	-79.576572	-2.528189	79.576572	8.534710	3.024584	
93	3.551731	3.017623	2.433654	-102.753724	9.956206	102.753724	42.388254	-80.320296	-3.099649	80.320296	10.768989	3.039478	
94	3.645150	2.942564	2.460926	-106.680639	10.457802	106.680639	42.704051	-80.641250	-3.682281	80.641250	13.005656	3.055531	
95	3.731896	2.814401	2.487895	-109.863318	10.889404	109.863318	41.963951	-80.494714	-4.186129	80.494714	15.191288	3.073077	
96	3.816347	2.651451	2.514549	-112.500903	11.211192	112.500903	40.060360	-79.949925	-4.533042	79.949925	17.271629	3.092329	
97	3.895555	2.474793	2.540960	-114.971273	11.393213	114.971273	37.213806	-79.225849	-4.713875	79.225849	19.247204	3.113370	
98	3.963400	2.298808	2.567340	-117.572490	11.423272	117.572490	33.745196	-78.507918	-4.756884	78.507918	21.140660	3.136234	
99	4.016970	2.131180	2.594034	-120.466165	11.290864	120.466165	29.850905	-77.890507	-4.671122	77.890507	22.933350	3.160902	
100	4.057361	1.975478	2.621409	-123.756054	10.987298	123.756054	25.643039	-77.452134	-4.449447	77.452134	24.575212	3.187265	
101	4.087991	1.830714	2.649732	-127.392495	10.519510	127.392495	21.193611	-77.198534	-4.094624	77.198534	26.034067	3.215197	
102	4.110154	1.695171	2.679127	-131.270653	9.901198	131.270653	16.575514	-77.072947	-3.632243	77.072947	27.305774	3.244628	
103	4.123854	1.568600	2.709670	-135.347172	9.143619	135.347172	11.896196	-77.052806	-3.096389	77.052806	28.387186	3.275475	
104	4.139413	1.451923	2.741436	-139.463663	8.267087	139.463663	7.174394	-77.057781	-2.495441	77.057781	29.283867	3.307569	
105	4.172951	1.348032	2.774453	-143.391930	7.287974	143.391930	2.332432	-76.964065	-1.816736	76.964065	30.020215	3.340693	
106	4.227569	1.255975	2.808686	-147.052910	6.201564	147.052910	-2.623063	-76.794049	-1.063485	76.794049	30.606411	3.374627	
107	4.295850	1.171580	2.844027	-150.481274	5.010609	150.481274	-7.545890	-76.665700	-0.264501	76.665700	31.050744	3.409134	
108	4.372522	1.098671	2.880270	-153.657258	3.749051	153.657258	-12.222590	-76.622264	0.536643	76.622264	31.399695	3.444021	
109	4.455215	1.049580	2.917147	-156.478193	2.457726	156.478193	-16.469979	-76.619135	1.307697	76.619135	31.688474	3.479214	
110	4.538656	1.036439	2.954436	-158.863344	1.154509	158.863344	-20.189385	-76.586673	2.043143	76.586673	31.861918	3.514648	
111	4.613725	1.064073	2.991990	-160.667694	-0.155621	160.667694	-23.343066	-76.443296	2.736790	76.443296	31.816585	3.550090	
112	4.678653	1.129625	3.029721	-161.568108	-1.472865	161.568108	-26.012760	-76.036638	3.381689	76.036638	31.496224	3.585149	
113	4.748572	1.229492	3.067628	-161.205196	-2.831802	161.205196	-28.485188	-75.103550	4.008461	75.103550	30.903545	3.619398	
114	4.841640	1.361164	3.105796	-159.303462	-4.295214	159.303462	-31.049736	-73.400567	4.669160	73.400567	30.043580	3.652423	
115	4.958100	1.518887	3.144363	-155.619540	-5.894917	155.619540	-33.714241	-70.842890	5.382363	70.842890	28.883753	3.683777	
116	5.087088	1.694339	3.183526	-149.919882	-7.616765	149.919882	-36.294573	-67.441844	6.133663	67.441844	27.398772	3.712947	
117	5.223852	1.880051	3.223551	-142.051566	-9.437171	142.051566	-38.647963	-63.227507	6.909876	63.227507	25.628716	3.739418	
118	5.369335	2.071144	3.264768	-131.961752	-11.346999	131.961752	-40.727431	-58.231995	7.711483	58.231995	23.650204	3.762784	
119	5.524066	2.266577	3.307551	-119.710321	-13.358298	119.710321	-42.548164	-52.474189	8.552068	52.474189	21.513245	3.782779	
120	5.686121	2.466642	3.352282	-105.483901	-15.487997	105.483901	-44.117722	-46.005513	9.444028	46.005513	19.249156	3.799234	
121	5.850954	2.668844	3.399324	-89.513978	-17.733476	89.513978	-45.382999	-38.960147	10.382372	38.960147	16.926912	3.812061	
122	6.011506	2.867457	3.448998	-72.080760	-20.074421	72.080760	-46.253173	-31.545700	11.347781	31.545700	14.653274	3.821337	
123	6.158301	3.056254	3.501541	-53.608468	-22.484148	53.608468	-46.636899	-24.012063	12.314832	24.012063	12.523476	3.827362	
124	6.283961	3.232637	3.557048	-34.619635	-24.947936	34.619635	-46.482347	-16.595162	13.262041	16.595162	10.586949	3.830594	
125	6.388359	3.396615	3.615472	-15.625471	-27.480699	15.625471	-45.785597	-9.479999	14.183828	9.479999	8.841737	3.831547	
126	6.475536	3.546511	3.676713	2.920219	-30.113592	-2.920219	-44.535270	-2.834298	15.086569	2.834298	7.253774	3.830730	
127	6.550499	3.680877	3.740721	20.601911	-32.881657	-20.601911	-42.683752	3.139292	15.978886	-3.139292	5.802861	3.828636	
128	6.620054	3.801676	3.807550	37.005680	-35.825353	-37.005680	-40.160315	8.207390	16.872380	-8.207390	4.498686	3.825801	
129	6.688837	3.913762	3.877388	51.765354	-38.973357	-51.765354	-36.882269	12.179412	17.780325	-12.179412	3.324141	3.822830	
130	6.756937	4.022780	3.950538	64.590955	-42.336465	-64.590955	-32.761261	14.911961	18.710775	-14.911961	2.217596	3.820323	
131	6.825429	4.135886	4.027358	75.212804	-45.934274	-75.212804	-27.722825	16.236411	19.670968	-16.236411	1.115005	3.818808	
132	6.900629	4.264857	4.108221	83.396795	-49.815502	-83.396795	-21.737692	15.995358	20.681742	-15.995358	-0.049969	3.818740	
133	6.991801	4.418795	4.193439	89.021981	-54.060180	-89.021981	-14.779536	14.094250	21.771997	-14.094250	-1.328669	3.820520	
134	7.104473	4.591838	4.283111	92.057210	-58.766395	-92.057210	-6.738045	10.431240	22.948794	-10.431240	-2.689282	3.824568	
135	7.236285	4.770822	4.377017	92.468809	-63.998377	-92.468809	2.529973	4.897785	24.194080	-4.897785	-4.043285	3.831403	
136	7.381569	4.953894	4.474692	90.260035	-69.750814	-90.260035	13.061388	-2.520861	25.501122	2.520861	-5.364029	3.841545	
137	7.536379	5.147311	4.575562	85.588118	-76.024220	-85.588118	24.814311	-11.736314	26.879841	11.736314	-6.696137	3.855359	
138	7.695819	5.349487	4.678985	78.742940	-82.891088	-78.742940	37.789159	-22.609099	28.322172	22.609099	-8.062506	3.873003	
139	7.849928	5.551314	4.784169	70.005389	-90.429946	-70.005389	51.981637	-34.958189	29.793208	34.958189	-9.455875	3.894487	
140	7.988309	5.746074	4.890133	59.503450	-98.687227	-59.503450	67.306620	-48.586621	31.254668	48.586621	-10.876274	3.919712	
141	8.108961	5.931065	4.995666	47.245355	-107.723882	-47.245355	83.661959	-63.352805	32.686236	63.352805	-12.311113	3.948490	
142	8.216661	6.103273	5.099287	33.269030	-117.619494	-33.269030	100.970882	-79.180656	34.085479	79.180656	-13.721689	3.980616	
143	8.315891	6.256670	5.199474	17.589380	-128.471524	-17.589380	119.179053	-96.033620	35.450298	96.033620	-15.038662	4.015941	
144	8.409579	6.385509	5.295056	0.076056	-140.378057	-0.076056	138.213241	-113.905143	36.782903	113.905143	-16.179686	4.054441	
145	8.498967	6.491473	5.385305	-19.432493	-153.306239	19.432493	157.843552	-132.758132	38.104047	132.758132	-17.119322	4.096168	
146	8.583025	6.579181	5.469776	-40.935709	-167.110224	40.935709	177.782306	-152.515566	39.418139	152.515566	-17.863321	4.141130	
147	8.663026	6.649303	5.548154	-64.251395	-181.759183	64.251395	197.991742	-173.162726	40.709701	173.162726	-18.387918	4.189257	
148	8.744486	6.705939	5.620032	-89.104270	-197.328345	89.104270	218.615285	-194.739819	42.005614	194.739819	-18.708824	4.240445	
149	8.830279	6.757454	5.684763	-115.297283	-213.828527	115.297283	239.736287	-217.207023	43.362322	217.207023	-18.908738	4.294530	
150	8.918372	6.809549	5.741677	-142.898388	-231.190252	142.898388	261.350042	-240.433549	44.813601	240.433549	-19.071925	4.351246	
151	9.006232	6.864084	5.790357	-172.195640	-249.290415	172.195640	283.366417	-264.301117	46.364063	264.301117	-19.240580	4.410209	
152	9.094652	6.917343	5.830628	-203.511698	-268.016159	203.511698	305.679360	-288.796928	48.006918	288.796928	-19.397989	4.471017	
153	9.190138	6.966811	5.862380	-237.029177	-287.273245	237.029177	328.163685	-314.011683	49.805427	314.011683	-19.563275	4.533371	
154	9.301756	7.021477	5.885493	-272.746949	-306.861991	272.746949	350.505373	-340.006232	51.934393	340.006232	-19.880917	4.597008	
155	9.435468	7.095141	5.899876	-310.639671	-326.502875	310.639671	372.255456	-366.737704	54.583967	366.737704	-20.521938	4.661602	
156	9.588783	7.192938	5.905553	-350.775193	-345.944943	350.775193	393.002591	-393.984038	57.865208	393.984038	-21.594377	4.726742	
157	9.751171	7.310706	5.902565	-393.289715	-364.968214	393.289715	412.390898	-421.321861	61.814726	421.321861	-23.177843	4.791839	
158	9.916699	7.447233	5.890808	-438.175663	-383.348827	438.175663	430.037318	-448.442826	66.472479	448.442826	-25.366336	4.856081	
159	10.088223	7.607870	5.870041	-485.150511	-400.849246	485.150511	445.525274	-475.328706	71.887595	475.328706	-28.229909	4.918660	
160	10.261997	7.790213	5.839985	-533.769230	-417.211521	533.769230	458.536590	-501.860450	77.979089	501.860450	-31.715987	4.979012	
161	10.418310	7.973897	5.800355	-583.286558	-432.078758	583.286558	468.837727	-527.411661	84.440026	527.411661	-35.609115	5.036668	
162	10.540987	8.137944	5.750864	-632.860957	-445.177187	632.860957	476.372072	-551.327081	90.926170	551.327081	-39.666321	5.091028	
163	10.641931	8.287155	5.691157	-682.190961	-456.691636	682.190961	481.531318	-573.847280	97.402859	573.847280	-43.885762	5.141605	
164	10.750211	8.444636	5.620754	-731.117369	-467.082432	731.117369	484.886210	-595.934377	104.140938	595.934377	-48.528642	5.188324	
165	10.887784	8.628296	5.539126	-779.157156	-476.723045	779.157156	486.860505	-618.451367	111.426241	618.451367	-53.871250	5.231467	
166	11.066420	8.849599	5.445821	-826.217366	-486.012567	826.217366	487.995742	-642.017644	119.470562	642.017644	-60.138471	5.271567	
167	11.290882	9.117839	5.340605	-872.587577	-495.402378	872.587577	488.998344	-667.171644	128.441269	667.171644	-67.578779	5.309411	
168	11.558884	9.435979	5.223642	-918.029295	-505.170129	918.029295	490.429529	-694.340794	138.422224	694.340794	-76.411910	5.345890	
169	11.864547	9.801443	5.095488	-961.842137	-515.400798	961.842137	492.653608	-723.761672	149.410876	723.761672	-86.761636	5.381849	
170	12.201702	10.210818	4.956907	-1003.225245	-526.043192	1003.225245	495.843079	-755.446353	161.364414	755.446353	-98.689561	5.418073	
171	12.565971	10.659014	4.808775	-1041.247549	-536.970063	1041.247549	499.989711	-789.297244	174.241482	789.297244	-112.221960	5.455343	
172	12.955937	11.137646	4.652059	-1075.131262	-548.107404	1075.131262	505.088479	-825.275688	188.041410	825.275688	-127.349969	5.494487	
173	13.369574	11.637628	4.487833	-1104.388381	-559.376153	1104.388381	511.133981	-863.336691	202.796589	863.336691	-144.047146	5.536453	
174	13.800566	12.151862	4.317302	-1128.658290	-570.607119	1128.658290	518.003979	-903.296709	218.524634	903.296709	-162.272446	5.582310	
175	14.241049	12.677644	4.141812	-1147.721533	-581.675274	1147.721533	525.537227	-944.957294	235.232668	944.957294	-181.978098	5.633244	
176	14.685345	13.218573	3.962840	-1161.442782	-592.537687	1161.442782	533.547437	-988.191955	252.940179	988.191955	-203.118410	5.690623	
177	15.127241	13.778449	3.781890	-1169.628867	-603.108668	1169.628867	541.777074	-1032.730356	271.600718	1032.730356	-225.583843	5.756003	
178	15.559660	14.356721	3.600087	-1171.913146	-613.281019	1171.913146	549.956335	-1078.228584	291.058911	1078.228584	-249.157233	5.831055	
179	15.985477	14.961227	3.417763	-1167.443249	-623.019174	1167.443249	557.742654	-1124.903916	311.223413	1124.903916	-273.625656	5.917800	
180	16.424029	15.618168	3.234665	-1154.952510	-632.448496	1154.952510	564.804263	-1173.886890	332.197691	1173.886890	-298.860164	6.019137	
181	16.901250	16.361358	3.050739	-1133.513519	-642.043886	1133.513519	571.305442	-1226.911565	354.130075	1226.911565	-324.712252	6.139130	
182	17.438986	17.217326	2.866747	-1102.998187	-652.675257	1102.998187	578.168941	-1285.922608	377.041547	1285.922608	-350.913908	6.282758	
183	18.054229	18.198474	2.684191	-1063.784075	-665.261972	1063.784075	586.671174	-1352.717191	400.828023	1352.717191	-377.081545	6.455426	
184	18.758513	19.304458	2.504638	-1016.342419	-680.359195	1016.342419	597.853144	-1428.493179	425.260205	1428.493179	-402.720350	6.662482	
185	19.552209	20.528101	2.329186	-961.328033	-698.070598	961.328033	612.305199	-1513.487157	449.832766	1513.487157	-427.135577	6.908690	
186	20.418604	21.854387	2.158571	-899.678065	-717.999130	899.678065	630.084387	-1606.531327	473.542636	1606.531327	-449.271013	7.197620	
187	21.323947	23.255870	1.993587	-832.283016	-739.041458	832.283016	650.522210	-1704.641571	494.832503	1704.641571	-467.692103	7.531018	
188	22.223101	24.693403	1.835365	-759.720462	-759.329033	759.720462	672.197353	-1803.158459	511.747583	1803.158459	-480.763696	7.908370	
189	23.070486	26.121677	1.685501	-681.971756	-776.285905	681.971756	692.916551	-1896.400739	522.282067	1896.400739	-487.011674	8.326849	
190	23.826741	27.496138	1.546096	-597.917429	-786.742711	597.917429	709.675598	-1978.090392	524.637555	1978.090392	-485.401191	8.781576	
191	24.448853	28.768752	1.419727	-505.942552	-787.555715	505.942552	719.546181	-2041.291599	517.058120	2041.291599	-475.109186	9.266036	
192	24.888196	29.883572	1.309336	-405.914637	-776.607915	405.914637	721.023812	-2079.098708	497.935533	2079.098708	-455.510731	9.772691	
193	25.104517	30.784585	1.218013	-299.376022	-753.075236	299.376022	713.944640	-2085.967396	466.351483	2085.967396	-426.639629	10.293729	
194	25.083537	31.424213	1.148572	-187.500933	-716.917362	187.500933	698.358367	-2058.669382	422.698086	2058.669382	-389.773250	10.821638	
195	24.857688	31.774995	1.102952	-70.373211	-668.694152	70.373211	674.159193	-1997.116192	369.296111	1997.116192	-348.163148	11.349434	
196	24.503121	31.838714	1.081657	51.710812	-609.878214	-51.710812	641.851492	-1904.485119	310.046814	1904.485119	-306.854617	11.870735	
197	24.112414	31.640957	1.083392	176.980402	-542.960179	-176.980402	603.391125	-1786.219786	249.209175	1786.219786	-271.549406	12.379820	
198	23.778799	31.221290	1.105067	302.336870	-470.905030	-302.336870	561.984018	-1648.758047	190.586541	1648.758047	-248.018500	12.871418	
199	23.591919	30.635045	1.142274	423.902954	-396.803939	-423.902954	521.910743	-1499.219067	136.981158	1499.219067	-241.758035	13.340225	
200	23.619224	29.958211	1.190106	536.527017	-324.224546	-536.527017	489.361860	-1345.525631	89.254692	1345.525631	-256.647112	13.780886	
201	23.878219	29.271054	1.243940	633.471757	-257.050781	-633.471757	472.364750	-1195.117166	45.871943	1195.117166	-293.774514	14.188523	
202	24.323872	28.636003	1.299905	707.461147	-198.685934	-707.461147	479.141865	-1053.392464	3.500098	1053.392464	-351.447910	14.559000	
203	24.846140	28.093139	1.355035	752.266591	-151.544184	-752.266591	516.351317	-923.317840	-42.068754	923.317840	-425.342174	14.888862	
204	25.267230	27.652312	1.407172	764.474096	-116.392196	-764.474096	587.015202	-804.617080	-94.638585	804.617080	-509.009839	15.174649	
205	25.357801	27.273312	1.454773	746.390118	-90.672183	-746.390118	687.365746	-691.621452	-155.665003	691.621452	-595.905112	15.410459	
206	24.899233	26.868119	1.496771	710.156226	-66.494379	-710.156226	804.814919	-571.530379	-222.760246	571.530379	-682.808916	15.583438	
207	23.796486	26.353004	1.532509	681.610070	-30.365231	-681.610070	921.718301	-425.785071	-291.259216	425.785071	-772.865141	15.668181	
208	22.210516	25.735456	1.561757	701.551446	32.983356	-701.551446	1028.293282	-237.320758	-361.274557	237.320758	-874.438409	15.622611	
209	20.604471	25.162587	1.584789	817.246399	130.280961	-817.246399	1140.450906	-5.598106	-447.503560	5.598106	-989.436972	15.391341	
210	19.554112	24.782805	1.602197	1054.086546	245.654663	-1054.086546	1298.919132	236.953460	-576.735293	-236.953460	-1091.011979	14.925370	
211	19.324944	24.366773	1.614399	1374.421072	337.833089	-1374.421072	1520.769162	427.691947	-756.214272	-427.691947	-1115.223536	14.220527	
212	19.552800	23.095950	1.621372	1662.650086	362.633127	-1662.650086	1737.868843	509.279719	-936.446536	-509.279719	-1000.075521	13.357099	
213	19.501836	20.063238	1.622805	1771.272492	303.683971	-1771.272492	1822.730522	469.392170	-1032.160075	-469.392170	-746.204598	12.506627	
214	18.873335	15.106213	1.618409	1597.828187	175.111975	-1597.828187	1704.192338	338.839345	-999.383440	-338.839345	-415.021079	11.882325	
215	18.271046	8.946584	1.608453	1135.700685	0.124097	-1135.700685	1432.331513	159.449489	-870.503274	-159.449489	-63.511312	11.644190	
216	18.510521	2.637850	1.594183	490.727603	-195.124506	-490.727603	1132.507328	-25.340035	-712.422201	25.340035	276.678956	11.812489	
217	19.507896	-2.853303	1.577530	-142.459782	-371.829267	142.459782	923.085109	-157.613046	-578.455508	157.613046	556.600788	12.260878	
218	20.156384	-6.890506	1.560655	-564.629037	-485.819402	564.629037	848.710205	-176.472474	-486.864489	176.472474	700.834174	12.795196	
219	19.335660	-9.440404	1.545793	-670.857464	-513.794933	670.857464	862.293488	-57.930726	-418.349226	57.930726	667.336828	13.244025	
220	16.831907	-11.039268	1.535178	-478.525638	-466.723958	478.525638	877.434035	165.581832	-339.231250	-165.581832	492.638642	13.504822	
221	13.227637	-12.391061	1.531047	-77.054359	-375.429238	77.054359	835.624151	430.034665	-231.229609	-430.034665	259.511196	13.546457	
222	9.277224	-13.995296	1.534862	430.697041	-269.275914	-430.697041	728.611997	676.646208	-99.715488	-676.646208	40.670827	13.389766	
223	5.540447	-16.019233	1.545218	951.584657	-166.611695	-951.584657	583.026686	870.098309	35.347134	-870.098309	-124.479880	13.083478	
224	2.355092	-18.342064	1.557486	1403.337164	-75.491158	-1403.337164	437.052494	998.955233	150.823656	-998.955233	-224.805861	12.684874	
225	-0.078471	-20.668996	1.566981	1719.516949	1.920429	-1719.516949	324.333696	1068.162053	228.519275	-1068.162053	-265.195640	12.247382	
226	-1.661360	-22.664787	1.571667	1861.543465	64.925775	-1861.543465	267.262444	1089.251954	259.782129	-1089.251954	-257.434458	11.813996	
227	-2.397660	-24.050800	1.572228	1827.046090	112.227706	-1827.046090	274.394719	1075.395662	247.023975	-1075.395662	-216.324497	11.414429	
228	-2.383126	-24.641435	1.570867	1647.593582	141.874929	-1647.593582	339.679442	1040.065009	201.741665	-1040.065009	-157.161455	11.063997	
229	-1.797892	-24.357009	1.569642	1378.448449	151.529128	-1378.448449	447.910751	992.790572	138.512292	-992.790572	-92.452118	10.765572	
230	-0.868783	-23.216044	1.569569	1086.705061	139.884032	-1086.705061	579.922116	938.487358	69.646909	-938.487358	-30.708236	10.515446	
231	0.174919	-21.292405	1.570858	838.693545	109.056326	-838.693545	709.881319	882.786295	4.729173	-882.786295	22.408086	10.308545	
232	1.091182	-18.661553	1.573299	688.346348	65.783329	-688.346348	802.830375	835.364460	-48.378403	-835.364460	63.032443	10.139629	
233	1.645718	-15.369072	1.576431	669.258635	20.894358	-669.258635	818.616940	809.187132	-83.401065	-809.187132	88.590340	10.001861	
234	1.705623	-11.455907	1.579634	788.599522	-13.031616	-788.599522	722.947569	816.260248	-96.013580	-816.260248	97.504652	9.884863	
235	1.301117	-7.038687	1.582204	1023.113741	-25.700988	-1023.113741	504.371044	861.216459	-85.207073	-861.216459	89.522522	9.774178	
236	0.593764	-2.374182	1.583466	1321.419733	-13.265766	-1321.419733	188.052613	936.452979	-55.044237	-936.452979	66.652865	9.653575	
237	-0.191850	2.152951	1.583020	1615.034178	19.686850	-1615.034178	-165.684139	1021.778872	-14.669039	-1021.778872	34.024284	9.509972	
238	-0.832862	6.121438	1.580938	1837.960884	62.343947	-1837.960884	-483.197273	1091.116119	24.791725	-1091.116119	-0.648818	9.338839	
239	-1.176120	9.204562	1.577564	1948.880225	103.228055	-1948.880225	-708.732472	1123.988497	54.619154	-1123.988497	-29.612425	9.146723	
240	-1.182040	11.271619	1.573116	1943.150689	134.996423	-1943.150689	-823.427312	1113.694232	71.010033	-1113.694232	-48.010658	8.948786	
241	-0.919860	12.400834	1.567558	1847.327918	155.738818	-1847.327918	-842.402440	1067.461918	74.776606	-1067.461918	-55.092772	8.762651	
242	-0.519410	12.797327	1.560765	1701.267343	167.476091	-1701.267343	-797.922090	1000.338110	69.425075	-1000.338110	-53.251975	8.602048	
243	-0.108077	12.685710	1.552673	1540.334552	173.757172	-1540.334552	-722.267103	927.582707	59.092222	-927.582707	-46.143941	8.473277	
244	0.227049	12.248384	1.543308	1387.027623	177.649098	-1387.027623	-638.448786	859.800395	47.213266	-859.800395	-37.222000	8.375177	
245	0.446725	11.610327	1.532790	1251.705322	180.699023	-1251.705322	-558.729728	801.835079	36.006515	-801.835079	-28.991292	8.301374	
246	0.546993	10.835299	1.521303	1136.351068	182.872312	-1136.351068	-487.248683	753.998799	26.556931	-753.998799	-22.846892	8.243131	
247	0.531675	9.930317	1.509027	1038.288971	183.199911	-1038.288971	-424.139979	714.214955	19.325678	-714.214955	-19.378636	8.191547	
248	0.397693	8.883533	1.496082	954.032536	180.733923	-954.032536	-369.173497	680.071712	14.624939	-680.071712	-18.718493	8.138807	
249	0.144146	7.703291	1.482523	881.091181	175.091161	-881.091181	-322.790089	649.750744	12.695009	-649.750744	-20.664989	8.078867	
250	-0.221086	6.416578	1.468636	817.353834	166.405332	-817.353834	-285.357322	621.933548	13.637013	-621.933548	-24.820949	8.007734	
251	-0.686855	5.054355	1.455230	760.922770	155.315928	-760.922770	-256.958979	595.799425	17.431491	-595.799425	-30.800383	7.923318	
252	-1.240798	3.649198	1.443260	710.415468	142.865794	-710.415468	-237.353348	571.005742	23.909595	-571.005742	-38.287354	7.824970	
253	-1.865993	2.233140	1.433230	664.742860	130.034709	-664.742860	-225.489054	547.310209	32.676677	-547.310209	-46.962933	7.712962	
254	-2.538733	0.840306	1.425180	623.276988	117.485597	-623.276988	-219.441544	524.488627	43.081993	-524.488627	-56.391948	7.588185	
255	-3.226130	-0.489239	1.419009	586.087720	105.578085	-586.087720	-216.754927	502.403286	54.225572	-502.403286	-65.929524	7.452109	
256	-3.889084	-1.729867	1.414764	553.553223	94.343816	-553.553223	-214.850848	480.853829	65.093358	-480.853829	-74.818324	7.306778	
257	-4.490364	-2.879742	1.412782	526.112930	83.571244	-526.112930	-211.344739	459.553159	74.729046	-459.553159	-82.344983	7.154657	
258	-5.002899	-3.934931	1.413616	504.088071	73.073903	-504.088071	-204.292738	438.292550	82.363161	-438.292550	-87.947699	6.998380	
259	-5.417771	-4.880611	1.417945	487.308251	62.866378	-487.308251	-192.570596	417.070434	87.581242	-417.070434	-91.371771	6.840438	
260	-5.741387	-5.704828	1.426606	475.064326	53.106375	-475.064326	-175.991588	396.074086	90.328047	-396.074086	-92.668701	6.682906	
261	-5.982904	-6.398207	1.440818	466.255805	43.990006	-466.255805	-155.075864	375.554594	90.716294	-375.554594	-92.012519	6.527333	
262	-6.151057	-6.946252	1.462024	459.479507	35.739203	-459.479507	-130.930908	355.776109	88.969689	-355.776109	-89.650703	6.374772	
263	-6.256367	-7.333718	1.490486	453.274792	28.565863	-453.274792	-105.121398	337.014756	85.449072	-337.014756	-85.929249	6.225824	
264	-6.304807	-7.553810	1.524661	446.479575	22.553092	-446.479575	-79.227277	319.448042	80.538733	-319.448042	-81.183838	6.080762	
265	-6.294351	-7.605840	1.561762	438.316289	17.628835	-438.316289	-54.531673	303.065748	74.574878	-303.065748	-75.670642	5.939742	
266	-6.220278	-7.491385	1.597670	428.320558	13.643267	-428.320558	-32.065566	287.720095	67.907146	-287.720095	-69.623925	5.803002	
267	-6.079486	-7.221403	1.628656	416.423234	10.426400	-416.423234	-12.639192	273.224362	60.921254	-273.224362	-63.290217	5.670952	
268	-5.873409	-6.821586	1.653805	402.952146	7.836321	-402.952146	3.199229	259.432986	54.008282	-259.432986	-56.925985	5.544177	
269	-5.611087	-6.328122	1.674074	388.391919	5.796239	-388.391919	15.168831	246.274566	47.536644	-246.274566	-50.799560	5.423319	
270	-5.307892	-5.778996	1.690359	373.111691	4.280817	-373.111691	23.258649	233.715541	41.803704	-233.715541	-45.159926	5.308913	
271	-4.981900	-5.208721	1.703111	357.244146	3.281823	-357.244146	27.708864	221.706733	37.002068	-221.706733	-40.198099	5.201231	
272	-4.655030	-4.646596	1.712524	340.788013	2.833312	-340.788013	28.804988	210.269963	33.250533	-210.269963	-36.070205	5.100119	
273	-4.348391	-4.108331	1.718352	323.916342	3.000181	-323.916342	26.714676	199.585874	30.578636	-199.585874	-32.869729	5.004920	
274	-4.069447	-3.593912	1.719617	307.114506	3.741264	-307.114506	21.778883	189.797268	28.866267	-189.797268	-30.533934	4.914795	
275	-3.816983	-3.106076	1.715377	290.773215	4.893678	-290.773215	14.728765	180.832350	27.921158	-180.832350	-28.912518	4.829133	
276	-3.596125	-2.660639	1.705935	274.822885	6.322696	-274.822885	6.364189	172.525063	27.600065	-172.525063	-27.908313	4.747562	
277	-3.416466	-2.273404	1.692660	258.999790	7.970824	-258.999790	-2.756720	164.748283	27.800438	-164.748283	-27.467180	4.669707	
278	-3.285084	-1.952555	1.676958	243.121476	9.811912	-243.121476	-12.301595	157.436278	28.423748	-157.436278	-27.527327	4.595061	
279	-3.206746	-1.704847	1.659941	227.114360	11.822444	-227.114360	-22.023375	150.580933	29.378224	-150.580933	-28.020126	4.522976	
280	-3.181917	-1.533839	1.642549	211.173292	13.949070	-211.173292	-31.667479	144.174998	30.566818	-144.174998	-28.858301	4.452740	
281	-3.204149	-1.432389	1.625487	195.642806	16.105342	-195.642806	-41.019201	138.153047	31.892240	-138.153047	-29.936393	4.383747	
282	-3.265691	-1.388271	1.609066	180.695339	18.206076	-180.695339	-49.941597	132.431228	33.288326	-132.431228	-31.173758	4.315526	
283	-3.358296	-1.391837	1.593220	166.370038	20.179853	-166.370038	-58.332734	126.939804	34.722733	-126.939804	-32.509807	4.247637	
284	-3.467461	-1.430733	1.577785	152.660308	21.975953	-152.660308	-66.211184	121.602310	36.189981	-121.602310	-33.875041	4.179701	
285	-3.583700	-1.488699	1.562745	139.567209	23.563520	-139.567209	-73.742728	116.407650	37.685091	-116.407650	-35.231544	4.111441	
286	-3.712624	-1.557921	1.548134	127.131961	24.902769	-127.131961	-81.006115	111.433898	39.169593	-111.433898	-36.585852	4.042561	
287	-3.861377	-1.643441	1.533808	115.318171	25.957235	-115.318171	-87.910076	106.736026	40.597832	-106.736026	-37.937689	3.972661	
288	-4.030689	-1.749110	1.519516	104.105037	26.738316	-104.105037	-94.340837	102.324975	41.934271	-102.324975	-39.264067	3.901316	
289	-4.220371	-1.869239	1.505117	93.577802	27.297450	-93.577802	-100.204549	98.188829	43.137543	-98.188829	-40.534865	3.828215	
290	-4.428003	-1.996994	1.490621	83.718380	27.684705	-83.718380	-105.415730	94.255363	44.178700	-94.255363	-41.716246	3.753219	
291	-4.643198	-2.128412	1.476025	74.358723	27.924649	-74.358723	-109.891091	90.392095	45.051330	-90.392095	-42.760456	3.676361	
292	-4.850233	-2.259430	1.461152	65.314476	28.026761	-65.314476	-113.513585	86.451357	45.739112	-86.451357	-43.603974	3.597870	
293	-5.039135	-2.387632	1.445567	56.402366	28.011366	-56.402366	-116.209924	82.335987	46.210033	-82.335987	-44.200686	3.518180	
294	-5.208834	-2.512488	1.428630	47.530437	27.892742	-47.530437	-117.989132	78.019832	46.454388	-78.019832	-44.549002	3.437803	
295	-5.358281	-2.631918	1.409719	38.785116	27.651255	-38.785116	-118.839891	73.491471	46.494126	-73.491471	-44.671863	3.357253	
296	-5.483073	-2.744320	1.388540	30.254089	27.260806	-30.254089	-118.745622	68.729637	46.358575	-68.729637	-44.594173	3.277049	
297	-5.579033	-2.851347	1.365277	21.938288	26.704188	-21.938288	-117.717626	63.715002	46.068597	-63.715002	-44.337394	3.197720	
298	-5.643972	-2.956132	1.340934	13.863146	25.975396	-13.863146	-115.811253	58.464951	45.651249	-58.464951	-43.933023	3.119800	
299	-5.686343	-3.068407	1.317540	6.092316	25.146423	-6.092316	-113.344892	53.157319	45.191351	-53.157319	-43.479030	3.043661	
300	-5.734379	-3.210590	1.297165	-1.247528	24.393369	1.247528	-110.975551	48.200804	44.840740	-48.200804	-43.155801	2.968958	
301	-5.813917	-3.392592	1.280853	-7.969017	23.855713	7.969017	-109.213572	43.977655	44.668394	-43.977655	-43.065949	2.894270	
302	-5.917957	-3.580162	1.268739	-14.060124	23.513556	14.060124	-108.005791	40.489989	44.550279	-40.489989	-43.096089	2.818131	
303	-6.027361	-3.728945	1.260486	-19.721902	23.309762	19.721902	-107.180725	37.523234	44.380311	-37.523234	-43.103090	2.740289	
304	-6.142469	-3.836489	1.255614	-25.040799	23.264125	25.040799	-106.842434	35.001601	44.226165	-35.001601	-43.091921	2.661300	
305	-6.270640	-3.924746	1.253894	-29.885353	23.348094	29.885353	-106.918366	32.875732	44.129137	-32.875732	-43.061918	2.581623	
306	-6.412973	-4.003586	1.255314	-34.112397	23.400591	34.112397	-106.942682	30.957438	43.977749	-30.957438	-42.883735	2.501629	
307	-6.566441	-4.074394	1.259707	-37.707388	23.240914	37.707388	-106.457795	29.040252	43.646306	-29.040252	-42.420169	2.421851	
308	-6.719777	-4.146470	1.266459	-40.745392	22.785051	40.745392	-105.271781	27.020218	43.117127	-27.020218	-41.661155	2.342916	
309	-6.857473	-4.231924	1.274075	-43.262460	22.035741	43.262460	-103.380000	24.906066	42.419028	-24.906066	-40.676392	2.265253	
310	-6.967849	-4.330057	1.279790	-45.195546	20.994488	45.195546	-100.764202	22.745495	41.509574	-22.745495	-39.478378	2.188991	
311	-7.033216	-4.425900	1.279673	-46.448092	19.632957	46.448092	-97.320000	20.549684	40.292378	-20.549684	-38.027100	2.114172	
312	-7.022784	-4.496661	1.268682	-46.956008	17.933401	46.956008	-92.935080	18.302107	38.687635	-18.302107	-36.301782	2.040964	
313	-6.903071	-4.515825	1.240214	-46.680503	15.914890	46.680503	-87.517283	15.992547	36.631746	-15.992547	-34.283741	1.969730	
314	-6.643513	-4.454501	1.188224	-45.580845	13.634484	45.580845	-80.977913	13.611851	34.072358	-13.611851	-31.935284	1.901035	
315	-6.215883	-4.279903	1.113946	-43.587991	11.176003	43.587991	-73.209141	11.127298	30.976551	-11.127298	-29.201757	1.835699	
316	-5.590740	-3.950855	1.028534	-40.608440	8.672817	40.608440	-64.152357	8.486801	27.384375	-8.486801	-26.066504	1.774927	
317	-4.736692	-3.418693	0.946234	-36.560666	6.320427	36.560666	-53.885170	5.636208	23.448729	-5.636208	-22.597914	1.720419	
318	-3.635818	-2.648863	0.877955	-31.461054	4.320270	31.461054	-42.518828	2.524230	19.313017	-2.524230	-18.853408	1.674320	
319	-2.287404	-1.646061	0.830435	-25.549419	2.833525	25.549419	-30.115596	-0.882803	15.000215	0.882803	-14.835687	1.638880	
320	-0.695939	-0.464811	0.806497	-19.190786	1.967179	19.190786	-16.741210	-4.543860	10.431904	4.543860	-10.568880	1.615931	
321	1.117110	0.795295	0.805080	-12.559480	1.715830	12.559480	-2.435754	-8.312307	5.430979	8.312307	-6.077631	1.606272	
322	3.086185	2.039858	0.822173	-5.585418	1.826041	5.585418	12.984474	-12.166488	-0.221308	12.166488	-1.312823	1.609449	
323	5.105860	3.232888	0.852451	1.666079	1.766765	-1.666079	29.968511	-16.475494	-6.619327	16.475494	3.803005	1.624763	
324	6.997333	4.320427	0.891142	8.577935	0.977128	-8.577935	48.257765	-21.581784	-13.473893	21.581784	9.108560	1.652295	
325	8.597544	5.218655	0.934837	14.472031	-0.814907	-14.472031	66.889756	-27.448223	-20.313462	27.448223	14.307027	1.692008	
326	9.314691	5.575799	0.980397	17.369270	-3.223999	-17.369270	79.842735	-32.243875	-24.860406	32.243875	17.670811	1.741909	
327	9.751778	5.762968	1.023498	19.280752	-5.909998	-19.280752	90.990969	-36.775128	-28.626694	36.775128	20.468469	1.796461	
