kww	// User ID
25-6-2021	// Evaluation date
p25_warmup_008	25-6-2021	10:16:43:123	// Source file name and timestamp
357.143	// Sampling rate
0.881	// Data capture period

1.880000	// height
87.600000	// mass


Sample #	elbVar	shldrIR	LwristLinVelo	thorJFPd	thorSTPd	UaJFPp	UaSTPp	UaJFPd	UaSTPd	FaJFPp	FaSTPp	RwristLinVelo	
0	1.612030	0.481051	2.589157	12.111917	1.940657	-12.111917	-8.013865	1.037021	4.702643	-1.037021	-19.122399	2.402099	
1	1.743372	0.387194	2.574379	11.908630	1.974351	-11.908630	-8.757229	1.655407	5.286849	-1.655407	-21.779447	2.425717	
2	1.882449	0.307211	2.557546	11.999607	2.056127	-11.999607	-9.731011	2.290439	5.910507	-2.290439	-24.492772	2.443862	
3	1.892739	0.145990	2.540315	11.141662	1.887133	-11.141662	-9.710846	2.906168	6.208650	-2.906168	-25.981152	2.456941	
4	1.836312	-0.040467	2.525472	10.145886	1.630826	-10.145886	-9.249705	3.459901	6.311523	-3.459901	-26.761802	2.465871	
5	1.719731	-0.243595	2.514263	9.007543	1.309410	-9.007543	-8.386626	3.956954	6.212814	-3.956954	-26.847679	2.471586	
6	1.574473	-0.441000	2.507430	7.782215	0.977690	-7.782215	-7.322475	4.400396	5.977699	-4.400396	-26.504236	2.474890	
7	1.426986	-0.608702	2.505179	6.535926	0.670692	-6.535926	-6.165688	4.757982	5.655757	-4.757982	-25.893215	2.476307	
8	1.301730	-0.730838	2.507445	5.326856	0.412564	-5.326856	-5.018206	5.002950	5.306081	-5.002950	-25.198264	2.476251	
9	1.213519	-0.814822	2.513985	4.141269	0.217451	-4.141269	-4.020119	5.197068	4.996223	-5.197068	-24.678954	2.474906	
10	1.167664	-0.875522	2.524360	2.983919	0.096867	-2.983919	-3.301458	5.427892	4.776363	-5.427892	-24.556208	2.471994	
11	1.171971	-0.913501	2.537911	1.940509	0.060284	-1.940509	-2.918432	5.686843	4.680049	-5.686843	-24.952025	2.466845	
12	1.235320	-0.922390	2.553838	1.106835	0.110278	-1.106835	-2.867501	5.915750	4.733458	-5.915750	-25.919405	2.458590	
13	1.351683	-0.895241	2.571390	0.486963	0.230272	-0.486963	-3.065519	6.034227	4.922334	-6.034227	-27.298815	2.446489	
14	1.499800	-0.827130	2.589947	0.000985	0.379885	-0.000985	-3.357918	5.938852	5.190314	-5.938852	-28.715998	2.430575	
15	1.658256	-0.730779	2.608991	-0.418324	0.524585	0.418324	-3.648331	5.637941	5.495352	-5.637941	-29.939786	2.411767	
16	1.816179	-0.630363	2.628144	-0.802636	0.662506	0.802636	-3.962283	5.254438	5.834555	-5.254438	-31.028891	2.391094	
17	1.972517	-0.541795	2.647122	-1.226021	0.808446	1.226021	-4.370236	4.872018	6.221526	-4.872018	-32.123512	2.369045	
18	2.124023	-0.469634	2.665661	-1.753980	0.969260	1.753980	-4.898819	4.499672	6.653612	-4.499672	-33.248213	2.345596	
19	2.257945	-0.408442	2.683565	-2.331706	1.133107	2.331706	-5.493902	4.104431	7.094238	-4.104431	-34.252905	2.320700	
20	2.361116	-0.351355	2.700744	-2.866707	1.276455	2.866707	-6.057225	3.657162	7.495186	-3.657162	-34.948972	2.294733	
21	2.431768	-0.301911	2.717136	-3.372641	1.391598	3.372641	-6.544392	3.187644	7.841314	-3.187644	-35.333503	2.268297	
22	2.475463	-0.266531	2.732645	-3.946129	1.480240	3.946129	-6.950482	2.725353	8.144102	-2.725353	-35.504398	2.241797	
23	2.486264	-0.243595	2.747120	-4.602445	1.517810	4.602445	-7.175615	2.240454	8.376855	-2.240454	-35.353696	2.215605	
24	2.451866	-0.227073	2.760416	-5.244229	1.477127	5.244229	-7.091601	1.698873	8.489581	-1.698873	-34.695672	2.190410	
25	2.377529	-0.212959	2.772532	-5.801628	1.370050	5.801628	-6.715516	1.094168	8.489618	-1.094168	-33.609054	2.166953	
26	2.277415	-0.201824	2.783644	-6.257158	1.225351	6.257158	-6.136903	0.435028	8.418663	-0.435028	-32.301602	2.145719	
27	2.159216	-0.197963	2.793963	-6.624552	1.062755	6.624552	-5.412540	-0.273540	8.298227	0.273540	-30.882223	2.127034	
28	2.035435	-0.204508	2.803595	-7.014473	0.905135	7.014473	-4.643676	-1.058541	8.159918	1.058541	-29.473266	2.111077	
29	1.921797	-0.219830	2.812570	-7.566836	0.773433	7.566836	-3.955092	-1.950875	8.049476	1.950875	-28.233867	2.097727	
30	1.821500	-0.240066	2.820973	-8.316164	0.669284	8.316164	-3.374817	-2.941042	7.981762	2.941042	-27.212452	2.086686	
31	1.733068	-0.262243	2.829129	-9.256144	0.589799	9.256144	-2.904824	-4.007378	7.960576	4.007378	-26.406868	2.077603	
32	1.657735	-0.283689	2.837488	-10.372554	0.533040	10.372554	-2.563248	-5.145792	7.996085	5.145792	-25.818802	2.069924	
33	1.585047	-0.301168	2.846271	-11.494006	0.474896	11.494006	-2.214812	-6.352198	8.045145	6.352198	-25.292212	2.063203	
34	1.493564	-0.311083	2.855424	-12.331297	0.377590	12.331297	-1.587082	-7.616608	8.009298	7.616608	-24.542169	2.057848	
35	1.374007	-0.311164	2.864926	-12.724584	0.229171	12.724584	-0.556477	-8.927221	7.835350	8.927221	-23.450690	2.055059	
36	1.242334	-0.301674	2.874842	-12.800386	0.056652	12.800386	0.693880	-10.276709	7.583410	10.276709	-22.214793	2.055744	
37	1.130325	-0.282938	2.885256	-12.940965	-0.093959	12.940965	1.782957	-11.676126	7.390235	11.676126	-21.200039	2.059612	
38	1.063948	-0.252682	2.896403	-13.401575	-0.187293	13.401575	2.388519	-13.128007	7.375907	13.128007	-20.683359	2.065212	
39	1.044514	-0.210578	2.908609	-14.014233	-0.225972	14.014233	2.508151	-14.597828	7.555317	14.597828	-20.645188	2.070665	
40	1.044674	-0.164197	2.922078	-14.580742	-0.254184	14.580742	2.504489	-16.046459	7.802767	16.046459	-20.724435	2.074840	
41	1.034201	-0.120444	2.936894	-15.150070	-0.315988	15.150070	2.755968	-17.464898	7.967013	17.464898	-20.545491	2.078051	
42	1.014305	-0.076282	2.953032	-15.786288	-0.407733	15.786288	3.233772	-18.856354	8.050913	18.856354	-20.140253	2.081102	
43	1.005459	-0.027914	2.970164	-16.568464	-0.495704	16.568464	3.640387	-20.205877	8.163475	20.205877	-19.778144	2.083962	
44	1.011097	0.021897	2.987654	-17.598436	-0.571908	17.598436	3.904186	-21.508229	8.326720	21.508229	-19.499900	2.086078	
45	1.021564	0.070849	3.004876	-18.857705	-0.653660	18.857705	4.187867	-22.806676	8.483255	22.806676	-19.169455	2.087510	
46	1.039736	0.121609	3.021475	-20.411916	-0.737084	20.411916	4.468516	-24.140179	8.644443	24.140179	-18.816624	2.088899	
47	1.075483	0.177393	3.037350	-22.474442	-0.798993	22.474442	4.538446	-25.485742	8.875910	25.485742	-18.579094	2.090594	
48	1.129547	0.239277	3.052516	-25.033189	-0.832866	25.033189	4.331254	-26.809406	9.196307	26.809406	-18.480424	2.092512	
49	1.202032	0.308006	3.066945	-27.814021	-0.841693	27.814021	3.865289	-28.111044	9.608302	28.111044	-18.505897	2.094415	
50	1.293993	0.382067	3.080599	-30.630064	-0.826521	30.630064	3.126524	-29.392524	10.119123	29.392524	-18.649749	2.095872	
51	1.394248	0.455263	3.093612	-33.425723	-0.804775	33.425723	2.228202	-30.640258	10.678556	30.640258	-18.811143	2.096463	
52	1.485300	0.521713	3.106323	-36.080233	-0.806881	36.080233	1.399348	-31.843415	11.200467	31.843415	-18.850586	2.096150	
53	1.557294	0.580727	3.119147	-38.454641	-0.852234	38.454641	0.783637	-33.002291	11.631923	33.002291	-18.707695	2.095223	
54	1.609847	0.635220	3.132424	-40.578134	-0.941206	40.578134	0.375067	-34.126038	11.966335	34.126038	-18.402875	2.093999	
55	1.648031	0.687744	3.146296	-42.668907	-1.059878	42.668907	0.079932	-35.236764	12.223164	35.236764	-17.988133	2.092621	
56	1.674363	0.737286	3.160642	-44.968809	-1.194069	44.968809	-0.174127	-36.356294	12.412214	36.356294	-17.492748	2.091084	
57	1.684978	0.780083	3.175140	-47.589827	-1.342951	47.589827	-0.388698	-37.477936	12.523645	37.477936	-16.918367	2.089420	
58	1.675618	0.813455	3.189563	-50.530435	-1.514114	50.530435	-0.556491	-38.574001	12.556323	38.574001	-16.279600	2.087755	
59	1.644399	0.836335	3.203978	-53.696021	-1.715769	53.696021	-0.656224	-39.636919	12.516100	39.636919	-15.595486	2.086252	
60	1.588301	0.846711	3.218596	-56.908993	-1.956287	56.908993	-0.586373	-40.695258	12.385318	40.695258	-14.852773	2.085141	
61	1.503183	0.840660	3.233645	-60.089356	-2.236220	60.089356	-0.238300	-41.783750	12.128134	41.783750	-14.021769	2.084833	
62	1.390305	0.815219	3.249256	-63.366044	-2.539179	63.366044	0.347749	-42.910947	11.742017	42.910947	-13.115537	2.085850	
63	1.260149	0.771599	3.265263	-66.925785	-2.837965	66.925785	0.981907	-44.065391	11.284025	44.065391	-12.203595	2.088536	
64	1.126992	0.712963	3.281323	-70.840908	-3.108616	70.840908	1.475352	-45.237960	10.831110	45.237960	-11.357859	2.092910	
65	1.003672	0.642141	3.297297	-75.029331	-3.339197	75.029331	1.716053	-46.421619	10.445555	46.421619	-10.621926	2.098765	
66	0.901166	0.564010	3.313374	-79.330289	-3.529327	79.330289	1.635442	-47.604709	10.179375	47.604709	-10.023926	2.105799	
67	0.827066	0.483969	3.329729	-83.664347	-3.683479	83.664347	1.189116	-48.779988	10.074127	48.779988	-9.577633	2.113622	
68	0.784165	0.404360	3.346168	-88.085383	-3.807395	88.085383	0.372743	-49.950574	10.149763	49.950574	-9.272057	2.121741	
69	0.771338	0.327160	3.362204	-92.602089	-3.906744	92.602089	-0.755030	-51.118837	10.398190	51.118837	-9.070431	2.129658	
70	0.784112	0.256878	3.377312	-97.102828	-3.980835	97.102828	-2.072387	-52.292781	10.784404	52.292781	-8.919243	2.137038	
71	0.815529	0.197687	3.391020	-101.515718	-4.024626	101.515718	-3.437851	-53.503736	11.261635	53.503736	-8.766690	2.143822	
72	0.859476	0.149040	3.402927	-105.838848	-4.045294	105.838848	-4.760351	-54.770327	11.800415	54.770327	-8.584075	2.150155	
73	0.913434	0.106743	3.412690	-110.085625	-4.061571	110.085625	-6.030014	-56.073462	12.399330	56.073462	-8.366366	2.156240	
74	0.977491	0.067334	3.419962	-114.337934	-4.085269	114.337934	-7.290435	-57.394040	13.067058	57.394040	-8.114617	2.162264	
75	1.050252	0.027634	3.424318	-118.720936	-4.123323	118.720936	-8.601693	-58.723038	13.804877	58.723038	-7.822141	2.168378	
76	1.125580	-0.017035	3.425293	-123.321859	-4.183163	123.321859	-9.975055	-60.065273	14.589571	60.065273	-7.462364	2.174711	
77	1.196854	-0.070548	3.422691	-128.201421	-4.261750	128.201421	-11.359632	-61.456385	15.380726	61.456385	-7.001903	2.181492	
78	1.265525	-0.133618	3.416739	-133.378341	-4.344710	133.378341	-12.765400	-62.923862	16.168787	62.923862	-6.437164	2.189069	
79	1.339072	-0.205096	3.407929	-138.754867	-4.420895	138.754867	-14.297696	-64.440448	16.979202	64.440448	-5.790777	2.197750	
80	1.418366	-0.285888	3.396883	-144.175563	-4.501497	144.175563	-16.013920	-65.934405	17.816115	65.934405	-5.071073	2.207724	
81	1.495905	-0.379211	3.384269	-149.572863	-4.615594	149.572863	-17.878201	-67.335550	18.648499	67.335550	-4.262836	2.219114	
82	1.566750	-0.486613	3.370804	-154.956450	-4.781533	154.956450	-19.877024	-68.590143	19.449114	68.590143	-3.354002	2.232009	
83	1.632030	-0.607969	3.357381	-160.323398	-5.003993	160.323398	-22.057837	-69.638585	20.209101	69.638585	-2.346123	2.246429	
84	1.693665	-0.743819	3.345161	-165.642992	-5.288827	165.642992	-24.448808	-70.425109	20.917270	70.425109	-1.242258	2.262316	
85	1.748309	-0.892871	3.335570	-170.821840	-5.640122	170.821840	-26.952947	-70.932102	21.531448	70.932102	-0.033462	2.279585	
86	1.786486	-1.049494	3.329943	-175.689580	-6.052236	175.689580	-29.326957	-71.195665	21.976976	71.195665	1.303182	2.298206	
87	1.800798	-1.208692	3.329054	-180.074734	-6.520498	180.074734	-31.364855	-71.259407	22.196696	71.259407	2.790782	2.318197	
88	1.790345	-1.374232	3.333123	-183.848079	-7.060292	183.848079	-33.074784	-71.079769	22.177834	71.079769	4.453114	2.339520	
89	1.758506	-1.559112	3.341982	-186.965420	-7.709133	186.965420	-34.669760	-70.514793	21.927580	70.514793	6.321155	2.362035	
90	1.712472	-1.770991	3.355008	-189.503749	-8.500868	189.503749	-36.388711	-69.469839	21.456694	69.469839	8.422422	2.385540	
91	1.659471	-2.001243	3.371165	-191.583122	-9.435386	191.583122	-38.268503	-68.018074	20.763305	68.018074	10.779981	2.409849	
92	1.600762	-2.239080	3.388994	-193.206601	-10.492916	193.206601	-40.126837	-66.304874	19.813521	66.304874	13.424127	2.434889	
93	1.532033	-2.482707	3.406467	-194.175413	-11.651998	194.175413	-41.670682	-64.428152	18.541275	64.428152	16.376658	2.460763	
94	1.450644	-2.729490	3.421445	-194.218205	-12.887553	194.218205	-42.653778	-62.430774	16.892648	62.430774	19.621453	2.487703	
95	1.360297	-2.973761	3.432727	-193.157993	-14.207056	193.157993	-43.042621	-60.296565	14.875889	60.296565	23.137812	2.515953	
96	1.266867	-3.214310	3.440495	-191.050920	-15.666021	191.050920	-42.971678	-57.997417	12.531269	57.997417	26.951816	2.545713	
97	1.174734	-3.451278	3.445645	-188.250686	-17.318553	188.250686	-42.592314	-55.573868	9.887120	55.573868	31.109133	2.577200	
98	1.090043	-3.677302	3.449040	-185.125470	-19.171384	185.125470	-41.984173	-53.135803	6.984504	53.135803	35.606519	2.610712	
99	1.021681	-3.878492	3.451336	-181.686001	-21.186766	181.686001	-41.126870	-50.815659	3.902392	50.815659	40.372505	2.646600	
100	0.971112	-4.042094	3.453019	-177.558842	-23.318483	177.558842	-39.833895	-48.730374	0.694857	48.730374	45.340882	2.685208	
101	0.928277	-4.159890	3.454360	-172.392899	-25.533452	172.392899	-37.876127	-46.920526	-2.648790	46.920526	50.502571	2.726919	
102	0.893290	-4.236683	3.455391	-166.407089	-27.855015	166.407089	-35.517847	-45.278383	-6.061641	45.278383	55.818753	2.772134	
103	0.885503	-4.293713	3.455952	-160.199199	-30.395101	160.199199	-33.436694	-43.625999	-9.350929	43.625999	61.165251	2.821038	
104	0.918161	-4.349689	3.455756	-153.999914	-33.266905	153.999914	-31.900972	-41.878065	-12.402113	41.878065	66.417367	2.873486	
105	0.989552	-4.409199	3.454377	-147.777665	-36.516336	147.777665	-30.747783	-40.060845	-15.235267	40.060845	71.487682	2.929151	
106	1.095313	-4.466657	3.451085	-141.687587	-40.151711	141.687587	-29.844047	-38.260137	-17.885310	38.260137	76.278687	2.987646	
107	1.229925	-4.508887	3.444803	-135.795448	-44.138072	135.795448	-29.057480	-36.604373	-20.364283	36.604373	80.652864	3.048535	
108	1.383018	-4.524923	3.434484	-129.803094	-48.404786	129.803094	-28.132298	-35.213703	-22.693779	35.213703	84.486956	3.111332	
109	1.538817	-4.510846	3.419493	-123.117243	-52.894624	123.117243	-26.661226	-34.133836	-24.953538	34.133836	87.793688	3.175605	
110	1.686207	-4.461758	3.399563	-115.210890	-57.577580	115.210890	-24.360863	-33.351332	-27.202270	33.351332	90.668206	3.241118	
111	1.829045	-4.379255	3.374615	-106.114005	-62.501763	106.114005	-21.400926	-32.818850	-29.355541	32.818850	93.112053	3.307751	
112	1.974977	-4.279605	3.344714	-96.243428	-67.796531	96.243428	-18.085435	-32.452825	-31.282838	32.452825	95.039015	3.375261	
113	2.127224	-4.173865	3.310097	-85.939160	-73.542074	85.939160	-14.546595	-32.225741	-32.887261	32.225741	96.328907	3.443158	
114	2.291776	-4.053696	3.271235	-75.449869	-79.721528	75.449869	-10.913457	-32.248427	-34.025424	32.248427	96.792242	3.510720	
115	2.471599	-3.905928	3.228835	-64.956343	-86.287855	64.956343	-7.267343	-32.651197	-34.567045	32.651197	96.250960	3.577110	
116	2.658461	-3.727484	3.183658	-54.542650	-93.212316	54.542650	-3.507388	-33.446668	-34.503637	33.446668	94.658107	3.641494	
117	2.843822	-3.524083	3.136340	-44.414800	-100.531467	44.414800	0.512024	-34.622572	-33.884709	34.622572	92.085969	3.703121	
118	3.029718	-3.304138	3.087449	-34.982618	-108.392191	34.982618	4.939041	-36.268282	-32.760160	36.268282	88.722896	3.761459	
119	3.222292	-3.077923	3.037522	-26.697692	-117.006499	26.697692	10.027595	-38.516523	-31.217243	38.516523	84.856024	3.816354	
120	3.421382	-2.855993	2.986752	-19.959510	-126.522285	19.959510	16.113288	-41.471983	-29.393277	41.471983	80.777928	3.868020	
121	3.619937	-2.638770	2.934867	-15.065429	-136.885745	15.065429	23.383949	-45.182678	-27.390695	45.182678	76.637666	3.916827	
122	3.805187	-2.414180	2.881736	-12.167226	-147.786501	12.167226	31.713088	-49.558512	-25.177931	49.558512	72.291611	3.962896	
123	3.966877	-2.175333	2.827886	-11.294632	-158.939952	11.294632	40.979386	-54.490340	-22.705049	54.490340	67.569072	4.005876	
124	4.108545	-1.931586	2.774362	-12.394976	-170.460376	12.394976	51.525617	-60.106749	-20.161530	60.106749	62.781399	4.045572	
125	4.239752	-1.689582	2.722533	-15.258064	-182.588045	15.258064	63.829955	-66.649101	-17.865487	66.649101	58.470420	4.082698	
126	4.371492	-1.432505	2.673567	-19.546733	-195.262301	19.546733	77.764546	-74.253775	-15.772666	74.253775	54.606327	4.118537	
127	4.520230	-1.136705	2.627599	-25.104907	-208.365277	25.104907	92.833994	-83.058447	-13.425522	83.058447	50.572457	4.154108	
128	4.690114	-0.798683	2.583794	-31.811845	-221.850286	31.811845	108.969440	-93.176474	-10.578075	93.176474	45.994365	4.189923	
129	4.869459	-0.429608	2.541329	-39.174803	-235.546658	39.174803	126.466415	-104.582199	-7.446251	104.582199	41.065034	4.226153	
130	5.054436	-0.040070	2.500111	-46.769392	-249.339661	46.769392	145.553783	-117.262869	-4.267521	117.262869	36.055014	4.262856	
131	5.245376	0.361691	2.460643	-54.538736	-263.171661	54.538736	166.277075	-131.164215	-1.070559	131.164215	30.977539	4.300069	
132	5.442458	0.775108	2.423371	-62.362210	-276.931925	62.362210	188.448376	-146.114121	2.248881	146.114121	25.687837	4.337724	
133	5.663016	1.206978	2.388246	-70.028802	-290.787825	70.028802	211.941024	-162.112393	5.720698	162.112393	20.254996	4.375890	
134	5.933822	1.666073	2.354623	-77.483197	-305.135873	77.483197	236.757722	-179.317154	9.175226	179.317154	15.042268	4.415164	
135	6.271452	2.164465	2.321357	-84.972520	-320.236749	84.972520	262.673371	-197.820104	12.515354	197.820104	10.223873	4.456469	
136	6.680459	2.703135	2.287332	-93.105683	-336.363537	93.105683	289.677152	-217.743993	15.786996	217.743993	5.705199	4.500598	
137	7.156301	3.266368	2.252215	-102.603961	-353.815237	102.603961	318.189604	-239.233479	18.977622	239.233479	1.431929	4.548079	
138	7.687913	3.843002	2.216671	-114.007425	-372.487622	114.007425	348.228740	-262.239350	22.024741	262.239350	-2.585996	4.599101	
139	8.263064	4.426490	2.181734	-127.668840	-391.935768	127.668840	379.416130	-286.577427	24.807060	286.577427	-6.251444	4.653434	
140	8.870146	4.999028	2.147871	-143.946935	-411.768852	143.946935	411.641437	-312.069000	27.092972	312.069000	-9.316153	4.710493	
141	9.496604	5.538754	2.114703	-163.389127	-431.650765	163.389127	444.800521	-338.490581	28.750016	338.490581	-11.615552	4.769468	
142	10.129024	6.033304	2.081474	-186.649773	-451.158307	186.649773	478.298292	-365.564646	29.940047	365.564646	-13.278741	4.829433	
143	10.752460	6.475206	2.047561	-214.171870	-469.718459	214.171870	511.132852	-392.942818	30.938152	392.942818	-14.514396	4.889412	
144	11.345914	6.853805	2.012755	-246.127217	-486.490689	246.127217	541.983273	-420.038141	31.902394	420.038141	-15.363279	4.948350	
145	11.884862	7.163201	1.977178	-282.481592	-500.468796	282.481592	569.238228	-446.096339	32.911997	446.096339	-15.783876	5.005085	
146	12.357577	7.409276	1.941077	-322.807737	-510.939688	322.807737	591.626504	-470.671822	34.009769	470.671822	-15.741842	5.058534	
147	12.775005	7.606820	1.904806	-366.285306	-517.699188	366.285306	608.670451	-493.922832	35.263078	493.922832	-15.275966	5.108148	
148	13.157796	7.777957	1.868864	-411.841214	-520.788594	411.841214	620.222209	-516.304977	36.937441	516.304977	-14.676844	5.154131	
149	13.520294	7.945204	1.833896	-458.052270	-520.249969	458.052270	626.160914	-538.103661	39.385348	538.103661	-14.352306	5.197236	
150	13.865652	8.121488	1.800581	-503.110868	-515.921131	503.110868	626.303106	-559.167913	42.808011	559.167913	-14.549509	5.238511	
151	14.177672	8.300949	1.769323	-544.959647	-507.176056	544.959647	620.119152	-578.609483	47.165703	578.609483	-15.290801	5.278956	
152	14.427799	8.460169	1.739939	-581.746999	-493.399969	581.746999	607.284864	-595.279413	52.155037	595.279413	-16.361643	5.319226	
153	14.604434	8.581545	1.711572	-612.618747	-474.904163	612.618747	588.512345	-608.922463	57.465226	608.922463	-17.510103	5.359862	
154	14.730510	8.681086	1.682925	-638.018360	-453.055562	638.018360	565.237071	-620.410156	63.261050	620.410156	-18.925290	5.401687	
155	14.848350	8.803488	1.652870	-658.940101	-429.631628	658.940101	538.920180	-631.038935	70.200977	631.038935	-21.323299	5.445782	
156	14.982671	8.976620	1.620955	-675.813244	-405.933974	675.813244	510.803966	-641.512806	78.729008	641.512806	-25.257316	5.493214	
157	15.133089	9.195475	1.587344	-688.234283	-382.492090	688.234283	481.838063	-651.648631	88.748457	651.648631	-30.747719	5.544861	
158	15.290199	9.448499	1.552580	-695.354701	-359.366283	695.354701	452.521264	-660.861336	99.974709	660.861336	-37.651583	5.601288	
159	15.428557	9.714095	1.517461	-696.027180	-336.204595	696.027180	422.860282	-668.116681	111.908586	668.116681	-45.684647	5.662542	
160	15.502407	9.941994	1.482706	-689.044397	-312.354198	689.044397	392.718396	-671.874161	123.623132	671.874161	-54.149389	5.728023	
161	15.471629	10.074397	1.448622	-673.912707	-287.356086	673.912707	362.150057	-670.778564	134.141560	670.778564	-62.188424	5.796621	
162	15.323989	10.086728	1.415201	-651.386410	-261.392869	651.386410	331.397054	-664.366824	143.048305	664.366824	-69.434043	5.866967	
163	15.071036	10.002609	1.382434	-623.084661	-235.351905	623.084661	300.845324	-653.228087	150.586467	653.228087	-76.285487	5.937613	
164	14.739656	9.875080	1.350409	-590.864400	-210.461715	590.864400	271.063844	-638.814795	157.260941	638.814795	-83.478193	6.007288	
165	14.367663	9.757928	1.319218	-556.493274	-187.841193	556.493274	242.810656	-623.117485	163.497146	623.117485	-91.542253	6.075379	
166	13.996424	9.692006	1.288993	-521.248033	-168.175242	521.248033	216.781430	-608.143788	169.625359	608.143788	-100.744260	6.142304	
167	13.660617	9.701772	1.259989	-485.678241	-151.564039	485.678241	193.249183	-595.312194	175.936044	595.312194	-111.216230	6.209376	
168	13.376138	9.790567	1.232563	-450.055732	-137.728911	450.055732	172.114027	-585.107270	182.561789	585.107270	-122.895503	6.278381	
169	13.135943	9.945390	1.207155	-414.738323	-126.285897	414.738323	153.063340	-577.176658	189.375683	577.176658	-135.475477	6.351225	
170	12.924612	10.153747	1.184347	-380.062225	-116.877237	380.062225	135.718188	-571.026586	196.129630	571.026586	-148.555125	6.429689	
171	12.739407	10.412886	1.164768	-346.299984	-109.260293	346.299984	119.922910	-566.820167	202.696378	566.820167	-161.820998	6.515441	
172	12.594422	10.725046	1.148809	-313.502153	-103.189777	313.502153	105.590722	-565.285200	209.168543	565.285200	-175.113436	6.610267	
173	12.508740	11.092680	1.136517	-281.394924	-98.280958	281.394924	92.371904	-567.011237	215.795170	567.011237	-188.421168	6.716082	
174	12.494670	11.515127	1.127697	-249.714447	-94.113015	249.714447	79.810398	-572.047143	222.834443	572.047143	-201.800348	6.834591	
175	12.551381	11.982924	1.122082	-218.390853	-90.365571	218.390853	67.579157	-579.930264	230.371969	579.930264	-215.195819	6.967028	
176	12.665687	12.479689	1.119473	-187.339992	-86.837666	187.339992	55.429501	-589.930419	238.248610	589.930419	-228.322611	7.114132	
177	12.819106	12.993497	1.119666	-156.276630	-83.443930	156.276630	43.145241	-601.380122	246.144766	601.380122	-240.721201	7.276260	
178	12.993751	13.522719	1.122390	-124.802478	-80.197549	124.802478	30.592553	-613.797604	253.685948	613.797604	-251.856569	7.453502	
179	13.177867	14.073288	1.127439	-92.736059	-77.104282	92.736059	17.621411	-626.773361	260.590460	626.773361	-261.248765	7.645726	
180	13.372264	14.655131	1.134792	-60.050757	-73.974925	60.050757	3.812118	-639.838544	266.807454	639.838544	-268.631395	7.852551	
181	13.583986	15.270785	1.144548	-26.244054	-70.205980	26.244054	-11.757525	-651.969388	272.357371	651.969388	-273.868941	8.073097	
182	13.809865	15.909787	1.156720	9.501130	-64.924161	-9.501130	-30.258496	-661.331174	277.028579	661.331174	-276.734197	8.305628	
183	14.043962	16.572279	1.171144	47.333858	-57.511604	-47.333858	-52.447997	-666.338185	280.525675	666.338185	-277.080704	8.547606	
184	14.297958	17.281753	1.187643	86.664232	-47.723578	-86.664232	-78.537125	-666.372666	282.779986	666.372666	-275.137590	8.796018	
185	14.594453	18.063666	1.206084	126.660195	-35.345661	-126.660195	-108.573043	-660.875846	283.783036	660.875846	-271.353875	9.047293	
186	14.963702	18.941848	1.226306	166.318633	-19.944593	-166.318633	-142.802056	-648.718535	283.578603	648.718535	-266.458297	9.297019	
187	15.442003	19.946048	1.248164	204.484967	-1.060848	-204.484967	-181.385410	-628.647091	282.226209	628.647091	-261.435089	9.540103	
188	16.028289	21.083955	1.271598	239.949674	21.282795	-239.949674	-223.238454	-599.589137	278.875397	599.589137	-256.381275	9.771420	
189	16.663905	22.321411	1.296637	271.501810	46.422881	-271.501810	-265.413644	-560.886892	271.406794	560.886892	-249.969105	9.986627	
190	17.274319	23.605979	1.323360	297.933343	73.183278	-297.933343	-303.447674	-513.029496	257.409231	513.029496	-240.520537	10.182885	
191	17.807270	24.888247	1.351804	318.098108	99.915827	-318.098108	-331.741708	-458.265174	235.094211	458.265174	-227.080740	10.359415	
192	18.234374	26.113819	1.381918	331.054215	124.539167	-331.054215	-343.769486	-400.641467	203.533317	400.641467	-209.685080	10.517781	
193	18.541052	27.210359	1.413583	336.227183	144.690055	-336.227183	-332.696099	-345.573431	162.741112	345.573431	-189.321526	10.661829	
194	18.727134	28.099744	1.446626	333.478279	158.085078	-333.478279	-292.881991	-298.764781	113.855106	298.764781	-167.919635	10.797177	
195	18.801894	28.722367	1.480812	323.026263	163.015091	-323.026263	-221.552104	-264.553781	58.948758	264.553781	-147.870830	10.930023	
196	18.776825	29.042019	1.515816	305.481473	158.941520	-305.481473	-120.064213	-244.480817	0.755907	244.480817	-131.751852	11.065431	
197	18.669139	29.035019	1.551174	281.976464	147.011398	-281.976464	5.379508	-236.613082	-57.315517	236.613082	-122.910462	11.205477	
198	18.489851	28.677103	1.586340	254.361477	130.066564	-254.361477	144.064237	-235.687819	-111.391798	235.687819	-125.490089	11.347485	
199	18.228105	27.932986	1.620860	225.564460	112.266690	-225.564460	281.750983	-233.949625	-157.410364	233.949625	-143.893230	11.482619	
200	17.887331	26.775801	1.654420	200.096646	98.729482	-200.096646	402.137108	-222.145881	-191.504096	222.145881	-183.076364	11.594782	
201	17.546862	25.231527	1.686742	184.503086	94.703736	-184.503086	490.208922	-191.059095	-211.557124	191.059095	-248.375716	11.659907	
202	17.353865	23.388221	1.717540	186.425527	103.460764	-186.425527	537.004664	-134.480454	-219.123322	134.480454	-342.303028	11.647005	
203	17.438343	21.361457	1.746522	211.027974	123.563358	-211.027974	542.313026	-52.978578	-219.325750	52.978578	-458.226905	11.523107	
204	17.815814	19.235310	1.773379	255.784863	147.726867	-255.784863	512.312198	43.740664	-217.449369	-43.740664	-575.024119	11.263323	
205	18.315473	16.996108	1.797773	307.009721	165.225207	-307.009721	453.318145	138.205461	-213.380613	-138.205461	-659.604968	10.864428	
206	18.574548	14.519785	1.819350	343.731430	167.428646	-343.731430	368.237355	210.789904	-198.923482	-210.789904	-680.848761	10.356629	
207	18.145023	11.648417	1.837769	349.731658	152.885087	-349.731658	260.234335	247.163001	-162.589897	-247.163001	-628.425243	9.806248	
208	16.673835	8.303652	1.852732	323.488469	127.866610	-323.488469	138.273309	243.484957	-98.572087	-243.484957	-521.728456	9.303938	
209	14.056511	4.539540	1.864004	276.877262	101.855505	-276.877262	16.428278	206.545560	-11.734192	-206.545560	-399.675438	8.938322	
210	10.482832	0.509179	1.871432	225.958914	81.451200	-225.958914	-90.471318	149.072703	84.347170	-149.072703	-298.483248	8.763766	
211	6.325532	-3.578506	1.874899	183.990919	67.430070	-183.990919	-168.331393	84.669079	173.095302	-84.669079	-236.899696	8.779579	
212	1.947333	-7.497238	1.874220	160.783575	56.433681	-160.783575	-207.782836	26.993742	241.679906	-26.993742	-218.407008	8.933638	
213	-2.405826	-11.086823	1.869118	163.111927	44.461798	-163.111927	-213.207047	-9.768728	286.631647	9.768728	-238.296905	9.146768	
214	-6.592734	-14.312601	1.859277	192.336077	29.438636	-192.336077	-204.012336	-14.049381	314.155270	14.049381	-285.382349	9.341740	
215	-10.521764	-17.225095	1.844461	241.893899	12.159499	-241.893899	-203.257455	18.419598	334.214734	-18.419598	-342.846243	9.462091	
216	-14.102963	-19.874711	1.824631	297.453923	-4.293136	-297.453923	-224.342675	82.835458	353.339663	-82.835458	-392.662779	9.477472	
217	-17.237966	-22.244136	1.799850	339.897529	-16.108023	-339.897529	-265.329873	167.750041	371.363042	-167.750041	-421.151969	9.380759	
218	-19.824918	-24.234268	1.770089	350.868257	-20.294261	-350.868257	-312.383855	259.602795	382.810235	-259.602795	-421.732107	9.182242	
219	-21.755788	-25.708499	1.735318	320.605421	-15.605526	-320.605421	-347.459216	346.230825	380.490667	-346.230825	-394.451059	8.903796	
220	-22.929493	-26.544467	1.695699	254.318748	-2.782107	-254.318748	-355.009909	418.309128	359.054496	-418.309128	-344.449558	8.573862	
221	-23.283204	-26.657746	1.651661	171.304456	15.825806	-171.304456	-326.732311	469.867944	317.342384	-469.867944	-280.398011	8.222888	
222	-22.828196	-25.990785	1.603884	97.437031	37.086116	-97.437031	-265.289505	499.270774	259.125006	-499.270774	-212.835575	7.878831	
223	-21.680303	-24.482716	1.553214	56.705109	58.107439	-56.705109	-187.264405	510.540545	192.585278	-510.540545	-152.198427	7.562723	
224	-20.048195	-22.060266	1.500613	64.821879	77.200585	-64.821879	-122.259576	512.808719	128.643526	-512.808719	-106.476778	7.285115	
225	-18.159176	-18.676481	1.447099	124.979716	94.305425	-124.979716	-103.857853	516.209215	78.024960	-516.209215	-79.328528	7.045309	
226	-16.175916	-14.385671	1.393654	226.161178	110.436641	-226.161178	-153.742014	526.170476	47.851041	-526.170476	-69.667968	6.834710	
227	-14.171034	-9.407273	1.341132	345.541722	126.381376	-345.541722	-267.750375	540.178141	39.154288	-540.178141	-72.736556	6.642934	
228	-12.164539	-4.134220	1.290234	455.605542	141.542720	-455.605542	-413.970923	549.489623	46.619088	-549.489623	-81.962499	6.463453	
229	-10.175766	0.945848	1.241505	533.583672	153.864427	-533.583672	-546.595064	544.593265	61.066345	-544.593265	-90.925245	6.296230	
230	-8.256820	5.395823	1.195376	568.585393	161.113335	-568.585393	-628.075053	520.828824	73.589645	-520.828824	-94.994295	6.146859	
231	-6.489174	8.923669	1.152243	562.068569	162.394241	-562.068569	-643.600813	480.499210	78.843347	-480.499210	-92.168249	6.023331	
232	-4.941049	11.373745	1.112497	522.833915	158.450814	-522.833915	-600.442276	430.554044	75.875670	-430.554044	-82.958138	5.932249	
233	-3.667056	12.707474	1.076435	462.596520	151.179007	-462.596520	-519.499226	379.163940	67.108158	-379.163940	-69.990420	5.875995	
234	-2.745094	12.994114	1.044155	393.325258	142.970282	-393.325258	-425.728205	333.269586	56.738751	-333.269586	-57.314197	5.851285	
235	-2.248152	12.363421	1.015508	324.730979	135.577608	-324.730979	-340.093403	296.831305	49.146382	-296.831305	-48.976926	5.849511	
236	-2.192166	10.965945	0.990121	263.032346	129.273730	-263.032346	-275.833164	270.527236	47.581375	-270.527236	-47.629748	5.858969	
237	-2.526854	8.969783	0.967476	211.283883	122.976399	-211.283883	-238.252903	252.776088	53.381896	-252.776088	-53.851023	5.867817	
238	-3.160765	6.559866	0.947001	170.347261	115.070066	-170.347261	-226.035929	241.088793	65.865419	-241.088793	-66.264493	5.866363	
239	-3.992852	3.922756	0.928123	139.786159	104.408118	-139.786159	-233.402763	233.154117	82.877621	-233.154117	-82.295825	5.848047	
240	-4.921621	1.225418	0.910309	118.551863	90.808110	-118.551863	-252.299615	227.271149	101.518880	-227.271149	-99.031706	5.809356	
241	-5.860358	-1.383207	0.893095	105.427211	75.334164	-105.427211	-274.560265	222.536645	118.900026	-222.536645	-113.954811	5.749303	
242	-6.757130	-3.760970	0.876112	99.124383	60.298173	-99.124383	-293.672470	218.852423	132.817828	-218.852423	-125.434268	5.668724	
243	-7.582830	-5.787294	0.859107	98.309668	48.258681	-98.309668	-305.472800	216.423444	141.985883	-216.423444	-132.752487	5.569510	
244	-8.313157	-7.385259	0.841948	101.633553	40.829577	-101.633553	-308.246064	215.282874	145.975303	-215.282874	-135.878966	5.454064	
245	-8.923056	-8.526912	0.824586	107.666658	38.201924	-107.666658	-302.459317	215.162346	145.061733	-215.162346	-135.227925	5.325043	
246	-9.384116	-9.225736	0.807010	114.803982	39.298526	-114.803982	-290.024960	215.477357	139.982405	-215.477357	-131.437585	5.185351	
247	-9.669921	-9.520637	0.789229	121.425680	42.395773	-121.425680	-273.474201	215.474929	131.718201	-215.474929	-125.236215	5.038259	
248	-9.768544	-9.462199	0.771283	126.330366	45.830282	-126.330366	-255.393510	214.540585	121.373968	-214.540585	-117.414464	4.887368	
249	-9.687763	-9.108361	0.753287	129.023442	48.374858	-129.023442	-238.032913	212.389402	110.062763	-212.389402	-108.786513	4.736289	
250	-9.448006	-8.521883	0.735428	129.634748	49.309639	-129.634748	-222.897869	209.002230	98.727406	-209.002230	-100.058275	4.588244	
251	-9.079823	-7.767934	0.717897	128.640887	48.450288	-128.640887	-210.610131	204.551475	88.042066	-204.551475	-91.738841	4.445765	
252	-8.628076	-6.906685	0.700827	126.674958	46.185302	-126.674958	-201.283688	199.445349	78.448511	-199.445349	-84.166976	4.310517	
253	-8.138381	-5.988548	0.684322	124.356320	43.173950	-124.356320	-194.723319	194.126843	70.158484	-194.126843	-77.502498	4.183282	
254	-7.640791	-5.062275	0.668483	122.064687	39.897244	-122.064687	-190.198145	188.764890	63.159882	-188.764890	-71.724554	4.064151	
255	-7.155511	-4.172630	0.653391	119.934825	36.636792	-119.934825	-186.670158	183.348048	57.330592	-183.348048	-66.736867	3.952734	
256	-6.696938	-3.349218	0.639089	118.027087	33.603305	-118.027087	-183.286032	177.872952	52.514736	-177.872952	-62.432392	3.848305	
257	-6.267623	-2.605938	0.625556	116.388056	30.928626	-116.388056	-179.478899	172.295147	48.519372	-172.295147	-58.676129	3.749999	
258	-5.862027	-1.945414	0.612679	114.983311	28.692319	-114.983311	-174.950574	166.503926	45.148858	-166.503926	-55.320337	3.657020	
259	-5.476639	-1.364726	0.600254	113.673328	26.953811	-113.673328	-169.655754	160.409994	42.263209	-160.409994	-52.253524	3.568774	
260	-5.113734	-0.859697	0.588018	112.229384	25.741671	-112.229384	-163.745205	154.014879	39.791301	-154.014879	-49.422098	3.484882	
261	-4.776847	-0.425528	0.575740	110.359200	25.016139	-110.359200	-157.421151	147.381574	37.692495	-147.381574	-46.802310	3.405098	
262	-4.463114	-0.056938	0.563327	107.769058	24.660019	-107.769058	-150.786679	140.529687	35.903287	-140.529687	-44.354885	3.329288	
263	-4.169092	0.249619	0.550802	104.162266	24.557622	-104.162266	-143.960555	133.437171	34.356293	-133.437171	-42.037708	3.257483	
264	-3.902678	0.491661	0.538213	99.282598	24.641787	-99.282598	-137.219429	126.164351	33.040136	-126.164351	-39.857228	3.189765	
265	-3.672353	0.663505	0.525621	93.040924	24.833837	-93.040924	-130.856898	118.857315	31.960038	-118.857315	-37.847069	3.126076	
266	-3.477814	0.762320	0.513137	85.563348	25.021795	-85.563348	-125.023085	111.648519	31.094018	-111.648519	-36.023459	3.066147	
267	-3.324333	0.785596	0.500853	77.171679	25.121076	-77.171679	-119.764844	104.648130	30.442894	-104.648130	-34.410693	3.009533	
268	-3.223551	0.731611	0.488798	68.318712	25.084976	-68.318712	-115.085744	97.959343	30.026699	-97.959343	-33.044246	2.955640	
269	-3.178742	0.606252	0.476960	59.470179	24.884697	-59.470179	-110.977462	91.665301	29.827816	-91.665301	-31.929147	2.903769	
270	-3.180288	0.422209	0.465294	51.040786	24.504642	-51.040786	-107.379063	85.804350	29.774307	-85.804350	-31.019292	2.853167	
271	-3.207985	0.193844	0.453762	43.387431	23.908147	-43.387431	-104.057773	80.331525	29.749399	-80.331525	-30.217022	2.803094	
272	-3.241952	-0.063885	0.442366	36.756931	23.053132	-36.756931	-100.727925	75.179611	29.651826	-75.179611	-29.424825	2.752963	
273	-3.274260	-0.334964	0.431156	31.244633	21.961885	-31.244633	-97.284874	70.355822	29.449296	-70.355822	-28.599383	2.702425	
274	-3.306229	-0.603365	0.420306	26.847098	20.719071	-26.847098	-93.772328	65.911689	29.145447	-65.911689	-27.730928	2.651336	
275	-3.339541	-0.854647	0.410128	23.516193	19.407548	-23.516193	-90.218657	61.867569	28.733999	-61.867569	-26.808065	2.599738	
276	-3.371349	-1.077296	0.400928	21.141539	18.073908	-21.141539	-86.590983	58.195902	28.195654	-58.195902	-25.812055	2.547877	
277	-3.394244	-1.262985	0.392866	19.545617	16.741497	-19.545617	-82.846144	54.835226	27.508295	-54.835226	-24.720615	2.496191	
278	-3.399574	-1.406379	0.385933	18.519596	15.428169	-18.519596	-78.982869	51.708489	26.658729	-51.708489	-23.517667	2.445241	
279	-3.384240	-1.506751	0.380007	17.864887	14.152928	-17.864887	-75.069890	48.761903	25.666927	-48.761903	-22.215793	2.395578	
280	-3.353550	-1.567611	0.374972	17.429837	12.938065	-17.429837	-71.225169	45.992931	24.584838	-45.992931	-20.856220	2.347625	
281	-3.314982	-1.594769	0.370739	17.118844	11.806977	-17.118844	-67.556442	43.426381	23.458198	-43.426381	-19.477061	2.301660	
282	-3.272291	-1.597620	0.367255	16.890989	10.780771	-16.890989	-64.123091	41.082270	22.304395	-41.082270	-18.098097	2.257937	
283	-3.226604	-1.585155	0.364616	16.729919	9.871006	-16.729919	-60.932419	38.956831	21.123437	-38.956831	-16.734694	2.216769	
284	-3.179083	-1.556281	0.362988	16.577995	9.066877	-16.577995	-57.947399	37.000569	19.915849	-37.000569	-15.409166	2.178386	
285	-3.131175	-1.502894	0.362343	16.337335	8.342245	-16.337335	-55.125013	35.140655	18.692915	-35.140655	-14.148626	2.142731	
286	-3.085658	-1.421749	0.362426	15.939278	7.679571	-15.939278	-52.463826	33.337352	17.480580	-33.337352	-12.982566	2.109471	
287	-3.045403	-1.316422	0.363050	15.377922	7.066146	-15.377922	-49.960794	31.585155	16.305925	-31.585155	-11.932302	2.078133	
288	-3.012341	-1.193924	0.364298	14.684216	6.488811	-14.684216	-47.575106	29.884404	15.189331	-29.884404	-11.008760	2.048252	
289	-2.989664	-1.063200	0.366307	13.890373	5.954274	-13.890373	-45.293011	28.243172	14.153396	-28.243172	-10.222270	2.019439	
290	-2.978743	-0.933848	0.368967	13.024680	5.490524	-13.024680	-43.132065	26.678634	13.211554	-26.678634	-9.570449	1.991428	
291	-2.976402	-0.814073	0.371881	12.114850	5.122088	-12.114850	-41.078653	25.198761	12.358397	-25.198761	-9.032459	1.964120	
292	-2.980491	-0.708791	0.374499	11.172157	4.853318	-11.172157	-39.105448	23.794746	11.590074	-23.794746	-8.592101	1.937503	
293	-2.993550	-0.621643	0.376385	10.192479	4.672555	-10.192479	-37.221789	22.458749	10.915906	-22.458749	-8.244768	1.911496	
294	-3.017198	-0.557419	0.377488	9.185414	4.557981	-9.185414	-35.443252	21.187331	10.338524	-21.187331	-7.973173	1.885879	
295	-3.046881	-0.520618	0.378006	8.179176	4.474119	-8.179176	-33.728355	19.960096	9.838005	-19.960096	-7.737145	1.860438	
296	-3.074275	-0.512747	0.378071	7.197671	4.372684	-7.197671	-31.985804	18.739287	9.380163	-18.739287	-7.492825	1.835123	
297	-3.090573	-0.530711	0.377729	6.252670	4.203489	-6.252670	-30.130844	17.488703	8.927832	-17.488703	-7.206241	1.810044	
298	-3.085632	-0.568450	0.377063	5.358303	3.927661	-5.358303	-28.099437	16.176807	8.441514	-16.176807	-6.847096	1.785391	
299	-3.047575	-0.619359	0.376215	4.537475	3.521831	-4.537475	-25.839282	14.778179	7.879932	-14.778179	-6.385002	1.761377	
300	-2.968317	-0.675571	0.375384	3.802636	2.980292	-3.802636	-23.348694	13.293821	7.219410	-13.293821	-5.808703	1.738217	
301	-2.843362	-0.725729	0.374785	3.134035	2.310992	-3.134035	-20.651969	11.730815	6.456020	-11.730815	-5.126449	1.716160	
302	-2.661670	-0.757184	0.374524	2.492427	1.523823	-2.492427	-17.700439	10.053026	5.573322	-10.053026	-4.330680	1.695539	
303	-2.408935	-0.763070	0.374603	1.864349	0.646187	-1.864349	-14.424615	8.220927	4.549603	-8.220927	-3.404702	1.676797	
304	-2.081706	-0.742507	0.375023	1.262740	-0.257927	-1.262740	-10.856055	6.257034	3.398603	-6.257034	-2.366452	1.660394	
305	-1.686162	-0.694112	0.375751	0.674219	-1.115032	-0.674219	-7.084919	4.211307	2.163683	-4.211307	-1.263318	1.646722	
306	-1.227865	-0.614366	0.376669	0.052947	-1.881337	-0.052947	-3.168317	2.105155	0.881390	-2.105155	-0.132512	1.636137	
307	-0.712000	-0.500028	0.377646	-0.644339	-2.548264	0.644339	0.865762	-0.066163	-0.426697	0.066163	1.008569	1.628996	
308	-0.149655	-0.351510	0.378595	-1.449943	-3.129249	1.449943	4.989282	-2.311651	-1.742528	2.311651	2.150384	1.625631	
309	0.438165	-0.176131	0.379447	-2.389996	-3.654148	2.389996	9.146538	-4.622741	-3.044281	4.622741	3.283494	1.626317	
310	1.020571	0.012489	0.380158	-3.477258	-4.166909	3.477258	13.238257	-6.963356	-4.304502	6.963356	4.394620	1.631202	
311	1.548854	0.194653	0.380818	-4.663779	-4.688321	4.663779	17.044411	-9.216971	-5.461492	9.216971	5.436802	1.640266	
312	1.976022	0.352539	0.381634	-5.846839	-5.196348	5.846839	20.310949	-11.223222	-6.442370	11.223222	6.343496	1.653174	
313	2.172281	0.440950	0.382769	-6.572527	-5.520118	6.572527	22.091542	-12.338634	-6.961697	12.338634	6.833732	1.669135	
314	2.245858	0.490573	0.384218	-7.007934	-5.721846	7.007934	23.053041	-12.941105	-7.229570	12.941105	7.084197	1.686232	
