kww	// User ID
25-6-2021	// Evaluation date
p25_v_50_step_001	25-6-2021	10:11:41:725	// Source file name and timestamp
357.143	// Sampling rate
1.111	// Data capture period

1.880000	// height
87.600000	// mass


Sample #	elbVar	shldrIR	LwristLinVelo	thorJFPd	thorSTPd	UaJFPp	UaSTPp	UaJFPd	UaSTPd	FaJFPp	FaSTPp	RwristLinVelo	
0	2.038284	-0.345792	1.848771	21.450594	1.998541	-21.450594	-14.532501	14.125910	7.554758	-14.125910	-22.773658	2.083308	
1	2.136337	-0.350535	1.831961	21.555567	1.976695	-21.555567	-14.777030	14.469712	7.705987	-14.469712	-23.446051	2.073734	
2	2.251153	-0.372085	1.814522	22.031768	1.987160	-22.031768	-15.267485	15.086172	7.955528	-15.086172	-24.386234	2.061311	
3	2.280483	-0.330124	1.797717	21.179172	1.870556	-21.179172	-14.767070	14.599522	7.757069	-14.599522	-23.891576	2.047292	
4	2.261200	-0.275114	1.783629	19.882649	1.714507	-19.882649	-13.892995	13.701609	7.395555	-13.701609	-22.825979	2.033962	
5	2.189719	-0.217636	1.773037	18.214947	1.525597	-18.214947	-12.715623	12.474513	6.896142	-12.474513	-21.271333	2.022745	
6	2.077914	-0.168096	1.766262	16.416281	1.318464	-16.416281	-11.398217	11.111125	6.331062	-11.111125	-19.466761	2.014875	
7	1.949461	-0.121550	1.763244	14.700529	1.108975	-14.700529	-10.044644	9.740340	5.765338	-9.740340	-17.635989	2.011134	
8	1.827559	-0.073567	1.763710	13.239062	0.917459	-13.239062	-8.755179	8.484788	5.259778	-8.484788	-15.983611	2.011746	
9	1.720687	-0.024723	1.767287	12.091879	0.752750	-12.091879	-7.579568	7.407474	4.836628	-7.407474	-14.586608	2.016505	
10	1.632523	0.025692	1.773600	11.225730	0.611333	-11.225730	-6.510898	6.494720	4.491303	-6.494720	-13.436029	2.025093	
11	1.569829	0.081063	1.782236	10.559688	0.488674	-10.559688	-5.541870	5.717279	4.223913	-5.717279	-12.532661	2.037179	
12	1.537788	0.143827	1.792742	10.050967	0.384787	-10.050967	-4.692645	5.072740	4.045006	-5.072740	-11.902668	2.052302	
13	1.537098	0.209931	1.804654	9.753058	0.300279	-9.753058	-3.996946	4.590477	3.971952	-4.590477	-11.591677	2.069788	
14	1.568170	0.274795	1.817465	9.744947	0.236869	-9.744947	-3.477961	4.294815	4.020906	-4.294815	-11.645193	2.088735	
15	1.630628	0.342728	1.830715	10.023009	0.194839	-10.023009	-3.108570	4.145853	4.184689	-4.145853	-12.041810	2.108189	
16	1.717633	0.417543	1.844130	10.500508	0.168315	-10.500508	-2.835972	4.078568	4.433147	-4.078568	-12.696183	2.127397	
17	1.817517	0.496160	1.857631	11.074750	0.153613	-11.074750	-2.643816	4.065018	4.730274	-4.065018	-13.511135	2.145829	
18	1.918462	0.573453	1.871190	11.662061	0.151485	-11.662061	-2.537344	4.101489	5.040261	-4.101489	-14.392478	2.163050	
19	2.012131	0.644599	1.884735	12.227035	0.159437	-12.227035	-2.507681	4.185340	5.334807	-4.185340	-15.268489	2.178690	
20	2.098020	0.709783	1.898185	12.789008	0.174429	-12.789008	-2.541101	4.306784	5.600634	-4.306784	-16.109061	2.192397	
21	2.184222	0.776661	1.911511	13.349280	0.198275	-13.349280	-2.641073	4.440036	5.839185	-4.440036	-16.924422	2.203784	
22	2.276671	0.845999	1.924743	13.861668	0.232632	-13.861668	-2.824249	4.574947	6.058987	-4.574947	-17.750301	2.212472	
23	2.362437	0.894150	1.937882	14.273185	0.275335	-14.273185	-3.104301	4.773806	6.258382	-4.773806	-18.593663	2.218230	
24	2.421503	0.894775	1.950810	14.566779	0.323377	-14.566779	-3.478041	5.107383	6.424694	-5.107383	-19.406121	2.221066	
25	2.449988	0.847803	1.963355	14.772453	0.371673	-14.772453	-3.911007	5.563595	6.554917	-5.563595	-20.146866	2.221176	
26	2.453762	0.762440	1.975374	14.894035	0.415633	-14.894035	-4.377357	6.107344	6.665777	-6.107344	-20.833403	2.218754	
27	2.439415	0.642025	1.986767	14.881273	0.456939	-14.881273	-4.896602	6.723932	6.780137	-6.723932	-21.504568	2.213860	
28	2.413277	0.488028	1.997521	14.660047	0.500346	-14.660047	-5.508373	7.396435	6.908950	-7.396435	-22.169043	2.206487	
29	2.379777	0.306663	2.007742	14.214334	0.545632	-14.214334	-6.196582	8.097279	7.050485	-8.097279	-22.807679	2.196638	
30	2.344086	0.117414	2.017624	13.678952	0.586302	-13.678952	-6.846162	8.772569	7.194971	-8.772569	-23.390818	2.184377	
31	2.314808	-0.059797	2.027352	13.156666	0.621025	-13.156666	-7.389845	9.368039	7.343488	-9.368039	-23.929217	2.169818	
32	2.304460	-0.217255	2.036994	12.558031	0.657089	-12.558031	-7.898590	9.854357	7.519233	-9.854357	-24.497886	2.152930	
33	2.315943	-0.357433	2.046514	11.779174	0.700064	-11.779174	-8.442132	10.234717	7.733802	-10.234717	-25.119906	2.133469	
34	2.337883	-0.487920	2.055917	10.812659	0.750606	-10.812659	-9.019079	10.542919	7.973761	-10.542919	-25.729544	2.111191	
35	2.359401	-0.612988	2.065332	9.674613	0.805812	-9.674613	-9.599401	10.802757	8.221239	-10.802757	-26.256958	2.086040	
36	2.368364	-0.733496	2.074925	8.408514	0.857372	-8.408514	-10.107811	11.027159	8.446585	-11.027159	-26.610114	2.058252	
37	2.353863	-0.844106	2.084763	7.128806	0.893327	-7.128806	-10.432247	11.210477	8.612980	-11.210477	-26.691428	2.028393	
38	2.323365	-0.928139	2.094787	5.962657	0.906635	-5.962657	-10.523713	11.288796	8.717456	-11.288796	-26.512951	1.997150	
39	2.291494	-0.966988	2.104895	4.996431	0.894278	-4.996431	-10.388588	11.166224	8.779261	-11.166224	-26.136625	1.965079	
40	2.255023	-0.951097	2.114995	4.350733	0.843678	-4.350733	-9.956485	10.769415	8.780897	-10.769415	-25.512042	1.932908	
41	2.200405	-0.883578	2.124962	4.186848	0.741844	-4.186848	-9.134902	10.093950	8.685905	-10.093950	-24.567618	1.901928	
42	2.123457	-0.781938	2.134662	4.493560	0.598006	-4.493560	-7.983352	9.220215	8.497338	-9.220215	-23.377246	1.873551	
43	2.025067	-0.676323	2.144024	4.967295	0.438721	-4.967295	-6.676303	8.270676	8.238136	-8.270676	-22.075991	1.848657	
44	1.905344	-0.594328	2.153017	5.243540	0.288552	-5.243540	-5.358788	7.349672	7.917397	-7.349672	-20.741761	1.827570	
45	1.768091	-0.543098	2.161535	5.177261	0.156918	-5.177261	-4.077023	6.490788	7.535723	-6.490788	-19.391468	1.810400	
46	1.620024	-0.513374	2.169335	4.844512	0.040463	-4.844512	-2.802368	5.675889	7.096503	-5.675889	-18.025741	1.797403	
47	1.470936	-0.491191	2.176098	4.434925	-0.062640	-4.434925	-1.519430	4.897355	6.627857	-4.897355	-16.701812	1.789015	
48	1.332397	-0.462699	2.181716	4.164728	-0.147836	-4.164728	-0.269501	4.160505	6.179313	-4.160505	-15.520483	1.785484	
49	1.210715	-0.425543	2.186595	4.079917	-0.203357	-4.079917	0.842139	3.485274	5.789752	-3.485274	-14.553615	1.786401	
50	1.104472	-0.390041	2.191534	4.019462	-0.219690	-4.019462	1.725317	2.894452	5.464625	-2.894452	-13.795475	1.790671	
51	1.009011	-0.358846	2.197252	3.928245	-0.208939	-3.928245	2.439073	2.354466	5.178442	-2.354466	-13.161872	1.797233	
52	0.926833	-0.323437	2.204168	3.885449	-0.189181	-3.885449	3.061466	1.801449	4.929577	-1.801449	-12.622222	1.805576	
53	0.869998	-0.278994	2.212469	3.816767	-0.159087	-3.816767	3.504633	1.210677	4.767292	-1.210677	-12.271027	1.815340	
54	0.848023	-0.224438	2.222036	3.583151	-0.111447	-3.583151	3.655774	0.581923	4.736906	-0.581923	-12.199799	1.825890	
55	0.862495	-0.160784	2.232385	3.154429	-0.045819	-3.154429	3.513247	-0.081570	4.853758	0.081570	-12.436685	1.836344	
56	0.911718	-0.094431	2.242965	2.552244	0.035829	-2.552244	3.131431	-0.772184	5.123162	0.772184	-12.991949	1.845815	
57	0.994159	-0.030153	2.253549	1.850371	0.130967	-1.850371	2.554643	-1.491927	5.550013	1.491927	-13.875627	1.853710	
58	1.106942	0.032917	2.264244	1.129924	0.237814	-1.129924	1.801342	-2.251089	6.127845	2.251089	-15.067109	1.859647	
59	1.238810	0.097023	2.275214	0.408408	0.344871	-0.408408	0.957252	-3.072084	6.801271	3.072084	-16.422223	1.863185	
60	1.371519	0.160606	2.286536	-0.346250	0.428858	0.346250	0.191979	-3.986279	7.475702	3.986279	-17.710528	1.864052	
61	1.494024	0.214476	2.298276	-1.281677	0.479645	1.281677	-0.433185	-5.001917	8.097126	5.001917	-18.818519	1.862421	
62	1.608374	0.248155	2.310412	-2.625271	0.507185	2.625271	-1.017247	-6.107302	8.677504	6.107302	-19.789750	1.858633	
63	1.720502	0.261179	2.322685	-4.452590	0.521245	4.452590	-1.634892	-7.298442	9.242479	7.298442	-20.683682	1.852891	
64	1.834571	0.263920	2.334897	-6.675928	0.523218	6.675928	-2.265532	-8.583122	9.808476	8.583122	-21.527105	1.845330	
65	1.956372	0.268317	2.347131	-9.198001	0.516796	9.198001	-2.898953	-9.966555	10.404885	9.966555	-22.369138	1.836090	
66	2.089231	0.279552	2.359500	-11.882165	0.511065	11.882165	-3.551111	-11.432007	11.058748	11.432007	-23.250618	1.825174	
67	2.226239	0.292990	2.372098	-14.627527	0.512196	14.627527	-4.212185	-12.936973	11.758418	12.936973	-24.132202	1.812399	
68	2.356908	0.297777	2.385184	-17.504637	0.523195	17.504637	-4.889170	-14.435499	12.475855	14.435499	-24.942303	1.797505	
69	2.477580	0.288682	2.398946	-20.551426	0.544277	20.551426	-5.600733	-15.914979	13.197489	15.914979	-25.634966	1.780252	
70	2.589022	0.270223	2.413188	-23.658453	0.571059	23.658453	-6.317922	-17.392373	13.913066	17.392373	-26.172392	1.760532	
71	2.687749	0.247090	2.427517	-26.753945	0.596019	26.753945	-6.967133	-18.871688	14.597356	18.871688	-26.499990	1.738426	
72	2.764375	0.220319	2.441719	-29.857598	0.607600	29.857598	-7.436274	-20.345763	15.203736	20.345763	-26.537513	1.714279	
73	2.814353	0.191503	2.455769	-33.027652	0.597975	33.027652	-7.652372	-21.824262	15.702146	21.824262	-26.248943	1.688821	
74	2.844461	0.163388	2.469482	-36.299489	0.570568	36.299489	-7.659233	-23.327353	16.114532	23.327353	-25.695685	1.662980	
75	2.862103	0.136906	2.482446	-39.589135	0.530098	39.589135	-7.519718	-24.864971	16.470878	24.864971	-24.951256	1.637568	
76	2.868728	0.110306	2.494473	-42.783971	0.476072	42.783971	-7.246667	-26.436410	16.776110	26.436410	-24.050744	1.613252	
77	2.865410	0.080609	2.505809	-45.933390	0.409013	45.933390	-6.877554	-28.034727	17.038914	28.034727	-23.035050	1.590573	
78	2.855971	0.045080	2.516811	-49.212557	0.333862	49.212557	-6.518763	-29.640118	17.290568	29.640118	-21.966809	1.569890	
79	2.845693	0.006218	2.527706	-52.655190	0.256105	52.655190	-6.252844	-31.248163	17.566680	31.248163	-20.898144	1.551406	
80	2.836588	-0.025798	2.538605	-56.035859	0.177321	56.035859	-6.013433	-32.902535	17.863348	32.902535	-19.825416	1.535260	
81	2.824691	-0.042748	2.549538	-59.135227	0.097687	59.135227	-5.669032	-34.641113	18.132217	34.641113	-18.704640	1.521617	
82	2.804498	-0.044609	2.560478	-61.913941	0.018691	61.913941	-5.179216	-36.438479	18.334109	36.438479	-17.516711	1.510642	
83	2.772028	-0.032119	2.571299	-64.338231	-0.060460	64.338231	-4.528261	-38.253032	18.455504	38.253032	-16.272285	1.502452	
84	2.727020	-0.007063	2.581788	-66.396261	-0.138909	66.396261	-3.717603	-40.066217	18.497573	40.066217	-14.993059	1.497140	
85	2.676424	0.018376	2.591821	-68.369745	-0.206978	68.369745	-2.918996	-41.859420	18.492332	41.859420	-13.721117	1.494753	
86	2.624940	0.032106	2.601416	-70.594846	-0.261720	70.594846	-2.250850	-43.641312	18.466086	43.641312	-12.483032	1.495258	
87	2.564373	0.038816	2.610600	-72.981367	-0.318698	72.981367	-1.483844	-45.469531	18.383784	45.469531	-11.255363	1.498697	
88	2.486417	0.046745	2.619350	-75.330053	-0.387483	75.330053	-0.416337	-47.379570	18.207434	47.379570	-10.020509	1.505297	
89	2.398176	0.047253	2.627611	-77.854448	-0.456173	77.854448	0.694407	-49.325223	17.986358	49.325223	-8.817629	1.515239	
90	2.315041	0.023921	2.635310	-80.962358	-0.508876	80.962358	1.388893	-51.219346	17.823928	51.219346	-7.698496	1.528344	
91	2.244538	-0.027483	2.642435	-84.823864	-0.538483	84.823864	1.477383	-53.033517	17.762031	53.033517	-6.668782	1.544140	
92	2.181908	-0.099105	2.649085	-89.340251	-0.545720	89.340251	1.101081	-54.818487	17.745929	54.818487	-5.702249	1.562297	
93	2.117036	-0.180653	2.655430	-94.332682	-0.537112	94.332682	0.527224	-56.644464	17.688124	56.644464	-4.783825	1.582849	
94	2.044109	-0.264469	2.661645	-99.661257	-0.520534	99.661257	-0.046608	-58.544977	17.546073	58.544977	-3.926318	1.606010	
95	1.970054	-0.350723	2.667832	-105.280088	-0.498269	105.280088	-0.726024	-60.447154	17.385439	60.447154	-3.160896	1.631826	
96	1.909465	-0.445953	2.674052	-111.232563	-0.466860	111.232563	-1.830226	-62.237615	17.321217	62.237615	-2.507246	1.659938	
97	1.870359	-0.555823	2.680426	-117.576553	-0.424182	117.576553	-3.505258	-63.910568	17.389364	63.910568	-1.965046	1.689796	
98	1.853965	-0.685552	2.687149	-124.311895	-0.375771	124.311895	-5.752617	-65.474461	17.583974	65.474461	-1.525604	1.720963	
99	1.859860	-0.838942	2.694435	-131.297052	-0.336337	131.297052	-8.578969	-66.839206	17.929872	66.839206	-1.159311	1.753004	
100	1.883455	-1.010814	2.702382	-138.241593	-0.322023	138.241593	-11.843090	-67.935030	18.427499	67.935030	-0.810011	1.785396	
101	1.916546	-1.190793	2.710863	-144.862452	-0.342931	144.862452	-15.271861	-68.775229	19.024981	68.775229	-0.416639	1.817705	
102	1.954022	-1.372754	2.719603	-150.999489	-0.404079	150.999489	-18.686475	-69.376248	19.669296	69.376248	0.066471	1.849677	
103	2.000407	-1.550280	2.728221	-156.592593	-0.504788	156.592593	-22.070293	-69.750141	20.354219	69.750141	0.656858	1.881175	
104	2.063355	-1.712332	2.736290	-161.574849	-0.641279	161.574849	-25.409126	-69.939801	21.092234	69.939801	1.361046	1.912120	
105	2.140954	-1.853117	2.743551	-165.827536	-0.815707	165.827536	-28.584874	-69.967247	21.846973	69.967247	2.204671	1.942536	
106	2.227805	-1.976345	2.750037	-169.320171	-1.036317	169.320171	-31.521340	-69.822124	22.562206	69.822124	3.210987	1.972567	
107	2.322996	-2.084804	2.755957	-172.098184	-1.312846	172.098184	-34.237554	-69.518649	23.212695	69.518649	4.382587	2.002429	
108	2.424461	-2.177247	2.761506	-174.190033	-1.655507	174.190033	-36.777194	-69.071719	23.778761	69.071719	5.729705	2.032347	
109	2.529129	-2.255704	2.766686	-175.689866	-2.071883	175.689866	-39.238115	-68.461989	24.236158	68.461989	7.267072	2.062563	
110	2.634825	-2.325044	2.771306	-176.689763	-2.563622	176.689763	-41.678033	-67.675400	24.558980	67.675400	8.995099	2.093329	
111	2.735026	-2.388724	2.775221	-177.143618	-3.122806	177.143618	-43.934239	-66.749600	24.692133	66.749600	10.910765	2.124922	
112	2.820220	-2.445769	2.778479	-176.900919	-3.724744	176.900919	-45.714635	-65.762886	24.564907	65.762886	12.995141	2.157661	
113	2.887627	-2.487539	2.781189	-175.895762	-4.329223	175.895762	-46.905500	-64.798831	24.161964	64.798831	15.177196	2.191847	
114	2.940118	-2.503098	2.783397	-174.211663	-4.896304	174.211663	-47.570056	-63.942000	23.525475	63.942000	17.350560	2.227670	
115	2.972050	-2.485506	2.785098	-171.785912	-5.391280	171.785912	-47.602722	-63.260248	22.657643	63.260248	19.436484	2.265204	
116	2.977481	-2.435465	2.786264	-168.604388	-5.788717	168.604388	-46.952558	-62.776339	21.567877	62.776339	21.391192	2.304426	
117	2.970752	-2.364709	2.786905	-165.176851	-6.098885	165.176851	-46.067041	-62.482344	20.404400	62.482344	23.172483	2.345161	
118	2.966227	-2.281043	2.787063	-161.942161	-6.347989	161.942161	-45.330023	-62.363566	19.302101	62.363566	24.756062	2.387063	
119	2.961460	-2.183066	2.786720	-158.837148	-6.540767	158.837148	-44.751862	-62.362763	18.262999	62.362763	26.136814	2.429725	
120	2.958362	-2.079907	2.785812	-155.863155	-6.693116	155.863155	-44.495049	-62.365074	17.305674	62.365074	27.296402	2.472701	
121	2.963186	-1.988135	2.784336	-153.221485	-6.844458	153.221485	-44.713763	-62.313167	16.459299	62.313167	28.240977	2.515502	
122	2.971936	-1.920629	2.782486	-151.101318	-7.029650	151.101318	-45.212068	-62.252602	15.663370	62.252602	29.049655	2.557724	
123	2.973176	-1.888076	2.780836	-149.491896	-7.274356	149.491896	-45.677367	-62.164668	14.802637	62.164668	29.837414	2.599159	
124	2.959675	-1.893596	2.780424	-148.083211	-7.602436	148.083211	-45.976888	-61.900713	13.802001	61.900713	30.683575	2.639725	
125	2.935475	-1.932235	2.782252	-146.574608	-8.035140	146.574608	-46.205875	-61.343135	12.685057	61.343135	31.577916	2.679386	
126	2.904286	-1.993751	2.786478	-144.826813	-8.561918	144.826813	-46.419086	-60.489845	11.492404	60.489845	32.440433	2.718167	
127	2.862283	-2.063835	2.792319	-142.756215	-9.146372	142.756215	-46.533341	-59.373217	10.206598	59.373217	33.245070	2.756174	
128	2.809785	-2.131121	2.798708	-140.261452	-9.784203	140.261452	-46.528188	-57.986479	8.816126	57.986479	34.063166	2.793564	
129	2.751594	-2.191124	2.804801	-137.242126	-10.503566	137.242126	-46.440073	-56.296751	7.347675	56.296751	34.920032	2.830482	
130	2.686032	-2.247032	2.810058	-133.607635	-11.334087	133.607635	-46.156786	-54.248995	5.797715	54.248995	35.778492	2.866923	
131	2.615261	-2.301794	2.814226	-129.248558	-12.315005	129.248558	-45.532206	-51.830128	4.165513	51.830128	36.664220	2.902721	
132	2.557037	-2.345421	2.817284	-124.215786	-13.479743	124.215786	-44.699461	-49.188178	2.568360	49.188178	37.542237	2.937730	
133	2.524960	-2.366349	2.819310	-118.635475	-14.841407	118.635475	-43.843413	-46.509357	1.142062	46.509357	38.256778	2.971868	
134	2.516321	-2.363597	2.820400	-112.440943	-16.417962	112.440943	-42.886891	-43.871700	-0.096057	43.871700	38.726049	3.005116	
135	2.528346	-2.332780	2.820572	-105.599424	-18.220367	105.599424	-41.758811	-41.351200	-1.132455	41.351200	38.900470	3.037545	
136	2.564793	-2.262229	2.819700	-98.319624	-20.241725	98.319624	-40.558178	-39.077003	-1.877058	39.077003	38.658093	3.069169	
137	2.627364	-2.146846	2.817617	-90.844469	-22.482367	90.844469	-39.324334	-37.161044	-2.258746	37.161044	37.913871	3.099806	
138	2.712472	-1.992335	2.814259	-83.250664	-24.956061	83.250664	-37.940176	-35.668407	-2.277961	35.668407	36.683385	3.129164	
139	2.815040	-1.808136	2.809624	-75.526018	-27.690832	75.526018	-36.250257	-34.624390	-1.975859	34.624390	35.047928	3.156990	
140	2.928974	-1.605488	2.803712	-67.698789	-30.734346	67.698789	-34.082607	-34.018237	-1.438851	34.018237	33.162854	3.183176	
141	3.044167	-1.402325	2.796719	-59.782465	-34.151820	59.782465	-31.167058	-33.796421	-0.838212	33.796421	31.294235	3.207925	
142	3.151302	-1.215600	2.789179	-51.779314	-38.001194	51.779314	-27.259076	-33.893502	-0.346793	33.893502	29.691912	3.231793	
143	3.247930	-1.047474	2.781565	-43.785302	-42.294699	43.785302	-22.341435	-34.289243	-0.006463	34.289243	28.402685	3.255455	
144	3.334252	-0.890730	2.773946	-35.950666	-47.001071	35.950666	-16.542451	-35.009367	0.229598	35.009367	27.331372	3.279441	
145	3.407733	-0.745180	2.766201	-28.397165	-52.093730	28.397165	-9.928417	-36.060324	0.391679	36.060324	26.393544	3.304069	
146	3.465754	-0.618533	2.758304	-21.253094	-57.588545	21.253094	-2.472867	-37.412905	0.490247	37.412905	25.542971	3.329507	
147	3.509852	-0.504377	2.750301	-14.659651	-63.452482	14.659651	5.701915	-39.062540	0.607655	39.062540	24.645640	3.355689	
148	3.544140	-0.374542	2.742149	-8.709634	-69.505849	8.709634	14.179356	-41.029095	0.941755	41.029095	23.397037	3.382063	
149	3.572354	-0.214417	2.733690	-3.450721	-75.624014	3.450721	22.735951	-43.328334	1.540071	43.328334	21.740433	3.407876	
150	3.599848	-0.040805	2.724858	1.057108	-81.929178	-1.057108	31.694062	-46.014545	2.137634	46.014545	20.117017	3.433052	
151	3.634890	0.127272	2.715860	4.728771	-88.611774	-4.728771	41.487461	-49.208433	2.487092	49.208433	18.926976	3.458432	
152	3.682028	0.283102	2.707063	7.499160	-95.725553	-7.499160	52.358071	-53.019799	2.535889	53.019799	18.227935	3.485168	
153	3.735365	0.422149	2.698707	9.299515	-103.156421	-9.299515	64.429923	-57.442766	2.300398	57.442766	17.914273	3.514164	
154	3.784824	0.542192	2.690823	10.039707	-110.694416	-10.039707	77.685672	-62.383262	1.848525	62.383262	17.797598	3.545726	
155	3.831142	0.647561	2.683413	9.675415	-118.242707	-9.675415	92.068245	-67.849173	1.245254	67.849173	17.766169	3.579560	
156	3.888170	0.741885	2.676576	8.187037	-125.931582	-8.187037	107.746548	-74.037326	0.413910	74.037326	17.968771	3.615386	
157	3.969458	0.824863	2.670383	5.547595	-133.913990	-5.547595	124.997645	-81.139654	-0.775584	81.139654	18.608118	3.653462	
158	4.078094	0.898554	2.664721	1.822706	-142.132177	-1.822706	143.812154	-89.124839	-2.317910	89.124839	19.651557	3.694343	
159	4.210182	0.968649	2.659253	-2.785813	-150.339640	2.785813	163.800958	-97.740356	-4.081912	97.740356	20.889364	3.738304	
160	4.370532	1.049664	2.653513	-8.091937	-158.308101	8.091937	184.333228	-106.796024	-5.868905	106.796024	22.088041	3.785239	
161	4.575409	1.170007	2.647077	-13.935060	-165.906930	13.935060	204.632491	-116.329856	-7.489936	116.329856	23.078069	3.834978	
162	4.828952	1.353932	2.639700	-20.024808	-172.933880	20.024808	223.874446	-126.263474	-8.874001	126.263474	23.780250	3.887260	
163	5.115984	1.603895	2.631343	-26.144889	-179.161433	26.144889	241.444669	-136.252290	-10.001406	136.252290	24.107868	3.941292	
164	5.423488	1.910629	2.622124	-32.369729	-184.620129	32.369729	257.175482	-146.108126	-10.802197	146.108126	23.924297	3.995644	
165	5.749672	2.259643	2.612232	-38.858695	-189.658202	38.858695	271.495006	-156.045212	-11.261403	156.045212	23.189409	4.048702	
166	6.093662	2.624962	2.601805	-45.722685	-194.754022	45.722685	285.380881	-166.422648	-11.538055	166.422648	22.069575	4.099198	
167	6.445927	2.976518	2.590808	-52.999088	-200.215252	52.999088	299.744498	-177.341359	-11.880928	177.341359	20.830061	4.146330	
168	6.789769	3.291555	2.579015	-60.553426	-206.057367	60.553426	314.932279	-188.569445	-12.462662	188.569445	19.666044	4.189474	
169	7.114920	3.556180	2.566067	-68.216256	-212.270869	68.216256	331.090217	-199.917122	-13.344274	199.917122	18.691356	4.228038	
170	7.424413	3.762017	2.551550	-76.010343	-219.039414	76.010343	348.646998	-211.498887	-14.575913	211.498887	18.053719	4.261781	
171	7.723991	3.908736	2.535119	-84.199459	-226.513468	84.199459	367.846680	-223.497126	-16.131711	223.497126	17.855308	4.291080	
172	8.015708	4.010736	2.516596	-93.373153	-234.601119	93.373153	388.107082	-235.954580	-17.723207	235.954580	17.950145	4.316637	
173	8.301184	4.089361	2.495936	-104.479613	-243.148136	104.479613	408.433168	-248.908316	-18.879910	248.908316	18.020046	4.339152	
174	8.581241	4.161058	2.473157	-118.534326	-252.045098	118.534326	427.931265	-262.431720	-19.185595	262.431720	17.807109	4.359316	
175	8.856840	4.240681	2.448272	-136.288764	-261.108611	136.288764	445.673712	-276.542752	-18.363867	276.542752	17.181646	4.377877	
176	9.130202	4.344224	2.421251	-158.176757	-270.021379	158.176757	460.587834	-291.148297	-16.250113	291.148297	16.089141	4.395667	
177	9.399754	4.483338	2.392071	-184.315165	-278.372594	184.315165	471.581208	-306.009743	-12.775282	306.009743	14.517529	4.413571	
178	9.662853	4.669267	2.360807	-214.374029	-285.832386	214.374029	477.809979	-320.956159	-7.905055	320.956159	12.417377	4.432453	
179	9.925294	4.919436	2.327664	-247.530670	-292.317874	247.530670	478.944064	-336.145630	-1.562903	336.145630	9.613298	4.453139	
180	10.196918	5.246152	2.292953	-282.594080	-297.897390	282.594080	475.182885	-351.871614	6.251809	351.871614	5.947682	4.476515	
181	10.480086	5.642235	2.257104	-318.077395	-302.580088	318.077395	467.108357	-368.181602	15.269246	368.181602	1.520595	4.503632	
182	10.767826	6.084512	2.220630	-352.195703	-306.230189	352.195703	455.504286	-384.823697	25.002346	384.823697	-3.339127	4.535631	
183	11.046483	6.545156	2.184064	-383.090465	-308.625599	383.090465	441.211829	-401.412754	34.944175	401.412754	-8.279404	4.573529	
184	11.302920	7.001776	2.147908	-409.452135	-309.664490	409.452135	425.188301	-417.651812	44.700559	417.651812	-13.067231	4.617991	
185	11.539354	7.447221	2.112621	-431.141603	-309.611120	431.141603	408.654387	-433.662595	54.109049	433.662595	-17.680526	4.669238	
186	11.772528	7.884839	2.078546	-448.876210	-308.936640	448.876210	392.857790	-449.838936	63.201099	449.838936	-22.233775	4.727177	
187	12.010790	8.309990	2.045781	-463.151875	-307.794486	463.151875	378.547366	-466.063978	71.961218	466.063978	-26.754297	4.791478	
188	12.244680	8.710372	2.014144	-474.036540	-305.984667	474.036540	365.870982	-481.627975	80.317387	481.627975	-31.236048	4.861351	
189	12.461025	9.081750	1.983325	-481.633901	-303.346158	481.633901	354.659101	-496.026918	88.317004	496.026918	-35.840657	4.935499	
190	12.653467	9.426016	1.953074	-485.911344	-299.761109	485.911344	344.573493	-509.161093	96.051644	509.161093	-40.762189	5.012459	
191	12.817033	9.735459	1.923184	-486.666530	-295.055877	486.666530	335.291411	-520.839575	103.435366	520.839575	-45.938629	5.090956	
192	12.941326	9.988241	1.893410	-483.931843	-289.163522	483.931843	326.743071	-530.609090	110.169313	530.609090	-51.002702	5.170026	
193	13.016000	10.164327	1.863592	-478.014229	-282.188704	478.014229	318.981103	-537.985807	115.994701	537.985807	-55.574996	5.249003	
194	13.034361	10.258313	1.833764	-469.442210	-274.359037	469.442210	311.934874	-542.609806	120.876285	542.609806	-59.545744	5.327348	
195	12.995602	10.280790	1.804038	-458.849742	-265.986714	458.849742	305.378154	-544.396629	124.989301	544.396629	-63.113263	5.404478	
196	12.913726	10.262855	1.774446	-446.700073	-257.347167	446.700073	298.945869	-543.665019	128.746294	543.665019	-66.777585	5.479809	
197	12.809264	10.243039	1.744958	-433.401755	-248.622347	433.401755	292.293837	-540.882011	132.586837	540.882011	-71.089611	5.552872	
198	12.696900	10.245536	1.715580	-419.540277	-239.986568	419.540277	285.345047	-536.487646	136.691881	536.487646	-76.298722	5.623404	
199	12.588733	10.278190	1.686426	-405.639387	-231.570726	405.639387	278.256971	-530.907865	141.042847	530.907865	-82.371102	5.691469	
200	12.489845	10.334010	1.657709	-391.797537	-223.340420	391.797537	271.178747	-524.284660	145.510032	524.284660	-89.149596	5.757383	
201	12.394462	10.395884	1.629763	-377.669464	-215.082433	377.669464	264.037072	-516.399427	149.892653	516.399427	-96.444615	5.821410	
202	12.295907	10.448509	1.603013	-362.734385	-206.481264	362.734385	256.530034	-506.964237	154.032132	506.964237	-104.097625	5.883672	
203	12.192618	10.483964	1.577893	-346.575325	-197.296801	346.575325	248.377894	-495.865667	157.855734	495.865667	-111.986547	5.944260	
204	12.086901	10.502366	1.554792	-328.977281	-187.525787	328.977281	239.507254	-483.339723	161.358740	483.339723	-120.014762	6.003343	
205	11.979846	10.506244	1.534107	-309.786814	-177.327601	309.786814	229.958920	-469.853517	164.546509	469.853517	-128.070200	6.061251	
206	11.868029	10.489446	1.516311	-288.716924	-166.827924	288.716924	219.758947	-455.736072	167.369784	455.736072	-135.943984	6.118407	
207	11.745958	10.436811	1.501868	-265.409086	-156.102803	265.409086	208.941225	-441.071627	169.746657	441.071627	-143.349341	6.175165	
208	11.609733	10.338734	1.491151	-239.837731	-145.337804	239.837731	197.629875	-425.932065	171.643074	425.932065	-150.067412	6.231794	
209	11.462822	10.203994	1.484490	-212.598710	-134.898521	212.598710	186.086207	-410.718578	173.167833	410.718578	-156.079558	6.288694	
210	11.319433	10.054867	1.482169	-184.482618	-125.129830	184.482618	174.546185	-396.185049	174.595410	396.185049	-161.553769	6.346575	
211	11.202849	9.915328	1.484315	-156.098103	-116.143065	156.098103	163.028632	-383.120572	176.318120	383.120572	-166.765207	6.406431	
212	11.128577	9.803921	1.490822	-128.257748	-107.974592	128.257748	151.579151	-371.993304	178.619063	371.993304	-171.961774	6.469389	
213	11.082392	9.727807	1.501298	-101.904754	-100.799533	101.904754	140.523530	-362.793523	181.344720	362.793523	-177.097386	6.536610	
214	11.036075	9.687107	1.515068	-77.473692	-94.839520	77.473692	130.280266	-355.498280	184.065020	355.498280	-181.843124	6.609313	
215	10.977076	9.684028	1.531270	-54.949477	-90.143390	54.949477	121.028019	-350.344587	186.507354	350.344587	-185.919518	6.688867	
216	10.905918	9.720741	1.549018	-34.155897	-86.476964	34.155897	112.511363	-347.366720	188.581866	347.366720	-189.184931	6.776703	
217	10.821108	9.794807	1.567661	-14.459248	-83.442601	14.459248	104.200537	-346.328189	190.163763	346.328189	-191.465122	6.874117	
218	10.725351	9.906001	1.586953	5.297255	-80.645867	-5.297255	95.589961	-347.089975	191.190695	347.089975	-192.648867	6.982236	
219	10.642119	10.068021	1.606921	26.047555	-77.782200	-26.047555	86.318513	-349.778870	191.954437	349.778870	-193.012599	7.101972	
220	10.598496	10.299924	1.627594	48.212187	-74.659225	-48.212187	76.135764	-354.514927	192.819173	354.514927	-192.960250	7.233865	
221	10.592790	10.601124	1.648876	72.382058	-71.056189	-72.382058	64.731784	-360.793616	193.657878	360.793616	-192.411679	7.377971	
222	10.605687	10.949750	1.670514	99.519712	-66.671183	-99.519712	51.748225	-367.729841	194.030355	367.729841	-190.985617	7.533844	
223	10.629617	11.328021	1.692171	130.514592	-61.246662	-130.514592	36.918180	-374.926064	193.699507	374.926064	-188.560181	7.700591	
224	10.668468	11.735772	1.713556	166.032539	-54.517838	-166.032539	19.909167	-382.103391	192.641497	382.103391	-185.236133	7.877007	
225	10.731790	12.180535	1.734479	206.215699	-46.160823	-206.215699	0.336579	-388.354276	190.928829	388.354276	-181.220591	8.061495	
226	10.833478	12.663156	1.754811	250.198000	-35.930034	-250.198000	-21.947274	-392.343031	188.691654	392.343031	-176.875197	8.251783	
227	10.978860	13.170568	1.774465	296.338354	-23.651787	-296.338354	-46.924457	-392.471368	185.932521	392.471368	-172.499362	8.444720	
228	11.168639	13.690556	1.793427	342.686888	-9.158061	-342.686888	-74.645920	-387.145169	182.634255	387.145169	-168.343314	8.636398	
229	11.406533	14.228532	1.811742	387.101081	7.628794	-387.101081	-105.186216	-375.217485	178.858609	375.217485	-164.642030	8.822587	
230	11.674106	14.784795	1.829427	427.631488	26.605399	-427.631488	-138.285866	-355.786598	174.260003	355.786598	-161.057720	8.999220	
231	11.924207	15.336693	1.846432	462.910951	47.440166	-462.910951	-173.058457	-328.246122	167.972632	328.246122	-156.597085	9.162745	
232	12.115795	15.863200	1.862701	491.779876	69.567426	-491.779876	-208.087012	-293.006507	159.228828	293.006507	-150.409287	9.310422	
233	12.231568	16.359575	1.878291	513.103963	92.238567	-513.103963	-241.523986	-251.829285	147.670807	251.829285	-142.231993	9.440692	
234	12.267536	16.826459	1.893435	526.020333	114.495750	-526.020333	-270.908756	-207.484040	133.181692	207.484040	-132.178173	9.553485	
235	12.229875	17.262221	1.908532	529.643428	135.057916	-529.643428	-292.974380	-163.311523	115.850524	163.311523	-120.685786	9.650290	
236	12.137197	17.659374	1.924011	523.375285	152.435819	-523.375285	-303.944413	-122.902898	96.051612	122.902898	-108.663787	9.733915	
237	12.006332	18.001701	1.940048	507.902036	165.229038	-507.902036	-300.263815	-89.623403	74.257615	89.623403	-97.101549	9.808098	
238	11.841160	18.269276	1.956505	484.925835	172.302720	-484.925835	-279.293144	-65.956520	50.889728	65.956520	-86.653437	9.877095	
239	11.650932	18.448751	1.973153	456.207418	172.970355	-456.207418	-239.946753	-53.007918	26.582802	53.007918	-78.187340	9.945130	
240	11.466635	18.543950	1.989849	423.253704	167.145433	-423.253704	-183.017515	-50.300281	2.233416	50.300281	-73.183395	10.015598	
241	11.324966	18.576510	2.006586	387.201046	155.278390	-387.201046	-110.900791	-55.751504	-21.480930	55.751504	-73.044529	10.090327	
242	11.245632	18.571894	2.023510	348.831628	138.289748	-348.831628	-27.225310	-65.964011	-44.368583	65.964011	-78.550146	10.169098	
243	11.224908	18.547761	2.040871	308.872045	117.593014	-308.872045	63.343418	-76.835808	-66.574578	76.835808	-89.891788	10.249310	
244	11.237636	18.502661	2.058913	267.965396	95.009179	-267.965396	155.345409	-84.208851	-88.298750	84.208851	-106.817901	10.325803	
245	11.258372	18.410624	2.077768	226.895099	72.717243	-226.895099	242.757129	-84.211325	-109.520178	84.211325	-129.225601	10.390658	
246	11.297277	18.227757	2.097408	187.979190	53.486763	-187.979190	319.395345	-73.262982	-130.104420	73.262982	-157.946383	10.432726	
247	11.406443	17.897575	2.117604	156.448254	40.525160	-156.448254	380.203593	-48.632699	-150.211629	48.632699	-194.511192	10.437170	
248	11.662428	17.374441	2.137986	140.281416	36.302330	-140.281416	423.469683	-9.825106	-170.582263	9.825106	-239.654109	10.386012	
249	12.144912	16.633624	2.158162	148.277940	41.238906	-148.277940	451.380887	40.536393	-192.090020	-40.536393	-291.658755	10.260680	
250	12.882166	15.635403	2.177803	185.833671	53.072608	-185.833671	466.601876	96.843545	-213.774810	-96.843545	-345.039154	10.046901	
251	13.767351	14.296950	2.196682	249.163671	67.149736	-249.163671	466.939785	151.351123	-230.071882	-151.351123	-390.213065	9.741424	
252	14.522378	12.501308	2.214718	322.525072	78.198866	-322.525072	442.787728	195.929724	-230.124840	-195.929724	-416.441657	9.358893	
253	14.771196	10.149925	2.231917	382.595005	82.784857	-382.595005	381.649174	224.234834	-201.787950	-224.234834	-417.496238	8.935648	
254	14.183565	7.242650	2.248221	408.430351	80.485349	-408.430351	278.322951	233.095784	-138.702113	-233.095784	-395.074511	8.527186	
255	12.601995	3.912372	2.263476	391.038603	73.089902	-391.038603	142.354701	222.677831	-45.459175	-222.677831	-357.076139	8.197030	
256	10.074663	0.359790	2.277497	337.643849	62.872693	-337.643849	-3.898321	195.965859	63.086598	-195.965859	-313.832755	7.997118	
257	6.753118	-3.252409	2.289933	268.664716	51.374316	-268.664716	-134.555217	158.374423	168.164457	-158.374423	-276.930671	7.946346	
258	2.784309	-6.840877	2.300096	209.066663	39.377991	-209.066663	-230.333270	117.968887	254.673258	-117.968887	-259.340344	8.020716	
259	-1.672792	-10.369032	2.307124	177.967007	27.537538	-177.967007	-285.510279	85.270824	316.056495	-85.270824	-270.872650	8.163390	
260	-6.399344	-13.804072	2.310273	181.750150	16.796324	-181.750150	-308.836471	71.101378	354.850357	-71.101378	-310.842710	8.307232	
261	-11.113422	-17.115738	2.308929	213.539633	8.507689	-213.539633	-317.144830	82.714724	378.508960	-82.714724	-366.064378	8.395171	
262	-15.496138	-20.267699	2.302496	257.099271	4.119454	-257.099271	-324.037099	120.471490	392.861694	-120.471490	-416.376694	8.390928	
263	-19.248469	-23.165348	2.290418	292.705492	4.470772	-292.705492	-331.627491	177.711856	398.134190	-177.711856	-443.519829	8.280908	
264	-22.145786	-25.633032	2.272396	302.841967	9.431668	-302.841967	-332.072409	243.829427	390.001857	-243.829427	-437.623456	8.070756	
265	-24.043225	-27.454032	2.248615	277.445622	18.084940	-277.445622	-314.846012	307.740497	363.521737	-307.740497	-398.489492	7.780021	
266	-24.849692	-28.454792	2.219607	218.620325	29.054483	-218.620325	-272.444097	359.746559	316.832228	-359.746559	-333.336281	7.436958	
267	-24.527545	-28.578608	2.185901	141.216910	40.868109	-141.216910	-202.529710	392.645928	252.808458	-392.645928	-253.692051	7.073510	
268	-23.122666	-27.870267	2.148032	67.586988	52.390732	-67.586988	-108.938458	403.353153	178.338347	-403.353153	-172.318647	6.720096	
269	-20.794264	-26.400020	2.106787	20.288921	63.253906	-20.288921	-3.920893	394.593697	102.606492	-394.593697	-100.387659	6.400624	
270	-17.826251	-24.212943	2.063062	16.105833	74.100556	-16.105833	90.118328	375.328446	35.447327	-375.328446	-45.364621	6.128439	
271	-14.594478	-21.321091	2.017591	61.596462	86.264008	-61.596462	143.600483	358.295609	-14.489404	-358.295609	-10.071141	5.904440	
272	-11.479994	-17.734636	1.970957	150.073654	100.751975	-150.073654	129.618826	354.359953	-41.825946	-354.359953	6.716588	5.718882	
273	-8.774137	-13.520604	1.923739	261.744452	117.100188	-261.744452	37.326716	366.624046	-46.069786	-366.624046	8.530831	5.556783	
274	-6.625192	-8.848267	1.876576	369.164114	132.914818	-369.164114	-119.012436	388.260538	-31.812605	-388.260538	-0.436979	5.404702	
275	-5.020797	-4.009225	1.830193	446.979130	144.589053	-446.979130	-301.403385	405.694163	-7.186530	-405.694163	-15.846663	5.256295	
276	-3.823820	0.604673	1.785453	481.532068	149.121518	-481.532068	-462.186732	406.306085	18.916821	-406.306085	-32.973446	5.114594	
277	-2.887960	4.611293	1.743321	475.084955	145.874130	-475.084955	-565.425538	385.897681	39.610794	-385.897681	-47.261552	4.989847	
278	-2.147133	7.764149	1.704655	441.294547	136.763935	-441.294547	-599.885796	349.590523	51.505193	-349.590523	-55.660492	4.894211	
279	-1.596115	9.980320	1.670038	395.746873	125.024717	-395.746873	-575.866186	306.816518	54.650841	-306.816518	-57.379297	4.836687	
280	-1.246885	11.305179	1.639851	349.309064	113.877096	-349.309064	-514.493935	266.260734	51.514987	-266.260734	-53.827124	4.820279	
281	-1.102269	11.858756	1.614438	306.784248	105.696711	-306.784248	-437.589148	233.358725	45.638894	-233.358725	-47.863601	4.841353	
282	-1.131629	11.766074	1.594072	268.827725	101.558805	-268.827725	-361.551072	209.991282	40.428483	-209.991282	-42.620744	4.890874	
283	-1.287631	11.126438	1.578806	234.453314	101.266310	-234.453314	-296.656221	195.624984	38.453083	-195.624984	-40.693872	4.956559	
284	-1.546235	10.028005	1.568395	202.529310	103.828580	-202.529310	-248.794525	188.680546	41.297401	-188.680546	-43.767190	5.024910	
285	-1.905596	8.550864	1.562327	172.352582	107.849497	-172.352582	-220.612790	187.291536	49.611854	-187.291536	-52.351369	5.082878	
286	-2.355426	6.761253	1.559840	143.833871	111.601756	-143.833871	-212.015071	189.520990	63.101282	-189.520990	-65.741577	5.119327	
287	-2.866630	4.725044	1.559930	117.419089	113.257408	-117.419089	-220.622609	193.500543	80.539100	-193.500543	-82.275364	5.126172	
288	-3.403428	2.526613	1.561515	93.880479	111.439268	-93.880479	-242.206763	197.662972	99.955385	-197.662972	-99.733970	5.098978	
289	-3.921804	0.266347	1.563760	74.168679	105.497893	-74.168679	-270.915825	200.784038	118.895218	-200.784038	-115.732033	5.037042	
290	-4.366882	-1.955196	1.566177	59.268075	95.506685	-59.268075	-299.925385	201.961401	134.809813	-201.961401	-128.162927	4.943099	
291	-4.696992	-4.036874	1.568481	49.938352	82.481562	-49.938352	-322.828604	200.777998	145.675374	-200.777998	-135.639497	4.822574	
292	-4.895329	-5.880044	1.570477	46.517499	68.244970	-46.517499	-334.895975	197.293208	150.415522	-197.293208	-137.672483	4.682539	
293	-4.961081	-7.410608	1.572020	48.887230	54.717249	-48.887230	-333.807156	191.853880	148.967080	-191.853880	-134.620477	4.530639	
294	-4.919498	-8.577719	1.572956	56.492994	43.560002	-56.492994	-319.830324	185.075404	142.205810	-185.075404	-127.512203	4.374023	
295	-4.828978	-9.337561	1.573116	68.350877	36.098955	-68.350877	-295.533588	177.815217	131.687640	-177.815217	-117.746151	4.218158	
296	-4.740157	-9.674191	1.572405	82.903393	32.788806	-82.903393	-265.233421	170.868536	119.124051	-170.868536	-106.734792	4.066180	
297	-4.647304	-9.627763	1.570755	97.850667	32.769012	-97.850667	-233.815156	164.596036	105.874877	-164.596036	-95.604810	3.919600	
298	-4.504702	-9.276636	1.567962	110.593246	34.435138	-110.593246	-205.213972	158.884169	92.850329	-158.884169	-85.121452	3.779722	
299	-4.286803	-8.698762	1.563788	119.268763	36.471223	-119.268763	-181.646694	153.459250	80.713205	-153.459250	-75.810925	3.648096	
300	-4.014982	-7.953234	1.558115	123.292441	38.267749	-123.292441	-163.831838	148.168096	69.980055	-148.168096	-68.018300	3.525696	
301	-3.728798	-7.085553	1.550841	122.918707	39.640358	-122.918707	-151.577764	142.975837	60.931913	-142.975837	-61.835609	3.412184	
302	-3.448692	-6.143317	1.541828	118.678435	40.497780	-118.678435	-144.170331	137.865351	53.543794	-137.865351	-57.080816	3.306332	
303	-3.171927	-5.183178	1.530938	111.350073	40.810483	-111.350073	-140.469582	132.828566	47.556151	-132.828566	-53.418265	3.207044	
304	-2.896037	-4.257618	1.518135	102.057145	40.685014	-102.057145	-139.005021	127.874911	42.631680	-127.874911	-50.529895	3.113872	
305	-2.639701	-3.397342	1.503650	92.007916	40.323979	-92.007916	-138.321325	123.010811	38.505353	-123.010811	-48.211891	3.026658	
306	-2.434394	-2.615242	1.488014	82.171226	39.901539	-82.171226	-137.382423	118.247621	35.035315	-118.247621	-46.343434	2.944871	
307	-2.297620	-1.923155	1.471927	73.309623	39.501598	-73.309623	-135.625575	113.607388	32.133234	-113.607388	-44.800801	2.867505	
308	-2.226007	-1.334235	1.456031	66.066909	39.147807	-66.066909	-132.754348	109.084543	29.709038	-109.084543	-43.453044	2.793574	
309	-2.211582	-0.854210	1.440767	60.865906	38.848161	-60.865906	-128.692158	104.653748	27.706578	-104.653748	-42.225957	2.722388	
310	-2.251712	-0.480880	1.426491	57.854634	38.609440	-57.854634	-123.620945	100.312266	26.127043	-100.312266	-41.107173	2.653387	
311	-2.339606	-0.216060	1.413573	57.019809	38.397049	-57.019809	-117.685656	96.012859	24.974383	-96.012859	-40.085768	2.586018	
312	-2.448555	-0.073977	1.402348	58.341640	38.081400	-58.341640	-110.622674	91.581466	24.174785	-91.581466	-39.111578	2.519842	
313	-2.540298	-0.066616	1.393018	61.600080	37.501620	-61.600080	-102.146085	86.851803	23.587822	-86.851803	-38.125431	2.454672	
314	-2.597962	-0.179621	1.385525	65.834545	36.607060	-65.834545	-92.822080	81.886654	23.131911	-81.886654	-37.117851	2.390491	
315	-2.636504	-0.371103	1.379441	69.305945	35.474793	-69.305945	-84.074504	76.951333	22.843670	-76.951333	-36.129918	2.327233	
316	-2.676001	-0.595599	1.374046	70.277763	34.185711	-70.277763	-77.162785	72.264861	22.781687	-72.264861	-35.201374	2.264709	
317	-2.718314	-0.823376	1.368572	67.748890	32.732518	-67.748890	-72.484031	67.860555	22.927816	-67.860555	-34.330818	2.202678	
318	-2.751893	-1.037717	1.362456	61.553491	31.073364	-61.553491	-69.846471	63.685631	23.204276	-63.685631	-33.478547	2.140907	
319	-2.768211	-1.227115	1.355367	52.158091	29.229671	-52.158091	-68.949205	59.729498	23.544751	-59.729498	-32.606371	2.079264	
320	-2.765524	-1.382999	1.347094	40.466002	27.279001	-40.466002	-69.459784	56.016268	23.912964	-56.016268	-31.702418	2.017784	
321	-2.741339	-1.497657	1.337582	27.611801	25.293003	-27.611801	-70.954587	52.554377	24.275409	-52.554377	-30.764470	1.956628	
322	-2.689748	-1.565065	1.327000	14.751121	23.317943	-14.751121	-72.969697	49.325922	24.591727	-49.325922	-29.786315	1.896039	
323	-2.602694	-1.583377	1.315564	2.890317	21.373915	-2.890317	-75.042053	46.276051	24.815452	-46.276051	-28.759135	1.836383	
324	-2.474901	-1.554733	1.303445	-7.225359	19.470937	7.225359	-76.780136	43.337939	24.910791	-43.337939	-27.686944	1.778142	
325	-2.311238	-1.483948	1.290912	-15.133061	17.646868	15.133061	-77.982909	40.500967	24.879134	-40.500967	-26.601798	1.721761	
326	-2.122238	-1.376664	1.278331	-20.613120	15.952313	20.613120	-78.590185	37.797773	24.737571	-37.797773	-25.538344	1.667485	
327	-1.915356	-1.238907	1.265934	-23.661568	14.405685	23.661568	-78.552920	35.239771	24.484500	-35.239771	-24.505194	1.615383	
328	-1.696195	-1.078067	1.253759	-24.459158	13.004607	24.459158	-77.835163	32.819446	24.107602	-32.819446	-23.497045	1.565507	
329	-1.470426	-0.902959	1.241806	-23.357931	11.749708	23.357931	-76.437070	30.524775	23.599966	-30.524775	-22.511858	1.517972	
330	-1.243548	-0.722723	1.230088	-20.863521	10.641297	20.863521	-74.387930	28.336487	22.959353	-28.336487	-21.546929	1.472882	
331	-1.023807	-0.545275	1.218591	-17.521191	9.687237	17.521191	-71.774087	26.252567	22.188927	-26.252567	-20.597434	1.430272	
332	-0.821413	-0.376426	1.207416	-13.810577	8.902612	13.810577	-68.732436	24.294789	21.299725	-24.294789	-19.662455	1.390129	
333	-0.643141	-0.219616	1.196847	-10.122522	8.285417	10.122522	-65.396768	22.483157	20.303840	-22.483157	-18.742261	1.352410	
334	-0.492111	-0.077463	1.187163	-6.750730	7.814258	6.750730	-61.875490	20.823991	19.214758	-20.823991	-17.839756	1.317090	
335	-0.373682	0.044206	1.178341	-3.910726	7.472431	3.910726	-58.264433	19.313502	18.062086	-19.313502	-16.970938	1.284119	
336	-0.296796	0.135119	1.170011	-1.755158	7.253131	1.755158	-54.662315	17.944394	16.895682	-17.944394	-16.162249	1.253239	
337	-0.265706	0.186902	1.161733	-0.321297	7.142232	0.321297	-51.164194	16.708955	15.763564	-16.708955	-15.430556	1.223947	
338	-0.275730	0.197339	1.153239	0.462569	7.111656	-0.462569	-47.840132	15.591504	14.696365	-15.591504	-14.777367	1.195691	
339	-0.320689	0.165674	1.144475	0.699459	7.127133	-0.699459	-44.729438	14.567826	13.719839	-14.567826	-14.204425	1.167973	
340	-0.399056	0.091272	1.135546	0.523899	7.168290	-0.523899	-41.863560	13.630433	12.860914	-13.630433	-13.716889	1.140260	
341	-0.511863	-0.021568	1.126588	0.105229	7.246398	-0.105229	-39.289807	12.799903	12.137357	-12.799903	-13.313236	1.111949	
342	-0.653587	-0.163258	1.117630	-0.404846	7.369853	0.404846	-37.005458	12.078080	11.538501	-12.078080	-12.970216	1.082455	
343	-0.807793	-0.325533	1.108601	-0.895661	7.495466	0.895661	-34.887160	11.413524	11.019562	-11.413524	-12.641894	1.051414	
344	-0.962368	-0.503475	1.099326	-1.290624	7.571083	1.290624	-32.810746	10.759857	10.542388	-10.759857	-12.295093	1.018787	
345	-1.119772	-0.687761	1.089483	-1.557037	7.598966	1.557037	-30.783328	10.130583	10.100739	-10.130583	-11.923581	0.984656	
346	-1.279850	-0.863381	1.078824	-1.719334	7.597879	1.719334	-28.850318	9.549883	9.682388	-9.549883	-11.515490	0.949024	
347	-1.426924	-1.016770	1.067501	-1.835510	7.554476	1.835510	-26.982843	8.997546	9.245648	-8.997546	-11.040750	0.911935	
348	-1.543064	-1.138955	1.055904	-1.969467	7.444853	1.969467	-25.135207	8.436388	8.754892	-8.436388	-10.479843	0.873620	
349	-1.622998	-1.225947	1.044286	-2.182062	7.255313	2.182062	-23.311374	7.853319	8.212578	-7.853319	-9.843048	0.834499	
350	-1.671508	-1.277784	1.032719	-2.514290	6.979064	2.514290	-21.543833	7.257155	7.644529	-7.257155	-9.154776	0.795116	
351	-1.692422	-1.295551	1.021271	-2.980390	6.618373	2.980390	-19.869309	6.656518	7.072914	-6.656518	-8.436329	0.756051	
352	-1.684297	-1.280098	1.010032	-3.574528	6.186162	3.574528	-18.323170	6.048921	6.512293	-6.048921	-7.708491	0.717806	
353	-1.644057	-1.232620	0.998963	-4.271247	5.701772	4.271247	-16.933871	5.426550	5.976629	-5.426550	-6.995954	0.680787	
354	-1.568395	-1.154220	0.987913	-5.034201	5.181403	5.034201	-15.708817	4.775920	5.476903	-4.775920	-6.321163	0.645394	
355	-1.454467	-1.045652	0.976893	-5.826613	4.634419	5.826613	-14.635040	4.079072	5.020531	-4.079072	-5.698858	0.612097	
356	-1.303282	-0.908873	0.966198	-6.609381	4.071050	6.609381	-13.706080	3.331284	4.616436	-3.331284	-5.136391	0.581409	
357	-1.121025	-0.748386	0.956181	-7.342818	3.504497	7.342818	-12.926724	2.547746	4.273161	-2.547746	-4.633258	0.553844	
358	-0.916368	-0.571063	0.946975	-7.993483	2.946635	7.993483	-12.288991	1.748033	3.991985	-1.748033	-4.181016	0.529908	
359	-0.694790	-0.384346	0.938424	-8.541424	2.407485	8.541424	-11.760731	0.941198	3.763249	-0.941198	-3.767179	0.510115	
360	-0.461876	-0.194954	0.930246	-8.982188	1.902166	8.982188	-11.310128	0.137963	3.573260	-0.137963	-3.381356	0.494951	
361	-0.227094	-0.010083	0.922243	-9.322464	1.446116	9.322464	-10.907180	-0.642123	3.407200	0.642123	-3.013515	0.484743	
362	0.004245	0.162141	0.914377	-9.575832	1.038719	9.575832	-10.490643	-1.390076	3.242253	1.390076	-2.647287	0.479609	
363	0.227246	0.314244	0.906680	-9.751578	0.671753	9.751578	-9.993026	-2.101099	3.055188	2.101099	-2.266463	0.479510	
364	0.428289	0.441696	0.899139	-9.862128	0.345831	9.862128	-9.390919	-2.757882	2.835997	2.757882	-1.867347	0.484214	
365	0.594214	0.543957	0.891659	-9.944997	0.062283	9.944997	-8.691182	-3.345485	2.584373	3.345485	-1.456833	0.493220	
366	0.722839	0.620551	0.884064	-10.040603	-0.186689	10.040603	-7.891408	-3.867370	2.300364	3.867370	-1.042847	0.505807	
367	0.815590	0.667034	0.876148	-10.147584	-0.409311	10.147584	-6.987930	-4.332381	1.987437	4.332381	-0.635899	0.521125	
368	0.866051	0.679344	0.867748	-10.232960	-0.604614	10.232960	-6.013159	-4.735285	1.661331	4.735285	-0.258298	0.538234	
369	0.862788	0.662211	0.858768	-10.284628	-0.764906	10.284628	-5.040124	-5.060878	1.348097	5.060878	0.058453	0.556121	
370	0.798129	0.625793	0.849176	-10.322731	-0.883302	10.322731	-4.145307	-5.300230	1.074199	5.300230	0.286218	0.573753	
371	0.675628	0.570422	0.838967	-10.361573	-0.964032	10.361573	-3.357240	-5.465880	0.856377	5.465880	0.412960	0.590126	
372	0.511916	0.487816	0.828188	-10.397169	-1.021975	10.397169	-2.655792	-5.586564	0.696264	5.586564	0.448481	0.604410	
373	0.325206	0.379116	0.816903	-10.440877	-1.066627	10.440877	-2.031511	-5.679798	0.588419	5.679798	0.411153	0.616090	
374	0.122108	0.253997	0.805125	-10.520093	-1.097785	10.520093	-1.510175	-5.746620	0.534217	5.746620	0.309004	0.624920	
375	-0.100942	0.117568	0.792796	-10.642047	-1.115370	10.642047	-1.123007	-5.788227	0.541121	5.788227	0.141876	0.630698	
376	-0.341595	-0.027497	0.779875	-10.794964	-1.124971	10.794964	-0.866825	-5.812381	0.603693	5.812381	-0.075567	0.633193	
377	-0.576721	-0.174774	0.766454	-10.973644	-1.141552	10.973644	-0.678338	-5.835573	0.688426	5.835573	-0.297779	0.632345	
378	-0.773868	-0.315775	0.752803	-11.191668	-1.184075	11.191668	-0.474945	-5.876487	0.751040	5.876487	-0.471731	0.628482	
379	-0.921652	-0.441997	0.739318	-11.469698	-1.255682	11.469698	-0.235009	-5.933856	0.773004	5.933856	-0.579759	0.622192	
380	-1.027963	-0.545469	0.726427	-11.808540	-1.343308	11.808540	0.017166	-5.990487	0.759756	5.990487	-0.632310	0.614001	
381	-1.095627	-0.620286	0.714456	-12.180813	-1.435272	12.180813	0.272332	-6.036597	0.714917	6.036597	-0.634820	0.604321	
382	-1.122985	-0.663025	0.703596	-12.553338	-1.525041	12.553338	0.526191	-6.070821	0.640902	6.070821	-0.589994	0.593559	
383	-1.108837	-0.672564	0.693981	-12.907076	-1.612368	12.907076	0.774429	-6.101472	0.541924	6.101472	-0.505459	0.582131	
384	-1.047374	-0.651127	0.685621	-13.217981	-1.704466	13.217981	1.030716	-6.148589	0.417505	6.148589	-0.389560	0.570516	
385	-0.932912	-0.603896	0.678398	-13.443316	-1.807207	13.443316	1.309542	-6.224396	0.266746	6.224396	-0.253536	0.559307	
386	-0.767913	-0.537522	0.672270	-13.547739	-1.917658	13.547739	1.605825	-6.319704	0.094840	6.319704	-0.113269	0.549114	
387	-0.555816	-0.457297	0.667337	-13.518634	-2.029662	13.518634	1.913720	-6.421801	-0.093416	6.421801	0.019165	0.540432	
388	-0.290203	-0.360428	0.663654	-13.355606	-2.143982	13.355606	2.247259	-6.529065	-0.299457	6.529065	0.141580	0.533657	
389	0.028479	-0.238003	0.661244	-13.050314	-2.260329	13.050314	2.601474	-6.628848	-0.518160	6.628848	0.254173	0.529042	
390	0.377939	-0.088625	0.660363	-12.592712	-2.371495	12.592712	2.941946	-6.698426	-0.735261	6.698426	0.358616	0.526604	
391	0.739053	0.078258	0.661390	-12.004231	-2.478670	12.004231	3.272127	-6.739716	-0.947945	6.739716	0.468192	0.526262	
392	1.103813	0.249408	0.664430	-11.325315	-2.585883	11.325315	3.629705	-6.760673	-1.164654	6.760673	0.603663	0.528011	
393	1.451958	0.410223	0.669382	-10.597992	-2.682574	10.597992	4.026965	-6.747373	-1.386795	6.747373	0.778151	0.531825	
394	1.746405	0.542121	0.676280	-9.916455	-2.755034	9.916455	4.447824	-6.702237	-1.603968	6.702237	0.988142	0.537576	
395	1.948795	0.627343	0.685321	-9.396645	-2.794828	9.396645	4.854228	-6.652280	-1.796775	6.652280	1.212951	0.545119	
396	1.974527	0.633802	0.695799	-9.192112	-2.776179	9.192112	5.089338	-6.607668	-1.890646	6.607668	1.375764	0.553678	
