kww	// User ID
28-6-2021	// Evaluation date
p26_warmup_003	25-6-2021	13:06:15:194	// Source file name and timestamp
357.143	// Sampling rate
1.308	// Data capture period

1.850000	// height
93.400000	// mass


Sample #	elbVar	shldrIR	LwristLinVelo	thorJFPd	thorSTPd	UaJFPp	UaSTPp	UaJFPd	UaSTPd	FaJFPp	FaSTPp	RwristLinVelo	
0	0.934566	0.778148	1.530427	0.808730	0.134775	-0.808730	-0.528164	-1.572388	2.014194	1.572388	-2.972773	1.080985	
1	1.148797	0.738167	1.520379	0.713507	0.103338	-0.713507	-0.950762	-1.481397	2.347731	1.481397	-3.668233	1.087137	
2	1.334379	0.747127	1.509502	0.704811	0.067566	-0.704811	-1.372240	-1.346693	2.632705	1.346693	-4.284416	1.091964	
3	1.610122	0.564040	1.498744	0.455562	0.043051	-0.455562	-1.722554	-1.336541	3.038930	1.336541	-5.240468	1.095350	
4	1.893852	0.315928	1.489846	0.127518	0.021000	-0.127518	-2.061937	-1.354690	3.458754	1.354690	-6.257365	1.097149	
5	2.183738	0.034450	1.483750	-0.308770	-0.006431	0.308770	-2.418820	-1.406483	3.894031	1.406483	-7.300312	1.097225	
6	2.459258	-0.256739	1.481025	-0.837298	-0.039716	0.837298	-2.780039	-1.474492	4.306224	1.474492	-8.267561	1.095412	
7	2.698679	-0.542945	1.481693	-1.401617	-0.068835	1.401617	-3.049153	-1.571730	4.651324	1.571730	-9.063437	1.091779	
8	2.891863	-0.798155	1.485219	-1.959298	-0.086796	1.959298	-3.161148	-1.718051	4.908045	1.718051	-9.638311	1.086705	
9	3.036377	-1.010381	1.490737	-2.484347	-0.088153	2.484347	-3.108509	-1.916701	5.071083	1.916701	-9.981492	1.080728	
10	3.139807	-1.172724	1.497543	-2.966800	-0.075386	2.966800	-2.959684	-2.146691	5.158967	2.146691	-10.121732	1.074298	
11	3.209158	-1.284601	1.505376	-3.399107	-0.051710	3.399107	-2.765213	-2.393513	5.191877	2.393513	-10.091648	1.067661	
12	3.247580	-1.353123	1.514301	-3.765295	-0.012826	3.765295	-2.512355	-2.661644	5.178244	2.661644	-9.915202	1.061014	
13	3.276316	-1.381197	1.524484	-4.110416	0.034336	4.110416	-2.305092	-2.926454	5.168062	2.926454	-9.669502	1.054404	
14	3.317326	-1.387535	1.536084	-4.526620	0.075330	4.526620	-2.300074	-3.136145	5.214371	3.136145	-9.430683	1.047535	
15	3.377219	-1.388453	1.549111	-5.040142	0.105104	5.040142	-2.532739	-3.270930	5.330955	3.270930	-9.225195	1.039931	
16	3.450340	-1.368972	1.563172	-5.563675	0.130049	5.563675	-2.898318	-3.375678	5.510116	3.375678	-9.044427	1.031170	
17	3.511863	-1.319077	1.577520	-5.955876	0.165094	5.955876	-3.174545	-3.524137	5.697110	3.524137	-8.824786	1.021191	
18	3.539106	-1.239588	1.591506	-6.102269	0.217444	6.102269	-3.195100	-3.755694	5.831095	3.755694	-8.509749	1.010446	
19	3.536734	-1.127118	1.604902	-5.990720	0.273739	5.990720	-2.994230	-4.060363	5.918797	4.060363	-8.125289	0.999583	
20	3.528936	-0.989623	1.617803	-5.770008	0.309086	5.770008	-2.761435	-4.393159	6.020478	4.393159	-7.750144	0.989000	
21	3.527177	-0.849190	1.630466	-5.595727	0.315288	5.595727	-2.618151	-4.714561	6.159785	4.714561	-7.418436	0.978741	
22	3.511066	-0.733441	1.643114	-5.442259	0.314629	5.442259	-2.430077	-5.028187	6.260729	5.028187	-7.069216	0.968942	
23	3.463711	-0.664590	1.655709	-5.264630	0.326398	5.264630	-2.048349	-5.344139	6.250860	5.344139	-6.650607	0.960136	
24	3.398853	-0.645886	1.668155	-5.143118	0.343668	5.143118	-1.556729	-5.640821	6.156798	5.640821	-6.194903	0.952866	
25	3.332152	-0.666940	1.680669	-5.143504	0.352854	5.143504	-1.099680	-5.887444	6.022580	5.887444	-5.738315	0.947299	
26	3.269872	-0.717165	1.693403	-5.289614	0.346294	5.289614	-0.748830	-6.073008	5.868775	6.073008	-5.292486	0.943284	
27	3.219090	-0.785457	1.706064	-5.592703	0.321109	5.592703	-0.518249	-6.215889	5.723018	6.215889	-4.873700	0.940472	
28	3.174172	-0.858481	1.718316	-5.955024	0.284381	5.955024	-0.304071	-6.356449	5.579341	6.356449	-4.467781	0.938635	
29	3.129530	-0.912911	1.730069	-6.251873	0.242620	6.251873	-0.037892	-6.517780	5.435765	6.517780	-4.070006	0.937836	
30	3.100965	-0.926187	1.741344	-6.503014	0.193034	6.503014	0.130292	-6.668895	5.350112	6.668895	-3.734362	0.937943	
31	3.102013	-0.904613	1.752275	-6.792580	0.135789	6.792580	0.049691	-6.763064	5.358025	6.763064	-3.495722	0.938380	
32	3.127671	-0.869768	1.763085	-7.118988	0.078261	7.118988	-0.229350	-6.801522	5.432359	6.801522	-3.332640	0.938509	
33	3.167175	-0.836676	1.773919	-7.446911	0.024701	7.446911	-0.570840	-6.821920	5.529748	6.821920	-3.205963	0.938024	
34	3.222388	-0.807669	1.784873	-7.828529	-0.029891	7.828529	-0.968401	-6.844595	5.650595	6.844595	-3.110175	0.936801	
35	3.302741	-0.773686	1.796094	-8.340475	-0.090536	8.340475	-1.519591	-6.860727	5.828622	6.860727	-3.066649	0.934474	
36	3.390896	-0.740751	1.807694	-8.926721	-0.152269	8.926721	-2.136852	-6.864076	6.014873	6.864076	-3.024611	0.930744	
37	3.458392	-0.725101	1.819739	-9.474452	-0.208258	9.474452	-2.638446	-6.855091	6.121741	6.855091	-2.904839	0.925953	
38	3.515335	-0.715754	1.832254	-9.985079	-0.261188	9.985079	-3.087011	-6.827358	6.184774	6.827358	-2.736766	0.920486	
39	3.580575	-0.691333	1.845155	-10.462288	-0.311463	10.462288	-3.562301	-6.799081	6.271175	6.799081	-2.573177	0.914126	
40	3.633288	-0.658867	1.858380	-10.799408	-0.346360	10.799408	-3.877995	-6.814046	6.323979	6.814046	-2.368957	0.906710	
41	3.641664	-0.642030	1.871964	-10.937461	-0.355895	10.937461	-3.844303	-6.890483	6.243320	6.890483	-2.056734	0.898724	
42	3.600458	-0.654589	1.885864	-10.946425	-0.343406	10.946425	-3.476170	-7.014428	6.001192	7.014428	-1.628019	0.890880	
43	3.526658	-0.696589	1.899914	-10.912729	-0.319208	10.912729	-2.891979	-7.159462	5.638038	7.159462	-1.118192	0.883740	
44	3.439325	-0.759604	1.913872	-10.846853	-0.292244	10.846853	-2.184289	-7.303947	5.211423	7.303947	-0.568913	0.877841	
45	3.348548	-0.832619	1.927371	-10.720339	-0.265939	10.720339	-1.398302	-7.446888	4.764366	7.446888	-0.012167	0.873745	
46	3.262013	-0.905524	1.939996	-10.555437	-0.242583	10.555437	-0.607925	-7.590734	4.338170	7.590734	0.518206	0.871755	
47	3.182464	-0.977068	1.951455	-10.397518	-0.224241	10.397518	0.139589	-7.733430	3.946933	7.733430	1.011217	0.871786	
48	3.099568	-1.060159	1.961688	-10.262016	-0.209415	10.262016	0.912499	-7.883302	3.546586	7.883302	1.503246	0.873775	
49	3.010838	-1.158478	1.970924	-10.180144	-0.197822	10.180144	1.720262	-8.041578	3.121554	8.041578	2.006818	0.877897	
50	2.936842	-1.246123	1.979550	-10.198865	-0.190498	10.198865	2.401461	-8.191096	2.746310	8.191096	2.462012	0.884051	
51	2.894813	-1.294229	1.987863	-10.307161	-0.184227	10.307161	2.838771	-8.326188	2.488149	8.326188	2.814967	0.891537	
52	2.878625	-1.303026	1.995999	-10.431547	-0.176777	10.431547	3.097770	-8.460647	2.326323	8.460647	3.084877	0.899486	
53	2.878224	-1.288722	2.004006	-10.511278	-0.167878	10.511278	3.281351	-8.605841	2.214010	8.605841	3.318640	0.907242	
54	2.895338	-1.257341	2.012002	-10.550745	-0.153346	10.550745	3.410513	-8.763728	2.145630	8.763728	3.532633	0.914386	
55	2.931512	-1.207298	2.020198	-10.607724	-0.130681	10.607724	3.461135	-8.925674	2.134204	8.925674	3.716788	0.920768	
56	2.976773	-1.144829	2.028692	-10.729290	-0.105794	10.729290	3.434511	-9.071879	2.165390	9.071879	3.868353	0.926459	
57	3.012813	-1.089176	2.037432	-10.896171	-0.085575	10.896171	3.411164	-9.186873	2.177992	9.186873	4.023784	0.931602	
58	3.029719	-1.056373	2.046359	-11.059140	-0.069941	11.059140	3.479783	-9.275170	2.119289	9.275170	4.225910	0.936423	
59	3.036473	-1.040352	2.055416	-11.205094	-0.056234	11.205094	3.618717	-9.356530	2.010774	9.356530	4.464498	0.941221	
60	3.045063	-1.024739	2.064550	-11.360466	-0.044811	11.360466	3.753846	-9.447773	1.900353	9.447773	4.705550	0.946216	
61	3.060061	-0.997505	2.073706	-11.550890	-0.040175	11.550890	3.835755	-9.550032	1.817935	9.550032	4.922074	0.951422	
62	3.083824	-0.954641	2.082826	-11.743766	-0.048029	11.743766	3.838968	-9.648798	1.785434	9.648798	5.088118	0.956701	
63	3.109302	-0.912453	2.091928	-11.860712	-0.067569	11.860712	3.818674	-9.727377	1.775312	9.727377	5.222067	0.961924	
64	3.119827	-0.896723	2.101094	-11.888681	-0.091964	11.888681	3.880387	-9.781789	1.715107	9.781789	5.383990	0.967094	
65	3.109045	-0.913115	2.110414	-11.897408	-0.116789	11.897408	4.043764	-9.820716	1.574784	9.820716	5.599856	0.972317	
66	3.085648	-0.948798	2.119961	-11.933068	-0.139832	11.933068	4.257225	-9.858806	1.379501	9.858806	5.853291	0.977706	
67	3.058693	-0.992287	2.129706	-11.985558	-0.156243	11.985558	4.498203	-9.909111	1.155457	9.909111	6.129321	0.983339	
68	3.030968	-1.038747	2.139536	-12.038297	-0.161786	12.038297	4.765347	-9.972757	0.913667	9.972757	6.422639	0.989279	
69	3.000403	-1.087116	2.149393	-12.074162	-0.159046	12.074162	5.049148	-10.038121	0.656432	10.038121	6.730125	0.995569	
70	2.962965	-1.138952	2.159261	-12.060334	-0.155457	12.060334	5.354069	-10.092760	0.378756	10.092760	7.052876	1.002198	
71	2.928231	-1.191502	2.169064	-11.996372	-0.159304	11.996372	5.655595	-10.135581	0.102125	10.135581	7.384206	1.009118	
72	2.924004	-1.233933	2.178739	-11.938560	-0.177634	11.938560	5.862191	-10.176742	-0.109356	10.176742	7.700992	1.016314	
73	2.959697	-1.263893	2.188250	-11.928088	-0.209570	11.928088	5.953155	-10.226725	-0.236555	10.226725	8.001566	1.023861	
74	3.006679	-1.294846	2.197485	-11.952141	-0.245438	11.952141	6.050640	-10.287320	-0.352034	10.287320	8.320410	1.031985	
75	3.036536	-1.335550	2.206328	-11.970821	-0.276898	11.970821	6.253608	-10.351033	-0.518552	10.351033	8.674371	1.040964	
76	3.047853	-1.380966	2.214746	-11.946155	-0.302388	11.946155	6.544248	-10.409095	-0.726899	10.409095	9.043087	1.050924	
77	3.049546	-1.424491	2.222722	-11.891769	-0.323060	11.891769	6.868734	-10.457835	-0.949389	10.457835	9.406534	1.061788	
78	3.043650	-1.465302	2.230288	-11.854961	-0.337777	11.854961	7.217066	-10.497441	-1.187813	10.497441	9.768275	1.073397	
79	3.026981	-1.506630	2.237584	-11.833750	-0.342659	11.833750	7.628800	-10.533943	-1.465879	10.533943	10.148474	1.085612	
80	2.998358	-1.553118	2.244818	-11.788166	-0.334633	11.788166	8.150874	-10.580154	-1.804485	10.580154	10.571156	1.098357	
81	2.959727	-1.606769	2.252119	-11.679042	-0.312398	11.679042	8.809526	-10.643447	-2.209139	10.643447	11.049612	1.111570	
82	2.915907	-1.662624	2.259440	-11.453695	-0.274577	11.453695	9.591346	-10.719336	-2.658226	10.719336	11.566557	1.125181	
83	2.872170	-1.716136	2.266623	-11.059288	-0.220141	11.059288	10.458991	-10.803397	-3.120006	10.803397	12.093888	1.139173	
84	2.833125	-1.767446	2.273530	-10.521445	-0.152533	10.521445	11.358050	-10.898093	-3.572326	10.898093	12.619860	1.153610	
85	2.807932	-1.811500	2.280099	-9.972746	-0.085502	9.972746	12.184413	-11.009277	-3.980627	11.009277	13.129133	1.168511	
86	2.802942	-1.844574	2.286367	-9.525700	-0.039470	9.525700	12.866981	-11.140246	-4.322460	11.140246	13.612981	1.183810	
87	2.809912	-1.874660	2.292486	-9.184314	-0.024640	9.184314	13.442190	-11.282745	-4.623382	11.282745	14.086377	1.199498	
88	2.813149	-1.910915	2.298725	-8.900122	-0.030601	8.900122	13.987018	-11.419029	-4.924397	11.419029	14.560707	1.215632	
89	2.800988	-1.956295	2.305407	-8.607699	-0.039528	8.607699	14.576609	-11.533913	-5.258027	11.533913	15.041989	1.232207	
90	2.768232	-2.007257	2.312839	-8.248918	-0.049926	8.248918	15.246569	-11.618515	-5.634076	11.618515	15.523589	1.249187	
91	2.718896	-2.054100	2.321197	-7.851740	-0.077859	7.851740	15.937093	-11.675495	-6.021032	11.675495	15.971759	1.266522	
92	2.667322	-2.088701	2.330487	-7.530826	-0.135386	7.530826	16.546718	-11.723577	-6.375326	11.723577	16.366229	1.284115	
93	2.625972	-2.111212	2.340641	-7.344460	-0.221979	7.344460	17.041638	-11.776328	-6.686211	11.776328	16.724372	1.301858	
94	2.601482	-2.122924	2.351619	-7.252821	-0.336639	7.252821	17.429828	-11.834039	-6.953866	11.834039	17.061071	1.319655	
95	2.603911	-2.118761	2.363448	-7.251705	-0.479454	7.251705	17.675379	-11.905318	-7.151625	11.905318	17.366320	1.337431	
96	2.638765	-2.095423	2.376229	-7.365730	-0.640221	7.365730	17.760480	-12.002195	-7.263100	12.002195	17.633179	1.355114	
97	2.700522	-2.055524	2.390041	-7.522506	-0.803279	7.522506	17.742284	-12.128631	-7.306532	12.128631	17.869889	1.372634	
98	2.782002	-2.002454	2.404880	-7.623803	-0.960118	7.623803	17.672356	-12.287157	-7.303241	12.287157	18.085319	1.389946	
99	2.876752	-1.939451	2.420745	-7.684870	-1.106013	7.684870	17.544356	-12.474033	-7.260109	12.474033	18.274803	1.407024	
100	2.977610	-1.870804	2.437603	-7.788198	-1.233104	7.788198	17.347666	-12.677319	-7.183780	12.677319	18.431754	1.423857	
101	3.075623	-1.804810	2.455302	-7.976935	-1.332359	7.976935	17.133476	-12.884138	-7.112301	12.884138	18.586425	1.440477	
102	3.158586	-1.753339	2.473695	-8.218720	-1.396856	8.218720	17.003159	-13.082775	-7.109642	13.082775	18.797386	1.457016	
103	3.224510	-1.715920	2.492723	-8.484670	-1.422707	8.484670	16.973552	-13.271205	-7.183091	13.271205	19.070886	1.473650	
104	3.289346	-1.671395	2.512261	-8.820902	-1.405449	8.820902	16.902186	-13.458000	-7.244842	13.458000	19.324702	1.490416	
105	3.363002	-1.607469	2.532087	-9.219016	-1.342803	9.219016	16.707448	-13.645529	-7.237119	13.645529	19.503159	1.507136	
106	3.435049	-1.544547	2.551953	-9.551520	-1.246688	9.551520	16.540919	-13.830136	-7.230517	13.830136	19.682650	1.523635	
107	3.496514	-1.507571	2.571574	-9.742379	-1.139594	9.742379	16.568303	-14.017231	-7.311969	14.017231	19.971302	1.539992	
108	3.555069	-1.493064	2.590653	-9.858976	-1.043078	9.858976	16.753414	-14.219131	-7.467739	14.219131	20.378078	1.556516	
109	3.618249	-1.484230	2.608940	-9.977579	-0.970209	9.977579	16.987049	-14.435922	-7.647188	14.435922	20.854509	1.573512	
110	3.683797	-1.473749	2.626231	-10.089574	-0.918054	10.089574	17.234907	-14.654659	-7.830596	14.654659	21.367511	1.591125	
111	3.749098	-1.457994	2.642386	-10.198583	-0.877739	10.198583	17.480198	-14.867180	-8.004563	14.867180	21.892080	1.609371	
112	3.806701	-1.437701	2.657362	-10.351330	-0.846951	10.351330	17.705674	-15.067170	-8.171116	15.067170	22.409332	1.628204	
113	3.846239	-1.421490	2.671265	-10.541085	-0.825597	10.541085	17.930454	-15.248573	-8.347126	15.248573	22.908836	1.647591	
114	3.872163	-1.413490	2.684344	-10.733238	-0.818773	10.733238	18.172763	-15.420219	-8.527797	15.420219	23.390181	1.667538	
115	3.897709	-1.409585	2.696888	-10.966716	-0.832858	10.966716	18.425802	-15.600945	-8.705000	15.600945	23.876498	1.688059	
116	3.930324	-1.402846	2.709106	-11.315532	-0.859123	11.315532	18.661714	-15.808728	-8.879149	15.808728	24.387310	1.709126	
117	3.971752	-1.390117	2.721120	-11.757468	-0.888492	11.757468	18.864698	-16.054167	-9.043614	16.054167	24.914766	1.730700	
118	4.016420	-1.377261	2.733045	-12.162794	-0.928276	12.162794	19.073345	-16.325521	-9.197799	16.325521	25.441061	1.752760	
119	4.056880	-1.370383	2.744989	-12.467578	-0.987230	12.467578	19.329528	-16.602198	-9.354438	16.602198	25.963826	1.775281	
120	4.092014	-1.368685	2.756949	-12.758997	-1.066666	12.758997	19.627441	-16.878220	-9.529041	16.878220	26.500431	1.798167	
121	4.118012	-1.373947	2.768735	-13.104870	-1.158733	13.104870	19.965121	-17.147539	-9.737372	17.147539	27.057470	1.821264	
122	4.124771	-1.393802	2.780057	-13.431137	-1.249758	13.431137	20.375338	-17.395689	-9.989221	17.395689	27.614043	1.844411	
123	4.101803	-1.434109	2.790682	-13.626880	-1.339220	13.626880	20.886050	-17.609000	-10.283673	17.609000	28.134450	1.867453	
124	4.040491	-1.496434	2.800484	-13.680050	-1.437266	13.680050	21.494001	-17.776864	-10.621837	17.776864	28.592908	1.890304	
125	3.947421	-1.570138	2.809376	-13.684229	-1.550924	13.684229	22.128870	-17.899964	-10.982333	17.899964	28.977410	1.912983	
126	3.848616	-1.629715	2.817309	-13.726014	-1.687457	13.726014	22.660289	-17.990111	-11.300733	17.990111	29.273764	1.935533	
127	3.768487	-1.655363	2.824393	-13.809893	-1.850611	13.809893	23.007178	-18.063227	-11.528781	18.063227	29.489086	1.957951	
128	3.715144	-1.648315	2.830973	-13.857404	-2.031348	13.857404	23.215929	-18.133986	-11.669425	18.133986	29.656028	1.980228	
129	3.679315	-1.628401	2.837527	-13.776749	-2.208001	13.776749	23.427723	-18.201071	-11.767215	18.201071	29.810365	2.002398	
130	3.650339	-1.614760	2.844429	-13.621652	-2.371405	13.621652	23.734220	-18.267245	-11.879247	18.267245	29.998060	2.024558	
131	3.632387	-1.604200	2.851788	-13.516751	-2.539441	13.516751	24.092801	-18.354900	-12.008626	18.354900	30.232534	2.046815	
132	3.629773	-1.581779	2.859470	-13.462091	-2.716440	13.462091	24.422393	-18.462591	-12.108426	18.462591	30.453398	2.069165	
133	3.636987	-1.546041	2.867335	-13.410566	-2.882504	13.410566	24.715088	-18.573329	-12.162796	18.573329	30.612153	2.091491	
134	3.644827	-1.512804	2.875428	-13.345157	-3.031507	13.345157	25.046454	-18.688539	-12.206594	18.688539	30.723022	2.113732	
135	3.643619	-1.497530	2.884004	-13.235067	-3.168474	13.235067	25.490134	-18.804020	-12.273771	18.804020	30.803006	2.135989	
136	3.631250	-1.501012	2.893428	-13.058691	-3.291655	13.058691	26.059217	-18.910708	-12.378821	18.910708	30.872657	2.158385	
137	3.611022	-1.513949	2.904045	-12.823756	-3.401490	12.823756	26.720455	-19.005366	-12.525910	19.005366	30.955047	2.180911	
138	3.583642	-1.526628	2.916067	-12.558180	-3.513974	12.558180	27.412124	-19.078882	-12.697492	19.078882	31.026209	2.203384	
139	3.547355	-1.535477	2.929447	-12.291375	-3.652730	12.291375	28.091215	-19.122559	-12.867184	19.122559	31.040138	2.225505	
140	3.499431	-1.542343	2.943782	-12.040803	-3.831844	12.040803	28.746641	-19.135390	-13.021631	19.135390	30.972906	2.246990	
141	3.446264	-1.542740	2.958345	-11.839595	-4.063136	11.839595	29.349888	-19.139157	-13.151886	19.139157	30.838262	2.267671	
142	3.406347	-1.520824	2.972381	-11.749346	-4.357542	11.749346	29.833689	-19.176889	-13.245904	19.176889	30.679729	2.287503	
143	3.392112	-1.465198	2.985458	-11.824192	-4.709680	11.824192	30.139323	-19.268717	-13.297181	19.268717	30.528099	2.306475	
144	3.398431	-1.384541	2.997502	-12.038974	-5.102936	12.038974	30.301572	-19.401416	-13.314647	19.401416	30.385989	2.324557	
145	3.408442	-1.298021	3.008591	-12.322757	-5.520502	12.322757	30.407434	-19.552822	-13.306713	19.552822	30.220965	2.341766	
146	3.404753	-1.216981	3.018675	-12.669277	-5.947776	12.669277	30.482885	-19.700491	-13.258614	19.700491	29.959174	2.358143	
147	3.378503	-1.143362	3.027519	-13.100804	-6.374272	13.100804	30.520111	-19.833654	-13.156094	19.833654	29.548017	2.373675	
148	3.330232	-1.078784	3.035088	-13.610952	-6.797332	13.610952	30.545538	-19.966372	-13.021273	19.966372	29.018781	2.388368	
149	3.265368	-1.026701	3.041716	-14.181728	-7.229101	14.181728	30.608332	-20.124142	-12.894775	20.124142	28.448670	2.402371	
150	3.189194	-0.987032	3.047846	-14.763119	-7.684142	14.763119	30.736288	-20.311068	-12.792271	20.311068	27.879060	2.415898	
151	3.102571	-0.955791	3.053938	-15.281353	-8.156272	15.281353	30.912730	-20.499787	-12.697664	20.499787	27.291708	2.429047	
152	3.004955	-0.927632	3.060378	-15.714768	-8.632720	15.714768	31.094852	-20.666101	-12.584645	20.666101	26.647879	2.441773	
153	2.904055	-0.893901	3.067210	-16.127018	-9.125786	16.127018	31.240091	-20.826697	-12.435332	20.826697	25.941172	2.453973	
154	2.811415	-0.850424	3.074135	-16.591005	-9.664883	16.591005	31.354592	-21.023140	-12.254151	21.023140	25.206130	2.465559	
155	2.727059	-0.809331	3.080778	-17.097073	-10.270060	17.097073	31.545560	-21.282133	-12.069518	21.282133	24.482452	2.476510	
156	2.643397	-0.786881	3.086833	-17.590855	-10.951204	17.590855	31.953862	-21.621122	-11.916092	21.621122	23.802216	2.486881	
157	2.557469	-0.782170	3.091955	-18.063246	-11.708967	18.063246	32.606845	-22.055114	-11.797166	22.055114	23.164401	2.496737	
158	2.470815	-0.779364	3.095814	-18.539417	-12.527793	18.539417	33.408370	-22.579776	-11.672030	22.579776	22.512154	2.506080	
159	2.386636	-0.768517	3.098485	-19.026052	-13.384504	19.026052	34.296108	-23.190267	-11.516444	23.190267	21.814867	2.514883	
160	2.307040	-0.752978	3.100448	-19.508673	-14.258447	19.508673	35.306232	-23.896992	-11.356053	23.896992	21.113485	2.523150	
161	2.231525	-0.735100	3.102210	-19.970753	-15.134873	19.970753	36.454607	-24.697817	-11.206927	24.697817	20.431661	2.530920	
162	2.159697	-0.710588	3.104208	-20.411675	-16.009692	20.411675	37.679583	-25.563815	-11.043026	25.563815	19.734651	2.538216	
163	2.092431	-0.679195	3.106907	-20.857187	-16.883387	20.857187	38.932392	-26.462135	-10.844259	26.462135	19.000080	2.545026	
164	2.032440	-0.646121	3.110697	-21.340215	-17.749894	21.340215	40.227815	-27.384313	-10.636331	27.384313	18.272609	2.551332	
165	1.984186	-0.612510	3.115644	-21.863599	-18.599653	21.863599	41.589142	-28.343246	-10.461599	28.343246	17.619433	2.557188	
166	1.946279	-0.577120	3.121520	-22.366712	-19.419541	22.366712	43.014114	-29.327778	-10.328589	29.327778	17.048288	2.562671	
167	1.905379	-0.546644	3.128150	-22.770107	-20.190240	22.770107	44.493981	-30.288199	-10.211036	30.288199	16.503172	2.567758	
168	1.849517	-0.529897	3.135598	-23.112054	-20.922703	23.112054	46.025095	-31.221059	-10.080379	31.221059	15.933114	2.572359	
169	1.782301	-0.525001	3.144113	-23.550375	-21.682884	23.550375	47.619384	-32.214012	-9.918574	32.214012	15.324637	2.576480	
170	1.712581	-0.523406	3.154001	-24.185295	-22.525265	24.185295	49.281063	-33.332991	-9.710754	33.332991	14.672526	2.580263	
171	1.645010	-0.515532	3.165398	-25.008233	-23.432564	25.008233	50.937303	-34.539294	-9.448356	34.539294	13.973185	2.583868	
172	1.584816	-0.492476	3.178084	-25.984575	-24.355765	25.984575	52.471813	-35.747827	-9.139735	35.747827	13.244901	2.587353	
173	1.534549	-0.453685	3.191552	-27.052915	-25.263215	27.052915	53.836963	-36.891257	-8.796297	36.891257	12.505518	2.590664	
174	1.490262	-0.404890	3.205225	-28.138439	-26.141240	28.138439	55.046437	-37.944333	-8.411701	37.944333	11.743751	2.593681	
175	1.448565	-0.349286	3.218646	-29.217369	-26.986051	29.217369	56.111057	-38.910165	-7.978136	38.910165	10.948158	2.596252	
176	1.412701	-0.285797	3.231520	-30.315968	-27.807740	30.315968	57.025867	-39.790307	-7.507802	39.790307	10.137771	2.598214	
177	1.389909	-0.208866	3.243581	-31.467594	-28.624863	31.467594	57.759261	-40.594737	-7.011507	40.594737	9.330621	2.599416	
178	1.383756	-0.115341	3.254471	-32.691183	-29.448194	32.691183	58.297406	-41.352139	-6.488414	41.352139	8.524902	2.599703	
179	1.396563	-0.012548	3.263820	-34.053146	-30.317315	34.053146	58.756324	-42.138890	-5.970010	42.138890	7.754454	2.598950	
180	1.435784	0.091471	3.271332	-35.657127	-31.302045	35.657127	59.309573	-43.062300	-5.520186	43.062300	7.092023	2.597190	
181	1.502153	0.196787	3.276783	-37.504792	-32.410099	37.504792	59.985708	-44.154407	-5.160919	44.154407	6.555960	2.594617	
182	1.576878	0.305941	3.280072	-39.488279	-33.577906	39.488279	60.660155	-45.357286	-4.822230	45.357286	6.052147	2.591434	
183	1.636801	0.424100	3.281302	-41.501345	-34.751848	41.501345	61.170669	-46.606933	-4.379085	46.606933	5.429407	2.587708	
184	1.678046	0.556551	3.280752	-43.525931	-35.943079	43.525931	61.494237	-47.929571	-3.772602	47.929571	4.623327	2.583385	
185	1.715062	0.699063	3.278760	-45.661148	-37.229719	45.661148	61.845189	-49.471018	-3.064210	49.471018	3.707499	2.578459	
186	1.764950	0.846153	3.275656	-48.039974	-38.695006	48.039974	62.444828	-51.374531	-2.336542	51.374531	2.773674	2.573079	
187	1.836590	0.999724	3.271703	-50.701404	-40.366490	50.701404	63.348019	-53.669388	-1.619928	53.669388	1.850436	2.567491	
188	1.925634	1.159884	3.267013	-53.563093	-42.210478	53.563093	64.526548	-56.287353	-0.914416	56.287353	0.931917	2.561963	
189	2.019758	1.321566	3.261581	-56.518242	-44.165370	56.518242	65.914061	-59.117634	-0.215009	59.117634	0.008939	2.556678	
190	2.109709	1.477945	3.255381	-59.499929	-46.198589	59.499929	67.500825	-62.077729	0.472734	62.077729	-0.914218	2.551661	
191	2.191526	1.621389	3.248406	-62.440159	-48.317684	62.440159	69.403826	-65.143977	1.135950	65.143977	-1.823240	2.546835	
192	2.266855	1.749658	3.240711	-65.297024	-50.528673	65.297024	71.696580	-68.297780	1.765844	68.297780	-2.706502	2.542117	
193	2.349298	1.872450	3.232399	-68.145628	-52.836959	68.145628	74.306680	-71.542763	2.358089	71.542763	-3.563031	2.537438	
194	2.457517	2.005309	3.223533	-71.139956	-55.264561	71.139956	77.120645	-74.960975	2.926448	74.960975	-4.419859	2.532789	
195	2.600478	2.154171	3.214057	-74.401643	-57.839970	74.401643	80.121140	-78.643330	3.472286	78.643330	-5.291841	2.528292	
196	2.778615	2.313869	3.203814	-77.976806	-60.610634	77.976806	83.417358	-82.656967	3.967577	82.656967	-6.159822	2.524208	
197	2.984075	2.481715	3.192665	-81.831822	-63.625266	81.831822	87.075823	-87.074491	4.443362	87.074491	-7.056300	2.520891	
198	3.196274	2.656695	3.180605	-85.861765	-66.859999	85.861765	91.009229	-91.871436	4.991657	91.871436	-8.058260	2.518659	
199	3.392998	2.829064	3.167756	-89.933397	-70.219998	89.933397	95.115796	-96.888336	5.644447	96.888336	-9.172742	2.517657	
200	3.570375	2.989499	3.154270	-93.965491	-73.636958	93.965491	99.394448	-102.022711	6.343402	102.022711	-10.329201	2.517959	
201	3.751220	3.144313	3.140248	-98.016373	-77.131215	98.016373	103.912216	-107.366264	7.005883	107.366264	-11.461663	2.519839	
202	3.962968	3.303976	3.125747	-102.254346	-80.761929	102.254346	108.757604	-113.049119	7.582565	113.049119	-12.547673	2.523805	
203	4.206377	3.464836	3.110726	-106.768251	-84.518132	106.768251	113.945805	-118.997936	8.089297	118.997936	-13.598357	2.530289	
204	4.463406	3.620671	3.095007	-111.479604	-88.309752	111.479604	119.348905	-125.029247	8.600485	125.029247	-14.654987	2.539310	
205	4.724977	3.778490	3.078387	-116.285318	-92.078064	116.285318	124.828158	-131.134250	9.202167	131.134250	-15.781854	2.550574	
206	4.987894	3.945962	3.060842	-121.131493	-95.814208	121.131493	130.333178	-137.400189	9.951701	137.400189	-17.026228	2.563807	
207	5.242638	4.120024	3.042531	-125.995860	-99.510838	125.995860	135.850213	-143.821957	10.879613	143.821957	-18.402117	2.578824	
208	5.481788	4.299999	3.023610	-130.947804	-103.191629	130.947804	141.362251	-150.425426	12.022967	150.425426	-19.933316	2.595496	
209	5.704208	4.490795	3.004152	-136.091081	-106.879868	136.091081	146.806586	-157.254145	13.403442	157.254145	-21.640454	2.613825	
210	5.911377	4.687867	2.984173	-141.412074	-110.527515	141.412074	152.117625	-164.219733	14.958692	164.219733	-23.472942	2.633863	
211	6.109897	4.878429	2.963655	-146.786799	-114.063770	146.786799	157.316494	-171.214097	16.567543	171.214097	-25.330724	2.655689	
212	6.307692	5.055778	2.942580	-152.169982	-117.493001	152.169982	162.466029	-178.197126	18.154249	178.197126	-27.150552	2.679494	
213	6.498285	5.222522	2.920918	-157.681088	-120.888925	157.681088	167.544398	-185.101564	19.762817	185.101564	-28.960125	2.705434	
214	6.664068	5.385289	2.898548	-163.385754	-124.277378	163.385754	172.390195	-191.834092	21.494960	191.834092	-30.836128	2.733415	
215	6.808409	5.551983	2.875266	-169.146941	-127.612460	169.146941	176.846926	-198.440682	23.362624	198.440682	-32.811346	2.763241	
216	6.954150	5.728840	2.850886	-174.676429	-130.859201	174.676429	180.924666	-205.118727	25.316097	205.118727	-34.883267	2.794944	
217	7.108086	5.917560	2.825290	-179.669186	-134.029732	179.669186	184.752417	-212.025135	27.372140	212.025135	-37.073054	2.828736	
218	7.264040	6.117358	2.798436	-184.103771	-137.190436	184.103771	188.482721	-219.224823	29.567378	219.224823	-39.393751	2.864766	
219	7.421651	6.325220	2.770324	-188.355709	-140.449238	188.355709	192.294576	-226.730896	31.869505	226.730896	-41.803367	2.903147	
220	7.577206	6.534552	2.740960	-192.794083	-143.869477	192.794083	196.309154	-234.466384	34.204216	234.466384	-44.217946	2.944103	
221	7.726880	6.743410	2.710327	-197.341083	-147.397643	197.341083	200.440749	-242.384604	36.523770	242.384604	-46.580916	2.987977	
222	7.877796	6.955667	2.678359	-201.671448	-150.949633	201.671448	204.552322	-250.526428	38.848335	250.526428	-48.919702	3.035138	
223	8.031037	7.165991	2.644972	-205.621823	-154.489203	205.621823	208.655484	-258.756348	41.199167	258.756348	-51.258365	3.085664	
224	8.180734	7.367260	2.610166	-209.150607	-157.979448	209.150607	212.769686	-266.863385	43.553387	266.863385	-53.576486	3.139203	
225	8.333662	7.565366	2.574016	-212.244999	-161.376170	212.244999	216.831472	-274.875266	45.909144	274.875266	-55.900912	3.195298	
226	8.500015	7.765050	2.536574	-214.912962	-164.668508	214.912962	220.824997	-282.932673	48.304342	282.932673	-58.301583	3.253670	
227	8.675931	7.960760	2.497827	-217.152771	-167.933028	217.152771	224.902241	-291.118862	50.790298	291.118862	-60.830368	3.314122	
228	8.851332	8.145857	2.457708	-218.987533	-171.319292	218.987533	229.315583	-299.459107	53.402880	299.459107	-63.501523	3.376376	
229	9.022595	8.316879	2.416152	-220.426154	-174.888388	220.426154	234.145793	-307.872238	56.127769	307.872238	-66.279528	3.440074	
230	9.194180	8.473120	2.373144	-221.399514	-178.492727	221.399514	239.132306	-316.113303	58.908263	316.113303	-69.099831	3.504858	
231	9.377678	8.621868	2.328691	-221.754882	-181.867844	221.754882	243.816560	-323.974076	61.722960	323.974076	-71.953275	3.570445	
232	9.582953	8.777052	2.282752	-221.377442	-184.894457	221.377442	247.940553	-331.557170	64.636554	331.557170	-74.919539	3.636759	
233	9.809679	8.948050	2.235290	-220.377952	-187.754682	220.377952	251.727703	-339.229000	67.757100	339.229000	-78.100635	3.703946	
234	10.051929	9.138279	2.186308	-218.956017	-190.684686	218.956017	255.538164	-347.278969	71.168627	347.278969	-81.553922	3.772218	
235	10.301760	9.346294	2.135841	-217.077257	-193.632123	217.077257	259.353101	-355.585486	74.878117	355.585486	-85.251945	3.841747	
236	10.549370	9.565067	2.084034	-214.607154	-196.382245	214.607154	262.927684	-363.754594	78.831206	363.754594	-89.109886	3.912625	
237	10.783028	9.786616	2.031177	-211.526933	-198.781922	211.526933	266.080469	-371.400838	82.951921	371.400838	-93.035237	3.984779	
238	10.989600	10.002508	1.977553	-207.822455	-200.736848	207.822455	268.697158	-378.243213	87.140996	378.243213	-96.931442	4.057946	
239	11.162159	10.202143	1.923327	-203.625516	-202.317410	203.625516	270.891356	-384.280549	91.315722	384.280549	-100.729254	4.131826	
240	11.302863	10.375826	1.868660	-199.241470	-203.678508	199.241470	272.872222	-389.631624	95.448059	389.631624	-104.402522	4.206207	
241	11.415379	10.522414	1.813802	-194.696466	-204.692342	194.696466	274.370296	-394.066318	99.527501	394.066318	-107.928562	4.280931	
242	11.505485	10.653424	1.759055	-189.671838	-205.008473	189.671838	274.711932	-397.202652	103.570988	397.202652	-111.330709	4.355825	
243	11.581226	10.787507	1.704718	-183.875874	-204.551383	183.875874	273.595752	-399.274661	107.675364	399.274661	-114.737191	4.430836	
244	11.638142	10.942818	1.651116	-177.228873	-203.621637	177.228873	271.267034	-401.040046	111.922404	401.040046	-118.249748	4.506239	
245	11.668656	11.135745	1.598621	-169.755350	-202.508179	169.755350	267.965773	-403.064576	116.316204	403.064576	-121.875059	4.582640	
246	11.683826	11.377000	1.547581	-161.228691	-201.229061	161.228691	263.628462	-405.559553	120.854588	405.559553	-125.611679	4.660817	
247	11.695679	11.656516	1.498232	-151.149847	-199.522629	151.149847	257.960675	-408.185940	125.448873	408.185940	-129.370920	4.741529	
248	11.700628	11.956490	1.450760	-139.495357	-197.249316	139.495357	250.897503	-410.464049	129.924590	410.464049	-132.988444	4.825339	
249	11.684736	12.283442	1.405363	-127.058966	-194.870927	127.058966	243.107581	-412.879403	134.150421	412.879403	-136.344874	4.912774	
250	11.636182	12.650036	1.362187	-114.466219	-192.842427	114.466219	235.251511	-416.124803	137.985351	416.124803	-139.300021	5.004603	
251	11.563602	13.047712	1.321238	-101.532788	-190.927870	101.532788	227.181012	-419.945280	141.319972	419.945280	-141.757836	5.101691	
252	11.494608	13.474785	1.282428	-88.217953	-188.938336	88.217953	218.846757	-424.338809	144.259456	424.338809	-143.834951	5.204796	
253	11.460980	13.949970	1.245621	-75.011217	-187.152337	75.011217	210.810324	-430.167176	147.051502	430.167176	-145.751635	5.314697	
254	11.475814	14.469408	1.210561	-62.168682	-185.600684	62.168682	203.396036	-437.633685	149.744399	437.633685	-147.498065	5.432162	
255	11.512838	14.998423	1.176856	-49.765622	-183.926633	49.765622	196.416792	-445.838989	152.036041	445.838989	-148.674841	5.557650	
256	11.531952	15.520714	1.144162	-37.876322	-181.878523	37.876322	189.590043	-454.063216	153.574075	454.063216	-148.778857	5.691263	
257	11.530886	16.051360	1.112335	-26.118953	-179.312157	26.118953	182.610496	-462.183429	154.295890	462.183429	-147.633125	5.832919	
258	11.536792	16.604612	1.081492	-13.860512	-175.954740	13.860512	175.068907	-469.854946	154.281488	469.854946	-145.331502	5.982443	
259	11.555757	17.183073	1.051986	-0.853153	-171.570147	0.853153	166.754160	-476.348770	153.392269	476.348770	-141.813693	6.139598	
260	11.573638	17.784866	1.024217	12.912402	-166.055074	-12.912402	157.743275	-480.930193	151.287276	480.930193	-136.823606	6.304037	
261	11.559630	18.403416	0.998395	27.549111	-159.393430	-27.549111	148.321948	-483.009586	147.420881	483.009586	-129.870707	6.475189	
262	11.460422	19.029367	0.974520	43.059514	-151.777586	-43.059514	139.180492	-482.328861	141.009701	482.328861	-120.140903	6.652483	
263	11.258033	19.644028	0.952493	59.321848	-143.234901	-59.321848	130.765948	-478.411352	131.618510	478.411352	-107.294302	6.835683	
264	10.990971	20.216045	0.932205	76.168007	-133.446519	-76.168007	122.907802	-470.384013	119.464640	470.384013	-91.914830	7.024693	
265	10.698389	20.719311	0.913624	93.173703	-122.386765	-93.173703	115.832745	-458.134744	104.895781	458.134744	-74.714592	7.219225	
266	10.405355	21.136811	0.896827	109.807431	-110.347548	-109.807431	110.174327	-442.273346	88.241522	442.273346	-56.288541	7.418659	
267	10.133519	21.451279	0.881963	125.713521	-97.421436	-125.713521	106.013211	-422.973851	69.996762	422.973851	-37.412840	7.621887	
268	9.886946	21.646314	0.869243	140.743969	-83.542937	-140.743969	102.954710	-399.950213	50.627740	399.950213	-18.768147	7.827283	
269	9.658244	21.711426	0.858915	154.879442	-68.797803	-154.879442	100.789961	-373.191809	30.552195	373.191809	-0.916367	8.032928	
270	9.450307	21.640310	0.851179	168.021292	-53.318783	-168.021292	99.371947	-342.966600	10.391186	342.966600	15.283902	8.236803	
271	9.281679	21.424863	0.846157	179.987057	-37.009161	-179.987057	98.127268	-309.462638	-8.970754	309.462638	28.560598	8.436694	
272	9.188911	21.069680	0.843906	190.739259	-19.826085	-190.739259	96.613398	-273.237931	-26.520385	273.237931	37.387431	8.629953	
273	9.217111	20.603609	0.844439	200.323626	-2.126298	-200.323626	95.359425	-235.598037	-41.438713	235.598037	40.353883	8.813450	
274	9.396423	20.051751	0.847698	208.700733	15.645416	-208.700733	95.526332	-198.023571	-53.308850	198.023571	36.462178	8.983681	
275	9.730598	19.409863	0.853513	215.859338	33.310943	-215.859338	98.147036	-161.623600	-61.960342	161.623600	25.070096	9.136794	
276	10.215416	18.673618	0.861636	221.901540	50.758335	-221.901540	104.120662	-127.328366	-67.357004	127.328366	5.790758	9.268608	
277	10.876819	17.888239	0.871786	226.876390	67.632611	-226.876390	114.588169	-96.104032	-69.910835	96.104032	-21.448253	9.374759	
278	11.753314	17.131262	0.883669	230.540271	83.405452	-230.540271	130.914918	-68.640926	-70.897754	68.640926	-55.934506	9.451054	
279	12.828863	16.446165	0.896997	232.325930	97.693065	-232.325930	153.967398	-44.990606	-72.163236	44.990606	-95.720386	9.493891	
280	14.024446	15.823050	0.911508	231.561553	110.412730	-231.561553	183.305236	-24.594017	-75.363442	24.594017	-137.955355	9.500491	
281	15.240050	15.234358	0.927002	227.600565	121.527770	-227.600565	217.260462	-6.619105	-81.738575	6.619105	-179.275272	9.469104	
282	16.380997	14.662334	0.943344	219.888549	130.792628	-219.888549	253.425750	9.851433	-92.183381	-9.851433	-215.975313	9.399345	
283	17.371277	14.097120	0.960451	208.107968	137.755647	-208.107968	289.007274	25.782021	-107.099070	-25.782021	-244.518477	9.292424	
284	18.171977	13.532754	0.978234	192.449236	141.718823	-192.449236	321.441302	42.011571	-126.480538	-42.011571	-261.946666	9.151185	
285	18.797116	12.964740	0.996575	174.247197	141.711084	-174.247197	349.227025	59.070709	-150.174970	-59.070709	-266.116492	8.980064	
286	19.308043	12.380572	1.015360	156.410479	136.552089	-156.410479	372.381167	77.020503	-177.702947	-77.020503	-256.056058	8.785036	
287	19.779906	11.749715	1.034503	142.894099	124.924773	-142.894099	391.968782	95.325342	-207.799721	-95.325342	-231.941473	8.573875	
288	20.257357	11.013032	1.053929	137.357041	105.799472	-137.357041	408.593487	113.014194	-237.766127	-113.014194	-195.153854	8.356877	
289	20.732470	10.085662	1.073567	141.696832	79.136945	-141.696832	421.079802	129.061424	-263.074462	-129.061424	-148.976958	8.147240	
290	21.141878	8.884018	1.093341	155.325360	46.189695	-155.325360	426.562884	142.599957	-278.130611	-142.599957	-98.504910	7.960357	
291	21.366394	7.349957	1.113156	175.585527	9.286916	-175.585527	421.256620	152.922659	-277.784036	-152.922659	-49.425315	7.812202	
292	21.245324	5.453746	1.132874	198.672682	-28.590215	-198.672682	400.996273	159.512308	-258.611191	-159.512308	-7.050561	7.716804	
293	20.591826	3.196701	1.152329	219.446697	-64.128553	-219.446697	361.624192	162.242028	-219.510432	-162.242028	24.014450	7.682622	
294	19.219531	0.625849	1.171373	231.648087	-93.992062	-231.648087	300.305443	161.752690	-162.055900	-161.752690	39.923062	7.708828	
295	17.002923	-2.172220	1.189904	230.733042	-115.363022	-230.733042	217.473871	159.701566	-90.519227	-159.701566	37.545033	7.783709	
296	13.916437	-5.102866	1.207793	216.256385	-126.311735	-216.256385	117.199376	158.526267	-10.646457	-158.526267	14.519569	7.886372	
297	10.032408	-8.082700	1.224824	191.836423	-125.925900	-191.836423	6.189997	160.768077	71.933431	-160.768077	-29.960484	7.990734	
298	5.518034	-11.044872	1.240720	164.021394	-114.544409	-164.021394	-107.225691	168.252596	152.316117	-168.252596	-93.532803	8.070262	
299	0.628472	-13.939433	1.255265	140.447858	-93.891321	-140.447858	-213.890617	181.453721	226.123685	-181.453721	-169.555688	8.102607	
300	-4.333304	-16.720615	1.268452	127.511759	-66.725275	-127.511759	-304.608870	199.310463	289.341247	-199.310463	-248.003359	8.072967	
301	-9.067736	-19.326949	1.280476	128.523365	-36.187933	-128.523365	-371.204436	219.536630	338.403005	-219.536630	-317.916308	7.975337	
302	-13.303305	-21.672037	1.291577	143.101755	-5.264195	-143.101755	-407.762084	239.180743	370.368820	-239.180743	-369.811991	7.812110	
303	-16.819907	-23.654471	1.301938	167.693278	23.634734	-167.693278	-412.077390	255.308791	383.488162	-255.308791	-397.656625	7.592691	
304	-19.477037	-25.177401	1.311700	196.639553	48.881795	-196.639553	-386.620254	265.681539	377.850687	-265.681539	-399.912096	7.331235	
305	-21.210483	-26.167665	1.321074	223.246324	69.487974	-223.246324	-337.923624	269.077181	355.363100	-269.077181	-378.969086	7.044089	
306	-22.013254	-26.591176	1.330346	240.943001	84.909369	-240.943001	-274.641559	265.314773	319.210076	-265.314773	-339.777744	6.747794	
307	-21.926731	-26.456527	1.339710	244.769241	95.002259	-244.769241	-205.302985	255.188446	273.265007	-255.188446	-288.548000	6.457638	
308	-21.034918	-25.808687	1.349176	232.635780	99.974858	-232.635780	-136.668693	240.195595	221.590236	-240.195595	-231.613969	6.186486	
309	-19.459855	-24.716302	1.358675	206.085327	100.306164	-206.085327	-73.189324	222.237909	168.072726	-222.237909	-174.567342	5.943925	
310	-17.351214	-23.252903	1.368148	170.527831	96.649857	-170.527831	-17.408071	203.465653	116.139958	-203.465653	-121.674964	5.735837	
311	-14.866691	-21.490168	1.377525	134.046440	89.714199	-134.046440	29.390142	186.042871	68.517689	-186.042871	-75.598313	5.564522	
312	-12.156941	-19.505944	1.386694	104.862846	80.195291	-104.862846	66.781726	171.844183	27.062048	-171.844183	-37.467656	5.429303	
313	-9.360643	-17.386409	1.395505	89.187433	68.826647	-89.187433	94.845615	162.266476	-7.272173	-162.266476	-7.207430	5.327398	
314	-6.612563	-15.218654	1.403804	90.272683	56.476998	-90.272683	113.626242	158.280979	-34.249994	-158.280979	15.992084	5.254687	
315	-4.047952	-13.080776	1.411472	108.367393	44.150607	-108.367393	122.860119	160.558237	-54.106771	-160.558237	33.232841	5.206088	
316	-1.778837	-11.035138	1.418387	141.197383	32.878331	-141.197383	122.278677	169.269896	-67.425450	-169.269896	45.646377	5.175774	
317	0.131031	-9.126650	1.424374	184.659764	23.605941	-184.659764	111.958660	183.758637	-75.038261	-183.758637	54.233046	5.157726	
318	1.661425	-7.380346	1.429235	233.701555	17.094730	-233.701555	92.330351	202.591123	-77.861319	-202.591123	59.732585	5.146356	
319	2.811837	-5.798064	1.432810	283.366196	13.856662	-283.366196	63.971924	224.069780	-76.746898	-224.069780	62.550830	5.136765	
320	3.587794	-4.364655	1.435029	329.477437	14.111784	-329.477437	27.738531	246.627269	-72.469407	-246.627269	62.825244	5.124581	
321	4.013728	-3.062143	1.435981	368.731330	17.659376	-368.731330	-14.514466	268.611011	-65.830008	-268.611011	60.671607	5.105893	
322	4.144536	-1.875770	1.435888	398.763391	23.835549	-398.763391	-59.764174	288.088005	-57.662538	-288.088005	56.383466	5.077734	
323	4.056233	-0.797398	1.434962	418.304724	31.686914	-418.304724	-104.423285	303.244609	-48.755989	-303.244609	50.466781	5.038726	
324	3.828664	0.172941	1.433365	427.251961	40.141655	-427.251961	-144.932056	312.837798	-39.801109	-312.837798	43.573015	4.989371	
325	3.528734	1.033262	1.431265	426.535673	48.162921	-426.535673	-178.380499	316.274286	-31.330718	-316.274286	36.338750	4.931699	
326	3.207161	1.772597	1.428848	417.629426	54.974378	-417.629426	-202.889024	313.607792	-23.741679	-313.607792	29.319106	4.868566	
327	2.904822	2.366908	1.426361	402.167971	60.144044	-402.167971	-217.679382	305.516184	-17.323127	-305.516184	22.985296	4.803175	
328	2.649826	2.795094	1.424068	381.786471	63.424374	-381.786471	-222.969120	293.050533	-12.192214	-293.050533	17.619737	4.738587	
329	2.451951	3.040483	1.422105	357.846447	64.705439	-357.846447	-219.771435	277.441288	-8.296201	-277.441288	13.278219	4.677084	
330	2.307304	3.086375	1.420549	331.404582	64.170774	-331.404582	-209.933037	260.105499	-5.479120	-260.105499	9.869632	4.619955	
331	2.205860	2.933019	1.419538	303.525997	62.259067	-303.525997	-195.916618	242.448395	-3.487611	-242.448395	7.195988	4.567718	
332	2.137649	2.613266	1.419208	275.372286	59.395560	-275.372286	-180.040572	225.450457	-1.996708	-225.450457	4.995982	4.520233	
333	2.100439	2.184908	1.419610	247.951366	55.858170	-247.951366	-163.963691	209.540259	-0.726943	-209.540259	3.057988	4.476759	
334	2.097305	1.708879	1.420713	221.985094	51.889371	-221.985094	-148.796448	194.869449	0.487181	-194.869449	1.260231	4.436259	
335	2.130095	1.235692	1.422373	197.990939	47.772702	-197.990939	-135.291731	181.534365	1.718499	-181.534365	-0.460463	4.397773	
336	2.201287	0.803219	1.424291	176.317750	43.752860	-176.317750	-123.803736	169.578415	2.964232	-169.578415	-2.110982	4.360700	
337	2.310274	0.433888	1.426121	157.185913	40.028449	-157.185913	-114.403777	159.035535	4.196777	-159.035535	-3.683200	4.324877	
338	2.449162	0.140388	1.427691	140.809449	36.773127	-140.809449	-107.033365	149.919324	5.410299	-149.919324	-5.187719	4.290387	
339	2.613171	-0.064939	1.429071	127.427833	34.029164	-127.427833	-101.341586	142.090238	6.565867	-142.090238	-6.592411	4.257388	
340	2.805193	-0.179273	1.430438	117.220463	31.740909	-117.220463	-96.782830	135.363787	7.576537	-135.363787	-7.818632	4.226132	
341	3.019682	-0.220247	1.431888	110.207993	29.941946	-110.207993	-93.038089	129.710882	8.402104	-129.710882	-8.837121	4.196881	
342	3.236551	-0.217939	1.433373	106.197458	28.723588	-106.197458	-90.003575	125.136974	9.071038	-125.136974	-9.678684	4.169769	
343	3.440436	-0.194738	1.434780	104.795037	28.053615	-104.795037	-87.507830	121.491095	9.597751	-121.491095	-10.356838	4.144782	
344	3.628207	-0.155366	1.436072	105.459454	27.767550	-105.459454	-85.299654	118.525336	9.957816	-118.525336	-10.853596	4.121849	
345	3.793295	-0.105690	1.437354	107.593253	27.704698	-107.593253	-83.191034	116.053840	10.151754	-116.053840	-11.177298	4.100878	
346	3.923896	-0.065443	1.438769	110.584776	27.741822	-110.584776	-81.061573	113.966361	10.226301	-113.966361	-11.381870	4.081641	
347	4.013445	-0.051434	1.440341	113.798906	27.776265	-113.798906	-78.859337	112.191951	10.239458	-112.191951	-11.536835	4.063676	
348	4.056974	-0.066893	1.442088	116.696091	27.783347	-116.696091	-76.695957	110.720394	10.254202	-110.720394	-11.714258	4.046353	
349	4.050082	-0.110759	1.444231	118.941166	27.787209	-118.941166	-74.744092	109.546611	10.325789	-109.546611	-11.971747	4.028987	
350	3.997028	-0.187715	1.447047	120.359156	27.780000	-120.359156	-73.061563	108.616971	10.478045	-108.616971	-12.332961	4.010912	
351	3.907497	-0.302108	1.450569	120.904477	27.724336	-120.904477	-71.592085	107.837835	10.716928	-107.837835	-12.799705	3.991523	
352	3.787942	-0.448380	1.454602	120.662587	27.594680	-120.662587	-70.255310	107.087658	11.041986	-107.087658	-13.362672	3.970289	
353	3.646863	-0.611805	1.458925	119.808104	27.369214	-119.808104	-68.974025	106.237290	11.408540	-106.237290	-13.973119	3.946801	
354	3.497365	-0.775587	1.463367	118.537868	27.000777	-118.537868	-67.636671	105.182584	11.735157	-105.182584	-14.551959	3.920890	
355	3.344143	-0.935216	1.467765	116.981945	26.481744	-116.981945	-66.211242	103.915142	12.004551	-103.915142	-15.075851	3.892640	
356	3.188521	-1.098800	1.471945	115.152883	25.842421	-115.152883	-64.727301	102.477743	12.244725	-102.477743	-15.562139	3.862231	
357	3.040035	-1.271213	1.475749	113.003989	25.079296	-113.003989	-63.109404	100.858478	12.432936	-100.858478	-15.987989	3.829832	
358	2.908023	-1.446371	1.479038	110.484598	24.202519	-110.484598	-61.294408	99.010614	12.513671	-99.010614	-16.301520	3.795627	
359	2.796972	-1.611875	1.481697	107.588095	23.256773	-107.588095	-59.316949	96.906030	12.431412	-96.906030	-16.446861	3.759875	
360	2.705551	-1.762054	1.483644	104.444321	22.279161	-104.444321	-57.223754	94.607656	12.173220	-94.607656	-16.404418	3.722924	
361	2.629959	-1.898545	1.484798	101.290211	21.294136	-101.290211	-55.036428	92.265000	11.777207	-92.265000	-16.206079	3.685090	
362	2.572936	-2.017953	1.485083	98.326269	20.314131	-98.326269	-52.743797	89.978552	11.255671	-89.978552	-15.871261	3.646608	
363	2.536601	-2.112998	1.484484	95.661532	19.350493	-95.661532	-50.351135	87.771025	10.606563	-87.771025	-15.404577	3.607737	
364	2.515029	-2.181453	1.483088	93.339395	18.425043	-93.339395	-47.917060	85.660187	9.871042	-85.660187	-14.840141	3.568755	
365	2.502541	-2.220129	1.481037	91.316161	17.538043	-91.316161	-45.477318	83.616785	9.101958	-83.616785	-14.223816	3.529888	
366	2.498722	-2.215375	1.478451	89.469656	16.655634	-89.469656	-43.029453	81.541130	8.322014	-81.541130	-13.579931	3.491336	
367	2.503607	-2.157870	1.475407	87.687536	15.767778	-87.687536	-40.645348	79.395071	7.542313	-79.395071	-12.923039	3.453351	
368	2.515181	-2.054591	1.471930	85.915281	14.901731	-85.915281	-38.445495	77.227047	6.780966	-77.227047	-12.274676	3.416200	
369	2.533810	-1.915203	1.467994	84.132940	14.073181	-84.132940	-36.481570	75.064293	6.043204	-75.064293	-11.649156	3.380102	
370	2.560294	-1.750105	1.463661	82.298679	13.297679	-82.298679	-34.788752	72.924568	5.339651	-72.924568	-11.066372	3.345267	
371	2.589713	-1.576921	1.459185	80.353617	12.610530	-80.353617	-33.425101	70.866814	4.709999	-70.866814	-10.566123	3.311853	
372	2.622341	-1.408345	1.454842	78.276567	11.983635	-78.276567	-32.255390	68.861950	4.143301	-68.861950	-10.140365	3.279912	
373	2.667967	-1.245706	1.450724	76.061802	11.317808	-76.061802	-30.953034	66.746692	3.566687	-66.746692	-9.727103	3.249505	
374	2.725830	-1.086663	1.446767	73.712242	10.589556	-73.712242	-29.425871	64.471241	2.969990	-64.471241	-9.313935	3.220766	
375	2.782849	-0.931414	1.442869	71.287056	9.864224	-71.287056	-27.851352	62.175507	2.402018	-62.175507	-8.932603	3.193788	
376	2.829472	-0.791613	1.438953	68.879108	9.210131	-68.879108	-26.391166	60.026714	1.889642	-60.026714	-8.596277	3.168532	
377	2.858991	-0.686304	1.435038	66.581763	8.708384	-66.581763	-25.233120	58.173680	1.464532	-58.173680	-8.324652	3.144839	
378	2.862037	-0.617578	1.431240	64.476894	8.419684	-64.476894	-24.583413	56.714002	1.177495	-56.714002	-8.147774	3.122487	
379	2.830000	-0.569664	1.427638	62.578927	8.329988	-62.578927	-24.501176	55.642258	1.063533	-55.642258	-8.079557	3.101204	
380	2.764833	-0.537473	1.424200	60.824898	8.363599	-60.824898	-24.800520	54.829668	1.118515	-54.829668	-8.119199	3.080640	
381	2.680104	-0.533374	1.420843	59.172517	8.419088	-59.172517	-25.104859	54.070212	1.304094	-54.070212	-8.256406	3.060393	
382	2.586024	-0.566364	1.417502	57.664698	8.432970	-57.664698	-25.147683	53.242955	1.588403	-53.242955	-8.479417	3.040075	
383	2.486393	-0.631927	1.414100	56.333005	8.408154	-56.333005	-24.926530	52.337486	1.959763	-52.337486	-8.784267	3.019356	
384	2.386726	-0.721294	1.410507	55.128311	8.390047	-55.128311	-24.588037	51.374358	2.416655	-51.374358	-9.182608	2.997966	
385	2.290251	-0.826746	1.406588	54.032544	8.408353	-54.032544	-24.240830	50.396868	2.947777	-50.396868	-9.665454	2.975654	
386	2.192905	-0.938155	1.402243	53.096053	8.442843	-53.096053	-23.874044	49.450243	3.524612	-49.450243	-10.182287	2.952207	
387	2.089898	-1.046431	1.397402	52.307929	8.493941	-52.307929	-23.541687	48.571639	4.142977	-48.571639	-10.711629	2.927466	
388	1.984586	-1.147885	1.392050	51.569832	8.616361	-51.569832	-23.423727	47.790713	4.814516	-47.790713	-11.274239	2.901276	
389	1.885440	-1.240540	1.386286	50.837952	8.834195	-50.837952	-23.584965	47.113213	5.512557	-47.113213	-11.856452	2.873499	
390	1.797252	-1.320265	1.380332	50.172726	9.097531	-50.172726	-23.888744	46.522302	6.177539	-46.522302	-12.393296	2.844089	
391	1.721591	-1.380970	1.374444	49.600543	9.336426	-49.600543	-24.157721	45.967940	6.755462	-45.967940	-12.818794	2.813183	
392	1.660258	-1.417332	1.368797	49.054117	9.505390	-49.054117	-24.273862	45.370439	7.215677	-45.370439	-13.097619	2.781088	
393	1.615976	-1.426979	1.363417	48.461208	9.582374	-48.461208	-24.179254	44.661217	7.540002	-44.661217	-13.213297	2.748204	
394	1.592092	-1.410812	1.358301	47.800458	9.553500	-47.800458	-23.843745	43.807235	7.708520	-43.807235	-13.150246	2.714951	
395	1.589783	-1.373611	1.353506	47.093915	9.415615	-47.093915	-23.259223	42.826932	7.720860	-42.826932	-12.912053	2.681733	
396	1.604848	-1.322781	1.349044	46.362939	9.198142	-46.362939	-22.511187	41.788372	7.615501	-41.788372	-12.536552	2.648881	
397	1.629263	-1.261921	1.344855	45.595283	8.939143	-45.595283	-21.729973	40.744824	7.430355	-40.744824	-12.055344	2.616640	
398	1.659497	-1.188507	1.340843	44.772655	8.638388	-44.772655	-20.927387	39.677126	7.164291	-39.677126	-11.469236	2.585263	
399	1.697625	-1.101122	1.336839	43.903591	8.279297	-43.903591	-20.034329	38.534058	6.813692	-38.534058	-10.791840	2.555052	
400	1.738602	-1.003742	1.332649	43.003406	7.881094	-43.003406	-19.089673	37.321303	6.418802	-37.321303	-10.077486	2.526252	
401	1.769905	-0.900491	1.328164	42.056479	7.489000	-42.056479	-18.234481	36.107797	6.030389	-36.107797	-9.380090	2.498967	
402	1.788314	-0.793352	1.323364	41.023053	7.128663	-41.023053	-17.536078	34.939575	5.655129	-34.939575	-8.712573	2.473262	
403	1.798409	-0.694971	1.318225	39.914675	6.817519	-39.914675	-16.993847	33.831175	5.292093	-33.831175	-8.083854	2.449235	
404	1.802451	-0.632106	1.312701	38.846406	6.586762	-38.846406	-16.632457	32.825088	4.974110	-32.825088	-7.532009	2.426854	
405	1.807892	-0.619448	1.306782	37.914114	6.442098	-37.914114	-16.426502	31.946928	4.716752	-31.946928	-7.074267	2.405897	
406	1.820332	-0.639400	1.300529	37.043651	6.359465	-37.043651	-16.318176	31.165397	4.505760	-31.165397	-6.686580	2.386119	
407	1.832492	-0.657459	1.294051	36.075093	6.313497	-36.075093	-16.293423	30.425438	4.323648	-30.425438	-6.332583	2.367349	
408	1.838261	-0.657104	1.287393	34.938016	6.288390	-34.938016	-16.342689	29.678548	4.159814	-29.678548	-5.996715	2.349497	
409	1.834165	-0.651939	1.280504	33.684428	6.306477	-33.684428	-16.512955	28.941674	4.057743	-28.941674	-5.729868	2.332422	
410	1.811412	-0.659560	1.273329	32.422637	6.396444	-32.422637	-16.872868	28.278753	4.086232	-28.278753	-5.604185	2.315767	
411	1.765319	-0.683720	1.265863	31.236563	6.535841	-31.236563	-17.366759	27.696267	4.253483	-27.696267	-5.626677	2.299058	
412	1.703239	-0.723369	1.258092	30.154094	6.684106	-30.154094	-17.870349	27.140177	4.520922	-27.140177	-5.758744	2.281885	
413	1.637420	-0.774669	1.249996	29.187614	6.818584	-29.187614	-18.301107	26.570494	4.842743	-26.570494	-5.954700	2.263924	
414	1.573650	-0.828195	1.241613	28.359286	6.920592	-28.359286	-18.611165	25.984526	5.172355	-25.984526	-6.164583	2.244979	
415	1.509420	-0.875513	1.233059	27.660339	6.981778	-27.660339	-18.789794	25.393336	5.487394	-25.393336	-6.361973	2.224986	
416	1.437901	-0.915081	1.224503	27.042684	7.016812	-27.042684	-18.878811	24.803751	5.800345	-24.803751	-6.559266	2.203879	
417	1.354262	-0.949554	1.216077	26.481480	7.033163	-26.481480	-18.898127	24.208577	6.116356	-24.208577	-6.766451	2.181557	
418	1.260095	-0.975492	1.207787	25.952861	7.018536	-25.952861	-18.832098	23.594090	6.413941	-23.594090	-6.968421	2.158022	
419	1.159846	-0.984601	1.199529	25.375220	6.974030	-25.375220	-18.717814	22.959571	6.678946	-22.959571	-7.154459	2.133411	
420	1.061057	-0.976297	1.191158	24.678446	6.916267	-24.678446	-18.609266	22.311445	6.907751	-22.311445	-7.319341	2.107895	
421	0.973113	-0.957408	1.182547	23.869829	6.856995	-23.869829	-18.514756	21.658668	7.090855	-21.658668	-7.447401	2.081643	
422	0.899581	-0.934467	1.173596	23.021522	6.795067	-23.021522	-18.412819	21.013960	7.216738	-21.013960	-7.520990	2.054817	
423	0.841394	-0.908069	1.164179	22.219854	6.708515	-22.219854	-18.240391	20.371372	7.264164	-20.371372	-7.517045	2.027585	
424	0.801690	-0.867759	1.154168	21.456100	6.582883	-21.456100	-17.965375	19.717275	7.216153	-19.717275	-7.420704	2.000247	
425	0.781114	-0.801587	1.143538	20.616937	6.441463	-20.616937	-17.663364	19.060417	7.092183	-19.060417	-7.253452	1.973267	
426	0.777635	-0.713007	1.132398	19.620910	6.308559	-19.620910	-17.389095	18.403206	6.921297	-18.403206	-7.043884	1.947094	
427	0.791128	-0.615851	1.120924	18.483068	6.176012	-18.483068	-17.087968	17.725281	6.704172	-17.725281	-6.792468	1.922059	
428	0.818833	-0.521912	1.109277	17.287362	6.032555	-17.287362	-16.722735	17.030290	6.447897	-17.030290	-6.507855	1.898373	
429	0.849138	-0.441052	1.097513	16.138436	5.881121	-16.138436	-16.332285	16.350074	6.189392	-16.350074	-6.227671	1.876077	
430	0.873190	-0.380588	1.085591	15.108305	5.715934	-15.108305	-15.925824	15.695423	5.947898	-15.695423	-5.969483	1.855093	
431	0.893788	-0.346541	1.073509	14.248421	5.534759	-14.248421	-15.493495	15.066070	5.724158	-15.066070	-5.731720	1.835347	
432	0.912840	-0.344841	1.061348	13.595415	5.360936	-13.595415	-15.097509	14.480836	5.541772	-14.480836	-5.535151	1.816660	
433	0.927885	-0.372184	1.049172	13.126116	5.211042	-13.126116	-14.794060	13.947200	5.415806	-13.947200	-5.391241	1.798681	
434	0.939749	-0.416169	1.036965	12.784796	5.074800	-12.784796	-14.556662	13.446050	5.324104	-13.446050	-5.275879	1.781096	
435	0.949732	-0.469806	1.024616	12.547414	4.941402	-12.547414	-14.347709	12.962347	5.246369	-12.962347	-5.168602	1.763742	
436	0.957123	-0.532768	1.011989	12.402471	4.810661	-12.402471	-14.154676	12.491751	5.183391	-12.491751	-5.069391	1.746471	
437	0.960310	-0.601304	0.999063	12.290798	4.688239	-12.290798	-13.981478	12.028317	5.147601	-12.028317	-4.988081	1.729094	
438	0.954716	-0.670404	0.985975	12.121758	4.589653	-12.121758	-13.874580	11.570405	5.161418	-11.570405	-4.944008	1.711441	
439	0.933958	-0.736520	0.972838	11.817427	4.528479	-11.817427	-13.883680	11.116093	5.237548	-11.116093	-4.950070	1.693337	
440	0.893729	-0.791728	0.959634	11.318293	4.496515	-11.318293	-13.986090	10.650888	5.358943	-10.650888	-4.995767	1.674663	
441	0.834266	-0.829392	0.946326	10.626505	4.473597	-10.626505	-14.117955	10.162202	5.497588	-10.162202	-5.063026	1.655431	
442	0.763727	-0.856555	0.932962	9.836989	4.452423	-9.836989	-14.251480	9.655858	5.638466	-9.655858	-5.142371	1.635709	
443	0.696103	-0.886157	0.919687	9.054447	4.438038	-9.054447	-14.390429	9.148516	5.775575	-9.148516	-5.225666	1.615606	
444	0.639729	-0.919616	0.906711	8.307407	4.431687	-8.307407	-14.529531	8.652872	5.904284	-8.652872	-5.303240	1.595314	
445	0.590211	-0.949086	0.894204	7.571936	4.434063	-7.571936	-14.672264	8.175853	6.030948	-8.175853	-5.379478	1.574960	
446	0.537257	-0.967508	0.882156	6.812363	4.452831	-6.812363	-14.844901	7.720799	6.173089	-7.720799	-5.474343	1.554494	
447	0.480738	-0.971642	0.870404	6.003915	4.487848	-6.003915	-15.044466	7.282520	6.328436	-7.282520	-5.585285	1.533825	
448	0.435655	-0.966466	0.858751	5.186392	4.519349	-5.186392	-15.215920	6.850031	6.464500	-6.850031	-5.669499	1.513074	
449	0.416623	-0.962074	0.847033	4.465742	4.517950	-4.465742	-15.282831	6.414823	6.548717	-6.414823	-5.681266	1.492615	
450	0.426977	-0.959874	0.835142	3.916817	4.461472	-3.916817	-15.173879	5.972062	6.563028	-5.972062	-5.596096	1.472829	
451	0.460755	-0.948611	0.823051	3.508477	4.350569	-3.508477	-14.865741	5.524453	6.506205	-5.524453	-5.413633	1.453919	
452	0.510217	-0.915836	0.810835	3.184829	4.197345	-3.184829	-14.372448	5.082513	6.386870	-5.082513	-5.147380	1.435924	
453	0.578452	-0.859881	0.798698	2.993272	3.991847	-2.993272	-13.668379	4.654864	6.193702	-4.654864	-4.786007	1.418864	
454	0.677254	-0.786438	0.786954	3.028904	3.708819	-3.028904	-12.710176	4.250220	5.901991	-4.250220	-4.297316	1.402888	
455	0.813645	-0.695389	0.775914	3.311937	3.337007	-3.311937	-11.498476	3.886512	5.502576	-3.886512	-3.665701	1.388199	
456	0.991863	-0.582002	0.765783	3.818624	2.873897	-3.818624	-10.052991	3.588133	4.987792	-3.588133	-2.878097	1.374903	
457	1.221111	-0.446651	0.756738	4.560162	2.305802	-4.560162	-8.367948	3.376094	4.326479	-3.376094	-1.895148	1.363113	
458	1.511680	-0.289404	0.749095	5.556708	1.610577	-5.556708	-6.404979	3.261182	3.478080	-3.261182	-0.670415	1.353154	
459	1.867627	-0.102429	0.743350	6.771573	0.780123	-6.771573	-4.130712	3.244185	2.425079	-3.244185	0.812270	1.345532	
460	2.286896	0.120114	0.740010	8.129251	-0.172133	-8.129251	-1.552818	3.316656	1.174195	-3.316656	2.537635	1.340757	
461	2.760261	0.371048	0.739463	9.574734	-1.221763	-9.574734	1.288876	3.453114	-0.253642	-3.453114	4.462746	1.339252	
462	3.262842	0.633367	0.741984	11.062671	-2.331020	-11.062671	4.339673	3.598186	-1.809054	-3.598186	6.490569	1.341289	
463	3.758658	0.889053	0.747725	12.537564	-3.450885	-12.537564	7.558544	3.668635	-3.420050	-3.668635	8.484665	1.346868	
464	4.199507	1.114667	0.756616	13.959040	-4.505261	-13.959040	10.840561	3.582333	-4.964969	-3.582333	10.254356	1.355711	
465	4.556263	1.295623	0.768326	15.383649	-5.450424	-15.383649	14.111163	3.307781	-6.350828	-3.307781	11.679341	1.367296	
466	4.679672	1.352807	0.782039	16.409494	-5.928537	-16.409494	16.262231	2.912452	-7.070933	-2.912452	12.152622	1.380600	
467	4.780135	1.396779	0.796525	17.416548	-6.365196	-17.416548	18.371869	2.472159	-7.736059	-2.472159	12.526007	1.394218	
