kww	// User ID
28-6-2021	// Evaluation date
p26_warmup_011	25-6-2021	13:09:23:184	// Source file name and timestamp
357.143	// Sampling rate
1.361	// Data capture period

1.850000	// height
93.400000	// mass


Sample #	elbVar	shldrIR	LwristLinVelo	thorJFPd	thorSTPd	UaJFPp	UaSTPp	UaJFPd	UaSTPd	FaJFPp	FaSTPp	RwristLinVelo	
0	2.596963	0.864057	0.632634	1.704196	0.775137	-1.704196	-4.298789	0.871974	3.589135	-0.871974	-13.471959	1.495154	
1	2.782033	0.815804	0.622368	1.838795	0.812924	-1.838795	-4.511578	0.928538	3.804948	-0.928538	-14.744135	1.506025	
2	2.971444	0.793798	0.612295	1.995811	0.866853	-1.995811	-4.787675	1.044378	4.008109	-1.044378	-15.969053	1.514217	
3	3.119001	0.663191	0.602954	2.104943	0.865946	-2.104943	-4.792534	0.966433	4.191363	-0.966433	-17.190296	1.519646	
4	3.234313	0.489280	0.595304	2.174114	0.844771	-2.174114	-4.721228	0.835626	4.351456	-0.835626	-18.287355	1.522252	
5	3.313320	0.272609	0.589853	2.201647	0.804634	-2.201647	-4.603005	0.668343	4.489470	-0.668343	-19.220331	1.522226	
6	3.360942	0.039003	0.587015	2.204495	0.755458	-2.204495	-4.445990	0.481518	4.610394	-0.481518	-19.973623	1.519949	
7	3.387052	-0.190512	0.586860	2.193426	0.703909	-2.193426	-4.248151	0.284695	4.721418	-0.284695	-20.565917	1.515832	
8	3.394326	-0.409625	0.589080	2.167499	0.651653	-2.167499	-4.021682	0.093635	4.819923	-0.093635	-20.991213	1.510210	
9	3.369396	-0.620734	0.593226	2.118216	0.594950	-2.118216	-3.750633	-0.090460	4.883687	0.090460	-21.174541	1.503496	
10	3.305654	-0.816322	0.598987	2.058025	0.534838	-2.058025	-3.409168	-0.272383	4.895635	0.272383	-21.070823	1.496286	
11	3.221273	-0.974562	0.606265	2.038415	0.481295	-2.038415	-2.999251	-0.455859	4.868563	0.455859	-20.758164	1.489139	
12	3.141577	-1.073823	0.615067	2.118162	0.442175	-2.118162	-2.539842	-0.646788	4.829043	0.646788	-20.360649	1.482392	
13	3.075214	-1.106217	0.625338	2.308893	0.413041	-2.308893	-2.045968	-0.850864	4.787928	0.850864	-19.929369	1.476252	
14	3.012741	-1.081922	0.636854	2.570996	0.382874	-2.570996	-1.542435	-1.064227	4.735113	1.064227	-19.434502	1.470902	
15	2.944526	-1.018151	0.649216	2.884466	0.348103	-2.884466	-1.074044	-1.267917	4.660437	1.267917	-18.852666	1.466474	
16	2.874051	-0.931111	0.662005	3.257176	0.312994	-3.257176	-0.679256	-1.438151	4.570386	1.438151	-18.233963	1.463021	
17	2.810875	-0.840323	0.674987	3.640368	0.279796	-3.640368	-0.364948	-1.567010	4.478013	1.567010	-17.662015	1.460566	
18	2.762246	-0.755404	0.688205	3.955880	0.248891	-3.955880	-0.120796	-1.668686	4.393618	1.668686	-17.187024	1.459166	
19	2.726428	-0.678269	0.701834	4.181579	0.221174	-4.181579	0.069799	-1.756468	4.317299	1.756468	-16.802741	1.458900	
20	2.689898	-0.625415	0.715886	4.324958	0.195463	-4.324958	0.235919	-1.826874	4.232913	1.826874	-16.463554	1.459824	
21	2.653503	-0.597209	0.730128	4.383071	0.172339	-4.383071	0.379693	-1.881950	4.143523	1.881950	-16.172561	1.461925	
22	2.638169	-0.563758	0.744399	4.364955	0.156100	-4.364955	0.472146	-1.937010	4.080362	1.937010	-15.994300	1.465039	
23	2.646144	-0.520612	0.758812	4.300162	0.147759	-4.300162	0.520392	-1.993379	4.049398	1.993379	-15.936389	1.468873	
24	2.659756	-0.490431	0.773482	4.206804	0.143148	-4.206804	0.564267	-2.043888	4.028508	2.043888	-15.944303	1.473200	
25	2.673362	-0.477255	0.788257	4.088685	0.138569	-4.088685	0.623162	-2.094690	4.011504	2.094690	-15.999751	1.477934	
26	2.694625	-0.472809	0.802886	3.957546	0.134936	-3.957546	0.681655	-2.145423	4.010642	2.145423	-16.131934	1.482937	
27	2.729606	-0.475294	0.817388	3.831289	0.134437	-3.831289	0.705032	-2.180352	4.034829	2.180352	-16.364429	1.487865	
28	2.776463	-0.487320	0.832030	3.710623	0.135422	-3.710623	0.672423	-2.189699	4.079836	2.189699	-16.681324	1.492310	
29	2.830701	-0.513961	0.846898	3.565863	0.135622	-3.565863	0.581451	-2.168620	4.136773	2.168620	-17.055153	1.495938	
30	2.891183	-0.553763	0.861770	3.389596	0.135527	-3.389596	0.448712	-2.117910	4.202151	2.117910	-17.475105	1.498426	
31	2.954713	-0.596437	0.876436	3.230994	0.135763	-3.230994	0.321887	-2.055939	4.270712	2.055939	-17.914870	1.499493	
32	3.015886	-0.633923	0.890923	3.124313	0.135814	-3.124313	0.235014	-2.001642	4.334791	2.001642	-18.330467	1.499021	
33	3.072598	-0.665759	0.905403	3.051418	0.135622	-3.051418	0.181584	-1.954760	4.391571	1.954760	-18.699336	1.497038	
34	3.124349	-0.693869	0.919972	2.996968	0.135848	-2.996968	0.158036	-1.909442	4.440584	1.909442	-19.021793	1.493656	
35	3.173291	-0.716526	0.934593	2.968346	0.136869	-2.968346	0.166855	-1.868656	4.486999	1.868656	-19.309163	1.489012	
36	3.227523	-0.733831	0.949191	2.956746	0.138645	-2.956746	0.174024	-1.830390	4.546727	1.830390	-19.588711	1.483101	
37	3.292482	-0.754001	0.963724	2.928042	0.141010	-2.928042	0.128199	-1.781889	4.630284	1.781889	-19.874527	1.475707	
38	3.361814	-0.786788	0.978186	2.850516	0.143445	-2.850516	0.020509	-1.721573	4.727890	1.721573	-20.131215	1.466662	
39	3.427164	-0.829433	0.992615	2.702687	0.145755	-2.702687	-0.125033	-1.668912	4.827062	1.668912	-20.308737	1.456083	
40	3.489529	-0.868809	1.007110	2.476841	0.149590	-2.476841	-0.300566	-1.634727	4.929917	1.634727	-20.399762	1.444229	
41	3.551836	-0.902239	1.021825	2.193032	0.157455	-2.193032	-0.509904	-1.598444	5.038674	1.598444	-20.426190	1.431205	
42	3.610894	-0.934469	1.036897	1.885731	0.169716	-1.885731	-0.739575	-1.545026	5.144991	1.545026	-20.385263	1.416992	
43	3.661222	-0.958104	1.052470	1.591258	0.183370	-1.591258	-0.950846	-1.501254	5.241177	1.501254	-20.245647	1.401673	
44	3.694907	-0.964854	1.068748	1.340690	0.193759	-1.340690	-1.086968	-1.505263	5.318494	1.505263	-19.971722	1.385508	
45	3.702628	-0.962150	1.085880	1.130256	0.198571	-1.130256	-1.115043	-1.561011	5.361259	1.561011	-19.546262	1.368957	
46	3.688176	-0.955420	1.103813	0.937434	0.200065	-0.937434	-1.072844	-1.643404	5.370436	1.643404	-19.011004	1.352571	
47	3.668506	-0.933354	1.122353	0.774578	0.203199	-0.774578	-1.025485	-1.738488	5.371920	1.738488	-18.448671	1.336701	
48	3.652108	-0.888473	1.141372	0.664046	0.211610	-0.664046	-0.989360	-1.853322	5.381589	1.853322	-17.903411	1.321457	
49	3.634590	-0.831286	1.160799	0.575267	0.223627	-0.575267	-0.954307	-1.990609	5.392365	1.990609	-17.370486	1.306904	
50	3.613247	-0.774260	1.180348	0.460827	0.234227	-0.460827	-0.930487	-2.142847	5.398912	2.142847	-16.848509	1.293114	
51	3.589692	-0.719411	1.199541	0.331722	0.239578	-0.331722	-0.919845	-2.309400	5.404506	2.309400	-16.348573	1.280111	
52	3.563375	-0.665840	1.218060	0.216216	0.237450	-0.216216	-0.902508	-2.494986	5.408957	2.494986	-15.872017	1.267887	
53	3.532539	-0.621121	1.235832	0.081425	0.228658	-0.081425	-0.884127	-2.681659	5.407611	2.681659	-15.414458	1.256393	
54	3.495729	-0.595044	1.252836	-0.112273	0.217542	0.112273	-0.885764	-2.837480	5.393388	2.837480	-14.969804	1.245558	
55	3.452239	-0.584837	1.269119	-0.343060	0.207272	0.343060	-0.899946	-2.960868	5.361404	2.960868	-14.531711	1.235329	
56	3.406186	-0.582551	1.284840	-0.590548	0.198374	0.590548	-0.922978	-3.069803	5.318364	3.069803	-14.112193	1.225629	
57	3.362162	-0.587333	1.300150	-0.862493	0.191927	0.862493	-0.956832	-3.171425	5.271623	3.171425	-13.727235	1.216296	
58	3.319159	-0.597611	1.315166	-1.135164	0.190039	1.135164	-0.966442	-3.274624	5.217635	3.274624	-13.371979	1.207193	
59	3.277049	-0.607720	1.330111	-1.374584	0.193852	1.374584	-0.930278	-3.387239	5.157437	3.387239	-13.041607	1.198288	
60	3.238972	-0.618243	1.345265	-1.594561	0.202383	1.594561	-0.880006	-3.496850	5.100009	3.496850	-12.741348	1.189569	
61	3.203276	-0.633711	1.360788	-1.826150	0.212437	1.826150	-0.825030	-3.594634	5.043019	3.594634	-12.460391	1.181001	
62	3.164485	-0.651692	1.376664	-2.056439	0.220277	2.056439	-0.717872	-3.698174	4.975046	3.698174	-12.176221	1.172585	
63	3.124515	-0.667556	1.392815	-2.234373	0.225060	2.234373	-0.531023	-3.819212	4.898936	3.819212	-11.894122	1.164400	
64	3.090580	-0.678464	1.409310	-2.321931	0.229003	2.321931	-0.281622	-3.951885	4.830055	3.951885	-11.635810	1.156509	
65	3.061080	-0.678465	1.426348	-2.314381	0.233926	2.314381	0.030990	-4.106632	4.771547	4.106632	-11.388264	1.148925	
66	3.028314	-0.668024	1.443967	-2.228940	0.240227	2.228940	0.410518	-4.296100	4.716053	4.296100	-11.119651	1.141705	
67	2.994759	-0.658560	1.461947	-2.118526	0.246741	2.118526	0.783665	-4.498153	4.673911	4.498153	-10.838037	1.134951	
68	2.971982	-0.657179	1.479924	-2.068387	0.251844	2.068387	1.044413	-4.680340	4.670333	4.680340	-10.583265	1.128635	
69	2.962640	-0.665926	1.497539	-2.115864	0.256276	2.115864	1.184390	-4.830831	4.705050	4.830831	-10.364520	1.122588	
70	2.960568	-0.689469	1.514579	-2.241211	0.261778	2.241211	1.247424	-4.943418	4.758091	4.943418	-10.159445	1.116709	
71	2.970055	-0.719600	1.531005	-2.460678	0.266694	2.460678	1.189856	-5.018212	4.843236	5.018212	-9.976254	1.110876	
72	3.003909	-0.735451	1.546939	-2.813129	0.267651	2.813129	0.938586	-5.072681	4.996399	5.072681	-9.851546	1.104710	
73	3.061059	-0.738384	1.562579	-3.261793	0.266412	3.261793	0.526507	-5.111443	5.210450	5.111443	-9.779698	1.097699	
74	3.125012	-0.746875	1.578007	-3.696095	0.267604	3.696095	0.077696	-5.130759	5.438830	5.130759	-9.704958	1.089561	
75	3.181491	-0.763699	1.593210	-4.035403	0.271097	4.035403	-0.294486	-5.150265	5.647404	5.150265	-9.581404	1.080401	
76	3.229357	-0.784207	1.608259	-4.302146	0.274363	4.302146	-0.577959	-5.178995	5.834284	5.178995	-9.409493	1.070518	
77	3.279993	-0.801940	1.623371	-4.567823	0.276584	4.567823	-0.851050	-5.210101	6.026070	5.210101	-9.227793	1.060040	
78	3.339566	-0.806034	1.638783	-4.851842	0.277991	4.851842	-1.139851	-5.258005	6.237705	5.258005	-9.055419	1.048825	
79	3.399413	-0.800058	1.654562	-5.125909	0.279226	5.125909	-1.386634	-5.324769	6.443045	5.324769	-8.863699	1.036781	
80	3.452135	-0.791904	1.670638	-5.365869	0.278055	5.365869	-1.550623	-5.391943	6.615551	5.391943	-8.628049	1.024051	
81	3.495888	-0.773748	1.687074	-5.561302	0.269591	5.561302	-1.613546	-5.469541	6.748282	5.469541	-8.346103	1.010851	
82	3.524058	-0.742675	1.704102	-5.704468	0.254579	5.704468	-1.550528	-5.572345	6.824795	5.572345	-8.006307	0.997377	
83	3.528866	-0.711250	1.721875	-5.760147	0.239726	5.760147	-1.350647	-5.680994	6.822486	5.680994	-7.596090	0.983862	
84	3.508760	-0.690562	1.740408	-5.701897	0.229744	5.701897	-1.029039	-5.769805	6.735395	5.769805	-7.123798	0.970632	
85	3.465871	-0.685975	1.759758	-5.587479	0.225321	5.587479	-0.620375	-5.835403	6.570331	5.835403	-6.608098	0.958082	
86	3.408347	-0.692898	1.780092	-5.483144	0.224004	5.483144	-0.174326	-5.896240	6.352152	5.896240	-6.080692	0.946507	
87	3.349774	-0.699614	1.801473	-5.355708	0.222476	5.355708	0.272779	-5.970014	6.116987	5.970014	-5.577796	0.935931	
88	3.298122	-0.704334	1.823603	-5.179674	0.220045	5.179674	0.698366	-6.054882	5.883898	6.054882	-5.111013	0.926136	
89	3.255245	-0.707230	1.845906	-5.035768	0.217206	5.035768	1.054751	-6.152160	5.665905	6.152160	-4.686169	0.916864	
90	3.220237	-0.701223	1.867839	-4.987584	0.213459	4.987584	1.311003	-6.273012	5.473927	6.273012	-4.314644	0.907919	
91	3.187146	-0.680710	1.889002	-5.004395	0.207468	5.004395	1.508005	-6.421073	5.297003	6.421073	-3.990214	0.899198	
92	3.147356	-0.647911	1.909125	-5.037729	0.198311	5.037729	1.728334	-6.591606	5.107172	6.591606	-3.686213	0.890718	
93	3.094619	-0.620059	1.928222	-5.098398	0.189047	5.098398	2.024416	-6.758261	4.874453	6.758261	-3.368349	0.882649	
94	3.025887	-0.617051	1.946646	-5.221404	0.184741	5.221404	2.397039	-6.890182	4.582315	6.890182	-3.014263	0.875284	
95	2.941962	-0.639446	1.964867	-5.377577	0.186462	5.377577	2.831158	-6.984893	4.238993	6.984893	-2.626957	0.868919	
96	2.848431	-0.678462	1.983298	-5.522395	0.193684	5.522395	3.302105	-7.048311	3.866294	7.048311	-2.221470	0.863751	
97	2.755582	-0.725105	2.002275	-5.676681	0.205198	5.676681	3.757400	-7.091783	3.494870	7.091783	-1.819210	0.859827	
98	2.679697	-0.766060	2.022056	-5.884101	0.217638	5.884101	4.110860	-7.139570	3.174098	7.139570	-1.458090	0.856977	
99	2.634345	-0.800068	2.042726	-6.166344	0.230737	6.166344	4.293541	-7.200114	2.941216	7.200114	-1.164927	0.854781	
100	2.620516	-0.835566	2.064100	-6.535009	0.246809	6.535009	4.307065	-7.269178	2.792733	7.269178	-0.931460	0.852741	
101	2.629072	-0.876663	2.085773	-6.987032	0.265740	6.987032	4.208674	-7.343887	2.697426	7.343887	-0.727609	0.850489	
102	2.643279	-0.936701	2.107273	-7.465180	0.285766	7.465180	4.109513	-7.408209	2.599723	7.408209	-0.502896	0.847905	
103	2.647818	-1.028234	2.128202	-7.863945	0.304638	7.863945	4.134711	-7.445434	2.445953	7.445434	-0.208529	0.845179	
104	2.638218	-1.142858	2.148377	-8.106451	0.319351	8.106451	4.338526	-7.462061	2.223486	7.462061	0.165244	0.842682	
105	2.619075	-1.258000	2.167849	-8.204753	0.326075	8.204753	4.688052	-7.486252	1.960930	7.486252	0.587119	0.840767	
106	2.603240	-1.350717	2.186849	-8.266382	0.321317	8.266382	5.065902	-7.538931	1.711700	7.538931	1.005626	0.839603	
107	2.600050	-1.417716	2.205746	-8.411959	0.305800	8.411959	5.354371	-7.606770	1.507787	7.606770	1.393192	0.839107	
108	2.602499	-1.470993	2.224878	-8.639717	0.283191	8.639717	5.573618	-7.677697	1.329857	7.677697	1.762923	0.839142	
109	2.597947	-1.514895	2.244431	-8.819048	0.255322	8.819048	5.837909	-7.765357	1.141868	7.765357	2.137762	0.839751	
110	2.579193	-1.549312	2.264592	-8.811349	0.221593	8.811349	6.237649	-7.870653	0.916536	7.870653	2.539425	0.841134	
111	2.547699	-1.574315	2.285615	-8.592880	0.180151	8.592880	6.776770	-7.976723	0.652196	7.976723	2.975310	0.843505	
112	2.514528	-1.588978	2.307592	-8.266053	0.131153	8.266053	7.351735	-8.068214	0.386644	8.068214	3.419857	0.846930	
113	2.488987	-1.604722	2.330341	-7.923822	0.079534	7.923822	7.853837	-8.120962	0.151297	8.120962	3.847844	0.851285	
114	2.474702	-1.632695	2.353630	-7.625976	0.030855	7.625976	8.230764	-8.125060	-0.047702	8.125060	4.247691	0.856415	
115	2.473967	-1.652483	2.377359	-7.430074	-0.015128	7.430074	8.468332	-8.129971	-0.198461	8.129971	4.597458	0.862147	
116	2.477251	-1.639607	2.401551	-7.284211	-0.062760	7.284211	8.643083	-8.188376	-0.314267	8.188376	4.896956	0.868232	
117	2.472863	-1.600626	2.426254	-7.132479	-0.111807	7.132479	8.809664	-8.282653	-0.419728	8.282653	5.160742	0.874464	
118	2.464889	-1.554081	2.451451	-7.041571	-0.157462	7.041571	8.917522	-8.373627	-0.505859	8.373627	5.381923	0.880697	
119	2.456774	-1.512144	2.477013	-7.009978	-0.199260	7.009978	8.988306	-8.448038	-0.584431	8.448038	5.575829	0.886831	
120	2.449879	-1.474272	2.502734	-6.988842	-0.239426	6.988842	9.052768	-8.507066	-0.667304	8.507066	5.757509	0.892845	
121	2.448247	-1.434030	2.528443	-7.020159	-0.277501	7.020159	9.074689	-8.565415	-0.738248	8.565415	5.914170	0.898714	
122	2.446326	-1.394455	2.554094	-7.099561	-0.314318	7.099561	9.088976	-8.628973	-0.813483	8.628973	6.058614	0.904423	
123	2.442067	-1.355148	2.579820	-7.166693	-0.352639	7.166693	9.120168	-8.691408	-0.903591	8.691408	6.204784	0.910024	
124	2.435273	-1.310372	2.605878	-7.224463	-0.394494	7.224463	9.173896	-8.764914	-1.007167	8.764914	6.357115	0.915549	
125	2.418615	-1.273389	2.632423	-7.276061	-0.438120	7.276061	9.301106	-8.847556	-1.146869	8.847556	6.537991	0.921072	
126	2.404033	-1.263655	2.659359	-7.278437	-0.475279	7.278437	9.448633	-8.914217	-1.299502	8.914217	6.743820	0.926702	
127	2.403593	-1.282895	2.686346	-7.210430	-0.500897	7.210430	9.557517	-8.960344	-1.441926	8.960344	6.966466	0.932459	
128	2.401071	-1.324321	2.712911	-7.094006	-0.520263	7.094006	9.716825	-8.993452	-1.622927	8.993452	7.235429	0.938356	
129	2.391533	-1.373092	2.738739	-6.984448	-0.539749	6.984448	9.963887	-9.038508	-1.850630	9.038508	7.552694	0.944479	
130	2.387984	-1.418719	2.763895	-6.929568	-0.560532	6.929568	10.230851	-9.114046	-2.081503	9.114046	7.892369	0.950884	
131	2.387592	-1.478060	2.788580	-6.883060	-0.583701	6.883060	10.515753	-9.174837	-2.323130	9.174837	8.263573	0.957649	
132	2.385313	-1.560787	2.812878	-6.792612	-0.613695	6.792612	10.848733	-9.194018	-2.591206	9.194018	8.675626	0.964988	
133	2.391202	-1.655074	2.836751	-6.733551	-0.653929	6.733551	11.198987	-9.208348	-2.866253	9.208348	9.118904	0.973156	
134	2.411008	-1.760589	2.860061	-6.771737	-0.705814	6.771737	11.543644	-9.227834	-3.149072	9.227834	9.601215	0.982276	
135	2.443755	-1.871563	2.882834	-6.864274	-0.769976	6.864274	11.891971	-9.255842	-3.442157	9.255842	10.116422	0.992321	
136	2.490359	-1.968331	2.905400	-6.981186	-0.841643	6.981186	12.247130	-9.330442	-3.723832	9.330442	10.631947	1.003206	
137	2.544934	-2.043349	2.928089	-7.139182	-0.908645	7.139182	12.605289	-9.463542	-3.987319	9.463542	11.125497	1.014856	
138	2.597682	-2.098399	2.951078	-7.326370	-0.959727	7.326370	12.960500	-9.623350	-4.244799	9.623350	11.594179	1.027195	
139	2.640281	-2.142379	2.974642	-7.494464	-0.991648	7.494464	13.365871	-9.777996	-4.531190	9.777996	12.069377	1.040219	
140	2.664263	-2.178963	2.999291	-7.593194	-1.004404	7.593194	13.908604	-9.940147	-4.880917	9.940147	12.582430	1.054096	
141	2.668846	-2.201434	3.025503	-7.581886	-1.001165	7.581886	14.589162	-10.130317	-5.285730	10.130317	13.128573	1.069047	
142	2.663798	-2.223205	3.053496	-7.448785	-0.994383	7.448785	15.355954	-10.312417	-5.732336	10.312417	13.718411	1.085198	
143	2.658124	-2.252506	3.083275	-7.231525	-0.990887	7.231525	16.163231	-10.465289	-6.206651	10.465289	14.355225	1.102591	
144	2.652759	-2.260161	3.114607	-7.019131	-0.979995	7.019131	16.927966	-10.633488	-6.658482	10.633488	14.984539	1.121183	
145	2.643009	-2.240964	3.146974	-6.857308	-0.956420	6.857308	17.617834	-10.825965	-7.070549	10.825965	15.588662	1.140843	
146	2.620951	-2.236596	3.179779	-6.660746	-0.931454	6.660746	18.348193	-10.998251	-7.500865	10.998251	16.227999	1.161489	
147	2.585375	-2.269000	3.212626	-6.374462	-0.913803	6.374462	19.203240	-11.150381	-7.981488	11.150381	16.931534	1.183145	
148	2.550878	-2.321797	3.245312	-6.093398	-0.905506	6.093398	20.083986	-11.313278	-8.462176	11.313278	17.656427	1.205765	
149	2.539212	-2.371592	3.277680	-5.948331	-0.908898	5.948331	20.810516	-11.494053	-8.862336	11.494053	18.335579	1.229109	
150	2.560484	-2.403649	3.309644	-5.969998	-0.920884	5.969998	21.305359	-11.702068	-9.145533	11.702068	18.930031	1.252829	
151	2.597679	-2.423471	3.341278	-6.030781	-0.929905	6.030781	21.697144	-11.939114	-9.376426	11.939114	19.476057	1.276675	
152	2.624070	-2.447403	3.372693	-6.014423	-0.925145	6.014423	22.158652	-12.179876	-9.644958	12.179876	20.030228	1.300625	
153	2.641456	-2.474475	3.403799	-5.995612	-0.907253	5.995612	22.672056	-12.419402	-9.939713	12.419402	20.584830	1.324766	
154	2.675059	-2.491535	3.434337	-6.104221	-0.888229	6.104221	23.110604	-12.681523	-10.195912	12.681523	21.113993	1.349104	
155	2.739028	-2.489219	3.464065	-6.363573	-0.877642	6.363573	23.407267	-12.983004	-10.381498	12.983004	21.607644	1.373594	
156	2.828150	-2.460895	3.492770	-6.719278	-0.874450	6.719278	23.565084	-13.327407	-10.490552	13.327407	22.047589	1.398220	
157	2.926913	-2.409474	3.520295	-7.119766	-0.875167	7.119766	23.653114	-13.702614	-10.555310	13.702614	22.446836	1.422976	
158	3.020118	-2.350405	3.546726	-7.533289	-0.883242	7.533289	23.766207	-14.082303	-10.632569	14.082303	22.850067	1.447833	
159	3.105256	-2.297566	3.572375	-7.936072	-0.908237	7.936072	23.938747	-14.453929	-10.741656	14.453929	23.275510	1.472779	
160	3.190522	-2.252480	3.597572	-8.351848	-0.955148	8.351848	24.146736	-14.836490	-10.870246	14.836490	23.723721	1.497842	
161	3.281845	-2.210389	3.622577	-8.841731	-1.021580	8.841731	24.365520	-15.254144	-11.018500	15.254144	24.211188	1.523045	
162	3.380581	-2.165741	3.647550	-9.427535	-1.106748	9.427535	24.562509	-15.708401	-11.176412	15.708401	24.731693	1.548362	
163	3.484306	-2.110107	3.672549	-10.061359	-1.207742	10.061359	24.696074	-16.189550	-11.305242	16.189550	25.230462	1.573714	
164	3.579915	-2.046977	3.697658	-10.643338	-1.313129	10.643338	24.813342	-16.682168	-11.413123	16.682168	25.691271	1.599030	
165	3.646339	-1.999479	3.723061	-11.100806	-1.410972	11.100806	25.055312	-17.157434	-11.580718	17.157434	26.175726	1.624351	
166	3.675144	-1.981236	3.748872	-11.462307	-1.497138	11.462307	25.479525	-17.591878	-11.849151	17.591878	26.718437	1.649830	
167	3.679302	-1.981305	3.775014	-11.780664	-1.575517	11.780664	26.004240	-17.985235	-12.169445	17.985235	27.282781	1.675603	
168	3.673109	-1.988759	3.801329	-12.038561	-1.650496	12.038561	26.569384	-18.350054	-12.495235	18.350054	27.838380	1.701730	
169	3.659716	-2.007364	3.827665	-12.203057	-1.719645	12.203057	27.206381	-18.699467	-12.832672	18.699467	28.397537	1.728283	
170	3.643706	-2.044458	3.853919	-12.278073	-1.778066	12.278073	27.946847	-19.050360	-13.195812	19.050360	28.990367	1.755407	
171	3.634205	-2.100228	3.880145	-12.282508	-1.823571	12.282508	28.768117	-19.421802	-13.580658	19.421802	29.640385	1.783306	
172	3.627320	-2.169880	3.906581	-12.219335	-1.850873	12.219335	29.635721	-19.810257	-13.983265	19.810257	30.341149	1.812175	
173	3.606050	-2.249000	3.933524	-12.062135	-1.853442	12.062135	30.537119	-20.180735	-14.400984	20.180735	31.051074	1.842068	
174	3.569005	-2.329808	3.961210	-11.797147	-1.838609	11.797147	31.446098	-20.509198	-14.808156	20.509198	31.729716	1.872803	
175	3.538257	-2.400192	3.989757	-11.480778	-1.824792	11.480778	32.305463	-20.815673	-15.169072	20.815673	32.378498	1.904089	
176	3.528776	-2.455607	4.019177	-11.220816	-1.820663	11.220816	33.078936	-21.132396	-15.483310	21.132396	33.027246	1.935691	
177	3.532759	-2.505185	4.049482	-11.053323	-1.819976	11.053323	33.803007	-21.467346	-15.788083	21.467346	33.698052	1.967503	
178	3.538731	-2.558375	4.080685	-10.906069	-1.812579	10.906069	34.545842	-21.815935	-16.112005	21.815935	34.395040	1.999545	
179	3.541592	-2.614120	4.112660	-10.738445	-1.788686	10.738445	35.330237	-22.171981	-16.455880	22.171981	35.103625	2.031884	
180	3.539189	-2.666147	4.145099	-10.583685	-1.743706	10.583685	36.139788	-22.522763	-16.812876	22.522763	35.804772	2.064527	
181	3.536787	-2.705797	4.177602	-10.464809	-1.688792	10.464809	36.926389	-22.855705	-17.164356	22.855705	36.481073	2.097407	
182	3.542414	-2.720765	4.209767	-10.397057	-1.643073	10.397057	37.585558	-23.156200	-17.465281	23.156200	37.085530	2.130412	
183	3.559713	-2.702798	4.241249	-10.411989	-1.619415	10.411989	38.026560	-23.413680	-17.677160	23.413680	37.570348	2.163363	
184	3.593332	-2.658127	4.271835	-10.511051	-1.625360	10.511051	38.286163	-23.652100	-17.816344	23.652100	37.974179	2.196066	
185	3.645022	-2.602929	4.301475	-10.641484	-1.662291	10.641484	38.501615	-23.915146	-17.938951	23.915146	38.390171	2.228485	
186	3.708455	-2.544074	4.330172	-10.764699	-1.721862	10.764699	38.754815	-24.216640	-18.075570	24.216640	38.853021	2.260773	
187	3.778932	-2.475781	4.357863	-10.925554	-1.788501	10.925554	39.020886	-24.547002	-18.219236	24.547002	39.346182	2.293100	
188	3.857342	-2.397789	4.384418	-11.220773	-1.846531	11.220773	39.268415	-24.911313	-18.370292	24.911313	39.878530	2.325546	
189	3.945409	-2.319253	4.409757	-11.721028	-1.897430	11.721028	39.501619	-25.321696	-18.543733	25.321696	40.478706	2.358162	
190	4.045968	-2.245210	4.433905	-12.419184	-1.974249	12.419184	39.723520	-25.770368	-18.742107	25.770368	41.153155	2.391022	
191	4.160411	-2.174150	4.456900	-13.258148	-2.119353	13.258148	39.939260	-26.236259	-18.958647	26.236259	41.886090	2.424208	
192	4.279700	-2.107086	4.478677	-14.203686	-2.342863	14.203686	40.172120	-26.700166	-19.198754	26.700166	42.646601	2.457739	
193	4.390512	-2.045684	4.498993	-15.253126	-2.628173	15.253126	40.425346	-27.146416	-19.470985	27.146416	43.392857	2.491576	
194	4.487842	-1.984993	4.517552	-16.386961	-2.964523	16.386961	40.656930	-27.556027	-19.765616	27.556027	44.081878	2.525672	
195	4.567055	-1.919394	4.534236	-17.512518	-3.341452	17.512518	40.833563	-27.893924	-20.060322	27.893924	44.658497	2.559921	
196	4.620913	-1.846763	4.549137	-18.505111	-3.737807	18.505111	40.951270	-28.125159	-20.336390	28.125159	45.071912	2.594097	
197	4.652779	-1.765134	4.562456	-19.335919	-4.143590	19.335919	41.002955	-28.252210	-20.588799	28.252210	45.330825	2.627932	
198	4.673738	-1.675342	4.574463	-20.025360	-4.572116	20.025360	41.014159	-28.308649	-20.828043	28.308649	45.492932	2.661255	
199	4.686438	-1.584249	4.585513	-20.498041	-5.037703	20.498041	41.075871	-28.318844	-21.064812	28.318844	45.590183	2.694008	
200	4.681718	-1.504947	4.595979	-20.635741	-5.541296	20.635741	41.291500	-28.288646	-21.300184	28.288646	45.607310	2.726175	
201	4.650698	-1.450661	4.606176	-20.405195	-6.085029	20.405195	41.720158	-28.224580	-21.529691	28.224580	45.524294	2.757781	
202	4.592870	-1.424029	4.616355	-19.871888	-6.671307	19.871888	42.365438	-28.140933	-21.744291	28.140933	45.336436	2.788900	
203	4.511537	-1.416523	4.626612	-19.146635	-7.284810	19.146635	43.180169	-28.051646	-21.929668	28.051646	45.036629	2.819583	
204	4.412841	-1.414286	4.636835	-18.343402	-7.906428	18.343402	44.070121	-27.963721	-22.066183	27.963721	44.614860	2.849833	
205	4.306861	-1.405818	4.646959	-17.576815	-8.535885	17.576815	44.942938	-27.882079	-22.142565	27.882079	44.082108	2.879593	
206	4.199038	-1.389380	4.657018	-16.923746	-9.180989	16.923746	45.770551	-27.810678	-22.164884	27.810678	43.456773	2.908672	
207	4.088425	-1.367690	4.666934	-16.361052	-9.843664	16.361052	46.580525	-27.749112	-22.138069	27.749112	42.736483	2.936795	
208	3.977787	-1.337852	4.676639	-15.822714	-10.530017	15.822714	47.407009	-27.704489	-22.057490	27.704489	41.918972	2.963717	
209	3.874480	-1.294210	4.686394	-15.317798	-11.256852	15.317798	48.262086	-27.702970	-21.925934	27.702970	41.027822	2.989256	
210	3.780540	-1.238162	4.696710	-14.931439	-12.035825	14.931439	49.138369	-27.773515	-21.759238	27.773515	40.091994	3.013298	
211	3.689632	-1.175741	4.707896	-14.721838	-12.860954	14.721838	50.014456	-27.919360	-21.558837	27.919360	39.099922	3.035801	
212	3.594298	-1.107514	4.719869	-14.670833	-13.719866	14.670833	50.859025	-28.123060	-21.296253	28.123060	37.998459	3.056784	
213	3.491676	-1.031375	4.732369	-14.731768	-14.611258	14.731768	51.664918	-28.374851	-20.943240	28.374851	36.748619	3.076304	
214	3.382604	-0.950100	4.745164	-14.881285	-15.541587	14.881285	52.459892	-28.677624	-20.497969	28.677624	35.357191	3.094408	
215	3.268481	-0.867668	4.758106	-15.109225	-16.512970	15.109225	53.251219	-29.025231	-19.970140	29.025231	33.849471	3.111132	
216	3.152835	-0.782745	4.771132	-15.388686	-17.533462	15.388686	54.009497	-29.399160	-19.365187	29.399160	32.251647	3.126513	
217	3.047500	-0.688344	4.784198	-15.740032	-18.628571	15.740032	54.703699	-29.805810	-18.706613	29.805810	30.628871	3.140542	
218	2.968012	-0.577044	4.797220	-16.280710	-19.821251	16.280710	55.299525	-30.279514	-18.042193	30.279514	29.076736	3.153139	
219	2.918172	-0.445397	4.810122	-17.100775	-21.102792	17.100775	55.759506	-30.840838	-17.391900	30.840838	27.622977	3.164147	
220	2.886218	-0.296706	4.822907	-18.144725	-22.435946	18.144725	56.110461	-31.498173	-16.726082	31.498173	26.201537	3.173374	
221	2.855977	-0.144900	4.835667	-19.271723	-23.787818	19.271723	56.492322	-32.263689	-16.019558	32.263689	24.750234	3.180725	
222	2.818038	-0.006792	4.848473	-20.407314	-25.149483	20.407314	57.048452	-33.139250	-15.283189	33.139250	23.270462	3.186286	
223	2.771486	0.110842	4.861331	-21.599536	-26.525686	21.599536	57.814439	-34.117808	-14.537702	34.117808	21.792075	3.190245	
224	2.720530	0.211261	4.874349	-22.929674	-27.926400	22.929674	58.781958	-35.208869	-13.794149	35.208869	20.337909	3.192741	
225	2.674757	0.301443	4.887829	-24.461906	-29.376907	24.461906	59.982269	-36.461411	-13.069065	36.461411	18.939515	3.193834	
226	2.644391	0.384968	4.902138	-26.278584	-30.902529	26.278584	61.459748	-37.933541	-12.398573	37.933541	17.648440	3.193602	
227	2.629767	0.462154	4.917533	-28.442196	-32.490386	28.442196	63.182980	-39.630290	-11.791492	39.630290	16.470063	3.192205	
228	2.623072	0.536222	4.934042	-30.914463	-34.112403	30.914463	65.084457	-41.528435	-11.198078	41.528435	15.333609	3.189808	
229	2.619587	0.614275	4.951501	-33.628437	-35.778262	33.628437	67.136811	-43.634940	-10.557223	43.634940	14.162754	3.186543	
230	2.624002	0.708251	4.969721	-36.620394	-37.525110	36.620394	69.263022	-45.978625	-9.829020	45.978625	12.915626	3.182549	
231	2.642924	0.822431	4.988519	-39.938036	-39.381174	39.938036	71.433768	-48.579611	-9.022692	48.579611	11.606903	3.178011	
232	2.672969	0.940731	5.007626	-43.538804	-41.349166	43.538804	73.797458	-51.417249	-8.209206	51.417249	10.315378	3.173121	
233	2.712394	1.047072	5.026681	-47.408412	-43.421330	47.408412	76.493133	-54.463370	-7.493190	54.463370	9.156771	3.167981	
234	2.769366	1.140387	5.045254	-51.523662	-45.614735	51.523662	79.588631	-57.731538	-6.958552	57.731538	8.219448	3.162566	
235	2.842036	1.228100	5.062779	-55.719999	-47.953031	55.719999	83.057582	-61.216306	-6.552090	61.216306	7.429369	3.156769	
236	2.919908	1.327634	5.078521	-59.880901	-50.435883	59.880901	86.661638	-64.894306	-6.096962	64.894306	6.578272	3.150500	
237	2.999521	1.455838	5.091603	-64.079305	-53.056759	64.079305	90.156279	-68.777091	-5.471150	68.777091	5.527807	3.143772	
238	3.076549	1.605564	5.101143	-68.386987	-55.810329	68.386987	93.560884	-72.848341	-4.692516	72.848341	4.297303	3.136727	
239	3.150107	1.757127	5.106446	-72.795321	-58.734887	72.795321	97.140161	-77.124091	-3.873119	77.124091	3.009247	3.129616	
240	3.229781	1.900715	5.107053	-77.340067	-61.932245	77.340067	101.213998	-81.720656	-3.114258	81.720656	1.770886	3.122749	
241	3.313285	2.026492	5.102700	-82.109475	-65.400160	82.109475	105.827808	-86.568520	-2.439543	86.568520	0.609935	3.116353	
242	3.391207	2.129007	5.093381	-87.165975	-69.014564	87.165975	110.742901	-91.446147	-1.819565	91.446147	-0.496366	3.110433	
243	3.469905	2.223306	5.079333	-92.519255	-72.757664	92.519255	115.864389	-96.404090	-1.193928	96.404090	-1.613039	3.104842	
244	3.554688	2.325081	5.060823	-98.103691	-76.671774	98.103691	121.213581	-101.587253	-0.483797	101.587253	-2.826478	3.099404	
245	3.642468	2.436643	5.038022	-103.807097	-80.739014	103.807097	126.725748	-106.998152	0.361525	106.998152	-4.185933	3.093944	
246	3.736865	2.559856	5.011116	-109.606156	-84.987196	109.606156	132.437062	-112.710462	1.351510	112.710462	-5.702606	3.088336	
247	3.842577	2.699276	4.980383	-115.627305	-89.475553	115.627305	138.432967	-118.822493	2.480897	118.822493	-7.374922	3.082529	
248	3.957635	2.855821	4.946167	-122.001366	-94.197290	122.001366	144.650328	-125.316531	3.736417	125.316531	-9.187201	3.076533	
249	4.080327	3.029966	4.908855	-128.790909	-99.151636	128.790909	151.022424	-132.212175	5.132674	132.212175	-11.152699	3.070445	
250	4.215772	3.223989	4.868892	-136.080718	-104.436797	136.080718	157.679181	-139.656537	6.716485	139.656537	-13.325076	3.064471	
251	4.371132	3.436463	4.826778	-144.002536	-110.142101	144.002536	164.765448	-147.740525	8.478057	147.740525	-15.703127	3.058906	
252	4.550405	3.664545	4.782979	-152.747330	-116.259947	152.747330	172.249800	-156.438811	10.348663	156.438811	-18.224819	3.054117	
253	4.750882	3.903112	4.737906	-162.454049	-122.763115	162.454049	180.104175	-165.710660	12.277003	165.710660	-20.838860	3.050523	
254	4.963794	4.145192	4.692008	-173.069835	-129.644875	173.069835	188.340744	-175.515868	14.265669	175.515868	-23.536163	3.048520	
255	5.189246	4.394572	4.645805	-184.540191	-136.956568	184.540191	196.934139	-185.918620	16.382161	185.918620	-26.383925	3.048407	
256	5.426555	4.654717	4.599760	-196.907642	-144.764517	196.907642	205.831135	-197.005367	18.677553	197.005367	-29.427809	3.050458	
257	5.659343	4.911634	4.554191	-210.147294	-153.038181	210.147294	214.947794	-208.672016	21.078404	208.672016	-32.557002	3.055020	
258	5.887539	5.155748	4.509328	-224.165160	-161.712608	224.165160	224.271463	-220.884085	23.468716	220.884085	-35.655116	3.062512	
259	6.137943	5.398284	4.465373	-238.899718	-170.745329	238.899718	233.830645	-233.885045	25.837017	233.885045	-38.770652	3.073399	
260	6.426865	5.649488	4.422481	-254.476250	-180.150269	254.476250	243.656182	-247.907898	28.251372	247.907898	-42.008812	3.088153	
261	6.749516	5.910748	4.380706	-271.184613	-190.049415	271.184613	253.838462	-263.058462	30.803262	263.058462	-45.449569	3.107184	
262	7.096246	6.186041	4.339959	-288.999318	-200.492851	288.999318	264.370394	-279.362729	33.587098	279.362729	-49.163445	3.130845	
263	7.455496	6.475298	4.299961	-307.471909	-211.355690	307.471909	275.114368	-296.639815	36.647894	296.639815	-53.168892	3.159403	
264	7.816814	6.770956	4.260270	-326.114311	-222.405770	326.114311	285.858890	-314.538589	39.955171	314.538589	-57.418080	3.192924	
265	8.186091	7.070411	4.220372	-344.698474	-233.407931	344.698474	296.432102	-332.885843	43.413333	332.885843	-61.848244	3.231416	
266	8.582012	7.380027	4.179799	-363.550382	-244.519033	363.550382	307.169758	-352.005089	47.011065	352.005089	-66.507812	3.275129	
267	9.002667	7.703922	4.138136	-383.097251	-256.198928	383.097251	318.637580	-372.245940	50.900108	372.245940	-71.532254	3.324401	
268	9.416759	8.030689	4.094898	-403.111434	-268.455172	403.111434	330.687347	-393.156268	55.138217	393.156268	-76.880831	3.379227	
269	9.804860	8.343539	4.049492	-423.157390	-280.931891	423.157390	342.776852	-414.023274	59.608384	414.023274	-82.377019	3.439224	
270	10.178027	8.636919	4.001298	-443.055466	-293.544703	443.055466	354.817571	-434.864472	64.232215	434.864472	-87.949974	3.503994	
271	10.544781	8.907873	3.949705	-462.404334	-306.287439	462.404334	366.866972	-455.934885	68.991049	455.934885	-93.558759	3.573296	
272	10.901294	9.155715	3.894015	-480.583288	-318.911325	480.583288	378.685785	-477.150404	73.912884	477.150404	-99.169779	3.646881	
273	11.252133	9.392859	3.833476	-497.242540	-331.171119	497.242540	389.996732	-498.493814	79.124214	498.493814	-104.880906	3.724415	
274	11.605353	9.626880	3.767468	-512.100689	-342.890575	512.100689	400.635574	-519.955188	84.706046	519.955188	-110.770519	3.805566	
275	11.955646	9.842667	3.695556	-524.931082	-353.843856	524.931082	410.456542	-541.047643	90.598663	541.047643	-116.752011	3.889881	
276	12.289297	10.021645	3.617420	-535.735079	-363.800472	535.735079	419.254098	-561.090260	96.736354	561.090260	-122.712194	3.976608	
277	12.601030	10.165964	3.532859	-544.151946	-372.531862	544.151946	426.704414	-579.854019	103.179443	579.854019	-128.679010	4.064906	
278	12.898556	10.294582	3.441912	-549.814519	-380.046150	549.814519	432.707006	-597.741692	110.136066	597.741692	-134.851930	4.154156	
279	13.190444	10.427667	3.344995	-553.084047	-386.677893	553.084047	437.548140	-615.397749	117.860981	615.397749	-141.483035	4.243976	
280	13.479045	10.581904	3.242922	-554.484459	-392.643171	554.484459	441.370842	-633.233961	126.552607	633.233961	-148.770050	4.334208	
281	13.765729	10.769444	3.136766	-554.282164	-397.824322	554.282164	443.880576	-651.340244	136.380228	651.340244	-156.882846	4.424974	
282	14.054719	10.999847	3.027652	-552.409954	-401.869748	552.409954	444.456536	-669.675939	147.549094	669.675939	-166.010106	4.516650	
283	14.351458	11.287413	2.916644	-548.508459	-404.407231	548.508459	442.389901	-688.344809	160.279105	688.344809	-176.330854	4.609831	
284	14.656418	11.644013	2.804793	-542.411461	-405.273504	542.411461	437.201679	-707.528305	174.654164	707.528305	-187.881097	4.705400	
285	14.960982	12.068859	2.693244	-534.273397	-404.564735	534.273397	428.803566	-727.357509	190.539178	727.357509	-200.500616	4.804518	
286	15.255108	12.558128	2.583187	-524.168293	-402.553158	524.168293	417.379365	-748.140766	207.699603	748.140766	-213.972103	4.908614	
287	15.536281	13.124425	2.475609	-511.866156	-399.488084	511.866156	403.045809	-770.380241	225.983060	770.380241	-228.191624	5.019409	
288	15.797990	13.794310	2.371140	-497.293452	-395.716077	497.293452	386.050345	-794.569948	245.301371	794.569948	-243.137331	5.138797	
289	16.016580	14.571920	2.270186	-480.823235	-391.809038	480.823235	367.228953	-820.835314	265.298015	820.835314	-258.541789	5.268532	
290	16.173273	15.433529	2.173036	-462.565845	-388.109552	462.565845	347.516442	-848.829890	285.336502	848.829890	-273.872379	5.409996	
291	16.278406	16.367965	2.079837	-441.994992	-384.526832	441.994992	327.336913	-878.306350	304.995411	878.306350	-288.796749	5.564235	
292	16.357401	17.385963	1.990628	-418.776423	-380.974438	418.776423	307.010646	-909.401926	324.182943	909.401926	-303.285126	5.732115	
293	16.432137	18.502058	1.905330	-393.352418	-377.696818	393.352418	287.317002	-942.513655	342.839118	942.513655	-317.323003	5.914461	
294	16.516509	19.727144	1.823702	-366.492683	-375.047447	366.492683	269.322180	-977.933355	360.709840	977.933355	-330.702752	6.112136	
295	16.611430	21.054249	1.745407	-338.754438	-373.034110	338.754438	253.952023	-1014.971351	377.133782	1014.971351	-342.844648	6.325899	
296	16.711027	22.453838	1.670125	-310.253816	-371.237702	310.253816	241.858989	-1051.900631	391.139290	1051.900631	-352.894018	6.556074	
297	16.809639	23.889885	1.597614	-280.547522	-368.984066	280.547522	233.325602	-1086.666985	401.764403	1086.666985	-359.999875	6.802350	
298	16.902592	25.335928	1.527709	-248.999289	-365.544625	248.999289	228.171182	-1117.301860	408.240464	1117.301860	-363.470223	7.063776	
299	16.991400	26.791565	1.460313	-215.623015	-360.700609	215.623015	226.306901	-1142.792012	410.105439	1142.792012	-362.848732	7.338965	
300	17.064560	28.259121	1.395422	-180.931600	-354.677788	180.931600	228.123216	-1162.636913	406.696210	1162.636913	-357.429759	7.626443	
301	17.100299	29.712630	1.333213	-145.036492	-347.202734	145.036492	233.465075	-1175.221246	397.050400	1175.221246	-346.215583	7.924743	
302	17.113623	31.125554	1.274071	-107.920946	-337.513987	107.920946	241.025824	-1178.407640	380.924839	1178.407640	-328.931187	8.232190	
303	17.127751	32.474132	1.218503	-69.912904	-325.043454	69.912904	249.436587	-1170.362864	358.443516	1170.362864	-305.735294	8.546869	
304	17.113375	33.712021	1.167003	-31.259736	-309.528173	31.259736	258.005214	-1149.298982	328.987455	1149.298982	-276.141377	8.866865	
305	17.034490	34.785216	1.119959	8.194956	-290.688685	-8.194956	265.847265	-1113.915165	292.074606	1113.915165	-239.864034	9.190277	
306	16.914103	35.651118	1.077742	48.789627	-267.980988	-48.789627	270.994003	-1063.680652	248.690599	1063.680652	-198.280979	9.515052	
307	16.807595	36.285233	1.040848	90.526318	-241.036047	-90.526318	271.319653	-998.862480	200.774807	998.862480	-153.999879	9.838980	
308	16.757289	36.681386	1.009827	132.915212	-210.201715	-132.915212	266.121733	-920.972909	150.135065	920.972909	-109.652246	10.159737	
309	16.806525	36.842050	0.985083	175.353759	-176.292073	-175.353759	256.329416	-832.713505	98.543935	832.713505	-68.077823	10.474630	
310	17.015451	36.770443	0.966846	217.388791	-140.097836	-217.388791	243.899131	-737.225140	47.996529	737.225140	-32.872934	10.780292	
311	17.436468	36.465847	0.955185	258.693841	-102.279908	-258.693841	231.525643	-637.711780	0.216295	637.711780	-7.877087	11.072710	
312	18.101275	35.929302	0.949958	298.837551	-63.602189	-298.837551	222.931775	-537.798296	-43.668952	537.798296	3.430070	11.347346	
313	19.023181	35.169094	0.950824	336.962528	-25.153266	-336.962528	223.198129	-441.679907	-83.129468	441.679907	-1.763073	11.599179	
314	20.187542	34.183549	0.957349	371.905846	12.002362	-371.905846	237.419274	-353.368899	-118.092715	353.368899	-25.319370	11.822647	
315	21.552218	32.951220	0.968986	402.798439	47.375019	-402.798439	268.310933	-275.772489	-148.462965	275.772489	-68.199089	12.011399	
316	23.047372	31.451084	0.985041	429.064857	80.888794	-429.064857	315.501178	-210.226087	-173.980053	210.226087	-130.010098	12.158156	
317	24.561046	29.672143	1.004749	449.803496	112.580357	-449.803496	375.443978	-156.135563	-194.365431	156.135563	-208.167914	12.254967	
318	25.958643	27.607165	1.027368	464.229369	142.865952	-464.229369	440.395196	-110.851961	-209.152353	110.851961	-298.267957	12.293637	
319	27.134110	25.261396	1.052203	472.980005	172.579109	-472.980005	498.896449	-70.161746	-218.009530	70.161746	-394.884952	12.266077	
320	28.039248	22.676478	1.078676	478.345995	202.118871	-478.345995	539.454015	-29.455967	-221.964708	29.455967	-491.189170	12.164868	
321	28.693040	19.963111	1.106407	483.193637	230.148920	-483.193637	556.319487	14.531036	-224.686108	-14.531036	-577.944327	11.984949	
322	29.178107	17.310149	1.135143	489.613587	252.748198	-489.613587	554.180229	62.052225	-232.608925	-62.052225	-642.940718	11.726660	
323	29.601849	14.940978	1.164649	497.977881	263.711330	-497.977881	547.631414	109.762073	-252.845664	-109.762073	-671.409321	11.399353	
324	30.053689	13.036801	1.194738	506.931245	256.413534	-506.931245	554.545216	152.126626	-289.437994	-152.126626	-649.025575	11.024341	
325	30.595110	11.653947	1.225320	513.589643	226.801692	-513.589643	586.791500	184.317622	-340.177096	-184.317622	-568.008197	10.635184	
326	31.232776	10.682091	1.256267	512.975818	175.790057	-512.975818	643.824638	204.495004	-395.860763	-204.495004	-432.521981	10.273740	
327	31.859093	9.882035	1.287248	498.904918	109.577086	-498.904918	712.989355	214.166691	-442.664963	-214.166691	-259.474103	9.982668	
328	32.243074	8.964862	1.317681	466.798450	37.605192	-466.798450	775.050252	216.904747	-467.042824	-216.904747	-74.161215	9.796257	
329	32.095962	7.661305	1.346880	415.066095	-30.782114	-415.066095	810.447833	216.577475	-460.444371	-216.577475	97.208574	9.732237	
330	31.148035	5.771998	1.374379	345.540494	-88.909824	-345.540494	803.841274	216.554758	-421.184174	-216.554758	233.717344	9.787327	
331	29.208874	3.200961	1.400002	265.347341	-133.354712	-265.347341	747.349746	220.182325	-353.839637	-220.182325	321.954174	9.937595	
332	26.210135	-0.027351	1.423660	188.601176	-162.892084	-188.601176	642.875381	231.395931	-267.580486	-231.395931	355.606189	10.143406	
333	22.204736	-3.770928	1.445328	135.239226	-176.943266	-135.239226	502.146023	254.353228	-173.215359	-254.353228	334.197323	10.357785	
334	17.330884	-7.807421	1.465158	125.723330	-174.945357	-125.723330	343.092410	291.685293	-79.116539	-291.685293	262.170478	10.535406	
335	11.788856	-11.904806	1.483469	173.473967	-157.066845	-173.473967	184.010015	342.138281	11.461535	-342.138281	149.250656	10.639814	
336	5.836720	-15.865006	1.500623	278.754292	-125.169806	-278.754292	39.675760	399.626027	99.096102	-399.626027	10.970829	10.648175	
337	-0.223647	-19.516503	1.516943	426.152815	-83.016179	-426.152815	-79.756077	455.061961	184.139242	-455.061961	-133.205313	10.553194	
338	-6.083352	-22.711803	1.532667	587.445989	-35.548680	-587.445989	-169.563213	499.953967	263.763875	-499.953967	-264.285933	10.361817	
339	-11.460881	-25.336163	1.547866	729.771030	12.265601	-729.771030	-230.224684	529.326079	331.872328	-529.326079	-367.646664	10.091395	
340	-16.115008	-27.307268	1.562346	825.112160	56.290847	-825.112160	-265.389797	542.446139	381.253020	-542.446139	-434.678355	9.765029	
341	-19.858209	-28.581573	1.575674	856.996170	93.694953	-856.996170	-279.878233	541.874639	406.545932	-541.874639	-463.021060	9.407284	
342	-22.569678	-29.169256	1.587431	822.732384	123.065163	-822.732384	-278.210927	531.771661	406.173475	-531.771661	-455.779617	9.040610	
343	-24.190592	-29.131949	1.597377	731.632449	144.045458	-731.632449	-263.111353	515.976101	382.241105	-515.976101	-419.725564	8.683027	
344	-24.721956	-28.550549	1.605333	601.558229	156.893175	-601.558229	-235.141632	497.143995	339.172299	-497.143995	-363.441802	8.347487	
345	-24.232731	-27.496937	1.611110	455.224762	162.270416	-455.224762	-194.384427	477.364456	282.553358	-477.364456	-295.936273	8.042078	
346	-22.847409	-26.032146	1.614583	315.712580	161.050674	-315.712580	-142.144447	458.649844	218.328929	-458.649844	-225.333879	7.770432	
347	-20.718416	-24.208002	1.615830	202.257068	154.087641	-202.257068	-81.608694	442.775741	152.069898	-442.775741	-157.909523	7.532594	
348	-18.013685	-22.073011	1.615118	128.024096	142.199415	-128.024096	-18.060962	431.224211	88.640187	-431.224211	-97.891579	7.326259	
349	-14.919405	-19.692978	1.612730	99.303825	126.384553	-99.303825	41.671987	425.170095	32.116782	-425.170095	-47.701234	7.147903	
350	-11.638584	-17.156405	1.608859	115.725759	107.965621	-115.725759	90.479426	425.366954	-14.520384	-425.366954	-8.175898	6.993575	
351	-8.363095	-14.553874	1.603588	171.525199	88.464685	-171.525199	122.689783	431.879083	-49.818622	-431.879083	21.250711	6.859416	
352	-5.238977	-11.962156	1.596946	256.997516	69.376414	-256.997516	135.451937	443.791327	-73.814563	-443.791327	42.108485	6.742144	
353	-2.369417	-9.444136	1.589008	360.245479	52.122685	-360.245479	128.359634	459.599357	-87.494953	-459.599357	56.210820	6.639314	
354	0.160240	-7.052325	1.579952	469.298875	38.092596	-469.298875	102.436637	477.879156	-92.330554	-477.879156	65.147618	6.549132	
355	2.278676	-4.823439	1.570062	573.714312	28.448160	-573.714312	59.993661	497.241409	-90.062365	-497.241409	70.098363	6.470102	
356	3.940907	-2.770960	1.559794	665.518597	23.891309	-665.518597	4.488946	516.021710	-82.559516	-516.021710	71.833719	6.400834	
357	5.135607	-0.903115	1.549783	739.407002	24.637285	-739.407002	-59.468183	532.360769	-71.743751	-532.360769	70.864335	6.339983	
358	5.882280	0.750376	1.540655	792.029478	30.385665	-792.029478	-125.847973	544.541036	-59.483804	-544.541036	67.615483	6.286225	
359	6.214100	2.147998	1.532866	821.758385	40.409546	-821.758385	-188.445572	551.454426	-47.319352	-551.454426	62.407261	6.238094	
360	6.169722	3.263106	1.526789	829.437316	53.827924	-829.437316	-242.739342	552.794088	-36.251951	-552.794088	55.423309	6.193648	
361	5.812876	4.084038	1.522755	818.060593	69.616549	-818.060593	-286.005752	548.733485	-26.777055	-548.733485	46.935524	6.150346	
362	5.237615	4.599130	1.520906	791.089066	86.461160	-791.089066	-316.682217	539.667091	-18.967974	-539.667091	37.469964	6.105429	
363	4.536672	4.792982	1.521062	751.550566	102.953872	-751.550566	-334.568115	526.355706	-12.537253	-526.355706	27.632051	6.056413	
364	3.780015	4.661606	1.522858	702.409646	117.937137	-702.409646	-341.191446	509.963464	-6.959465	-509.963464	17.892885	6.001133	
365	3.023063	4.232643	1.526017	647.020124	130.537853	-647.020124	-339.181350	491.591175	-1.677239	-491.591175	8.594403	5.937631	
366	2.316820	3.561947	1.530413	589.035586	140.047854	-589.035586	-331.061938	471.892504	3.661570	-471.892504	0.059170	5.864377	
367	1.704537	2.716917	1.535986	531.938455	146.062120	-531.938455	-318.903778	451.269422	9.094631	-451.269422	-7.402652	5.780648	
368	1.211075	1.772481	1.542741	478.521313	148.612763	-478.521313	-304.432700	430.120053	14.422399	-430.120053	-13.587011	5.686638	
369	0.850045	0.807860	1.550765	430.600501	147.822678	-430.600501	-288.493831	408.686666	19.290428	-408.686666	-18.364969	5.583377	
370	0.637262	-0.104580	1.560209	389.145848	143.725624	-389.145848	-271.027109	386.975033	23.243937	-386.975033	-21.618384	5.472641	
371	0.580870	-0.906609	1.571254	354.547988	136.611633	-354.547988	-251.964975	364.999862	25.881812	-364.999862	-23.325327	5.356836	
372	0.673584	-1.556564	1.584051	326.675615	127.047332	-326.675615	-231.496553	342.917752	26.976923	-342.917752	-23.600284	5.238782	
373	0.899664	-2.033447	1.598506	304.810590	115.576351	-304.810590	-209.791060	320.992062	26.492052	-320.992062	-22.647754	5.121440	
374	1.236024	-2.336155	1.614106	287.899487	102.774401	-287.899487	-187.182750	299.631148	24.600763	-299.631148	-20.756221	5.007613	
375	1.653798	-2.473069	1.630073	275.025747	89.394764	-275.025747	-164.377704	279.319514	21.644297	-279.319514	-18.256580	4.899670	
376	2.123351	-2.459130	1.645752	265.392304	76.227376	-265.392304	-142.232778	260.415516	18.020796	-260.415516	-15.446264	4.799414	
377	2.614145	-2.323505	1.660885	258.116927	63.972803	-258.116927	-121.578610	243.141302	14.130333	-243.141302	-12.575942	4.708043	
378	3.094763	-2.103205	1.675560	252.384266	53.209402	-252.384266	-103.175129	227.673728	10.354249	-227.673728	-9.863644	4.626087	
379	3.531829	-1.829536	1.689972	247.585679	44.343832	-247.585679	-87.632082	214.152986	7.033290	-214.152986	-7.502818	4.553404	
380	3.894414	-1.532113	1.704225	243.210752	37.541594	-243.210752	-75.301094	202.606844	4.420307	-202.606844	-5.646491	4.489291	
381	4.167192	-1.243127	1.718254	238.767530	32.716009	-238.767530	-66.226876	192.873481	2.617106	-192.873481	-4.367183	4.432627	
382	4.352940	-0.986156	1.731912	234.011796	29.660236	-234.011796	-60.254457	184.675721	1.583581	-184.675721	-3.654990	4.382053	
383	4.461289	-0.771074	1.745148	229.031482	28.082575	-229.031482	-57.017091	177.731236	1.208008	-177.731236	-3.457190	4.336156	
384	4.498793	-0.599230	1.758040	223.869970	27.577502	-223.869970	-55.902751	171.765516	1.374643	-171.765516	-3.720450	4.293618	
385	4.474703	-0.466372	1.770692	218.355133	27.710265	-218.355133	-56.213537	166.450094	1.969070	-166.450094	-4.386488	4.253288	
386	4.407363	-0.373476	1.783245	212.307919	28.137575	-212.307919	-57.332500	161.460109	2.865050	-161.460109	-5.371389	4.214211	
387	4.310975	-0.327201	1.795871	205.684108	28.651565	-205.684108	-58.795092	156.577112	3.959424	-156.577112	-6.590554	4.175628	
388	4.193713	-0.320357	1.808598	198.521318	29.085718	-198.521318	-60.227912	151.613407	5.155907	-151.613407	-7.950614	4.136981	
389	4.070736	-0.338328	1.821175	190.816246	29.291547	-190.816246	-61.335757	146.428985	6.334013	-146.428985	-9.327456	4.097982	
390	3.957228	-0.377661	1.833226	182.576274	29.219451	-182.576274	-61.981611	141.031940	7.402706	-141.031940	-10.614970	4.058600	
391	3.859979	-0.439604	1.844365	173.924237	28.892233	-173.924237	-62.145414	135.513728	8.326934	-135.513728	-11.754223	4.018951	
392	3.783933	-0.524476	1.854201	165.003568	28.338626	-165.003568	-61.827118	129.959102	9.084455	-129.959102	-12.700048	3.979222	
393	3.728538	-0.634286	1.862439	155.964583	27.622895	-155.964583	-61.100916	124.483502	9.671460	-124.483502	-13.426075	3.939621	
394	3.682056	-0.762548	1.868934	147.101242	26.851458	-147.101242	-60.166027	119.244358	10.128127	-119.244358	-13.948907	3.900294	
395	3.633267	-0.893864	1.873581	138.741032	26.111341	-138.741032	-59.236832	114.364330	10.495413	-114.364330	-14.295643	3.861311	
396	3.578420	-1.023621	1.876270	131.012528	25.464746	-131.012528	-58.470191	109.934436	10.794339	-109.934436	-14.487269	3.822706	
397	3.514893	-1.156485	1.877013	123.883231	24.932438	-123.883231	-57.900000	105.984317	11.050371	-105.984317	-14.553389	3.784444	
398	3.439215	-1.292790	1.875967	117.299744	24.485748	-117.299744	-57.442162	102.429284	11.293544	-102.429284	-14.531271	3.746389	
399	3.349140	-1.431165	1.873336	111.229165	24.111689	-111.229165	-57.059072	99.171970	11.549807	-99.171970	-14.462811	3.708340	
400	3.244670	-1.569438	1.869369	105.652106	23.817743	-105.652106	-56.782506	96.169676	11.836411	-96.169676	-14.387585	3.670056	
401	3.127537	-1.705332	1.864444	100.507221	23.601914	-100.507221	-56.627675	93.396783	12.164379	-93.396783	-14.337439	3.631262	
402	3.000240	-1.842416	1.859043	95.707829	23.449780	-95.707829	-56.553875	90.820466	12.536307	-90.820466	-14.328971	3.591661	
403	2.866231	-1.985171	1.853578	91.245375	23.338246	-91.245375	-56.481836	88.398848	12.939470	-88.398848	-14.357870	3.550993	
404	2.729335	-2.126884	1.848204	87.184571	23.228577	-87.184571	-56.317033	86.073645	13.336936	-86.073645	-14.396333	3.509072	
405	2.596353	-2.250474	1.842873	83.557550	23.041740	-83.557550	-55.893121	83.739623	13.654036	-83.739623	-14.384862	3.465882	
406	2.473456	-2.346279	1.837604	80.331748	22.728621	-80.331748	-55.114446	81.341854	13.832404	-81.341854	-14.278734	3.421661	
407	2.356853	-2.417872	1.832587	77.483369	22.326315	-77.483369	-54.098965	78.971659	13.877541	-78.971659	-14.088585	3.376765	
408	2.240737	-2.466186	1.828031	74.995669	21.861708	-74.995669	-52.950663	76.704712	13.806383	-76.704712	-13.835803	3.331501	
409	2.128526	-2.484759	1.824058	72.772103	21.321295	-72.772103	-51.661299	74.498681	13.627559	-74.498681	-13.533433	3.286169	
410	2.025831	-2.472118	1.820736	70.679126	20.719599	-70.679126	-50.264014	72.311315	13.372896	-72.311315	-13.211139	3.241083	
411	1.933197	-2.437265	1.818079	68.654938	20.092371	-68.654938	-48.822090	70.154324	13.079237	-70.154324	-12.900833	3.196413	
412	1.850744	-2.390151	1.815985	66.674356	19.456355	-66.674356	-47.345845	68.026911	12.757854	-68.026911	-12.609227	3.152190	
413	1.780425	-2.331534	1.814227	64.671769	18.817451	-64.671769	-45.839041	65.896915	12.406744	-65.896915	-12.326521	3.108486	
414	1.725339	-2.256181	1.812530	62.596510	18.170137	-62.596510	-44.297634	63.746846	12.011757	-63.746846	-12.027874	3.065493	
415	1.689405	-2.161081	1.810644	60.449676	17.509598	-60.449676	-42.722022	61.598222	11.555142	-61.598222	-11.683581	3.023477	
416	1.670736	-2.050181	1.808378	58.237123	16.872862	-58.237123	-41.215355	59.508631	11.062518	-59.508631	-11.305008	2.982685	
417	1.659413	-1.940203	1.805570	56.033898	16.303424	-56.033898	-39.862722	57.539526	10.592459	-57.539526	-10.937845	2.943249	
418	1.646154	-1.856287	1.802050	54.002380	15.813278	-54.002380	-38.622517	55.726006	10.186610	-55.726006	-10.617489	2.905125	
419	1.629043	-1.816269	1.797678	52.271439	15.415151	-52.271439	-37.466376	54.100989	9.855762	-54.100989	-10.352488	2.868114	
420	1.608431	-1.825155	1.792360	50.926562	15.132080	-50.926562	-36.443645	52.713450	9.602147	-52.713450	-10.142563	2.831902	
421	1.583349	-1.868818	1.786053	49.953097	14.949015	-49.953097	-35.549554	51.529365	9.422443	-51.529365	-9.983376	2.796057	
422	1.557219	-1.917150	1.778789	49.171019	14.794144	-49.171019	-34.644641	50.393576	9.279392	-50.393576	-9.840480	2.760239	
423	1.533860	-1.955288	1.770712	48.452314	14.615473	-48.452314	-33.628522	49.213502	9.138073	-49.213502	-9.682338	2.724368	
424	1.513794	-1.986857	1.762066	47.779579	14.408191	-47.779579	-32.522592	47.997539	8.990656	-47.997539	-9.503629	2.688437	
425	1.496951	-2.011169	1.753090	47.063849	14.181710	-47.063849	-31.391200	46.739900	8.839007	-46.739900	-9.308016	2.652447	
426	1.474185	-2.030054	1.743960	46.215668	13.985121	-46.215668	-30.402034	45.484601	8.735613	-45.484601	-9.145523	2.616361	
427	1.432140	-2.049931	1.734895	45.254298	13.862308	-45.254298	-29.714028	44.315637	8.739393	-44.315637	-9.071494	2.579947	
428	1.373626	-2.064496	1.726114	44.197552	13.772338	-44.197552	-29.259027	43.216452	8.811273	-43.216452	-9.048288	2.542958	
429	1.313139	-2.061385	1.717682	43.016682	13.655984	-43.016682	-28.887454	42.121693	8.872727	-42.121693	-9.000175	2.505386	
430	1.258125	-2.035087	1.709538	41.711722	13.499323	-41.711722	-28.558355	41.021050	8.898013	-41.021050	-8.900247	2.467392	
431	1.206589	-1.984184	1.701545	40.315833	13.298021	-40.315833	-28.283952	39.929347	8.894699	-39.929347	-8.753205	2.429200	
432	1.157453	-1.916941	1.693518	38.863283	13.052970	-38.863283	-28.045650	38.842974	8.871435	-38.842974	-8.567479	2.391060	
433	1.118210	-1.855595	1.685232	37.414140	12.782295	-37.414140	-27.757511	37.734082	8.824532	-37.734082	-8.342957	2.353147	
434	1.096289	-1.820823	1.676449	36.067154	12.497763	-36.067154	-27.316272	36.580462	8.744422	-36.580462	-8.076952	2.315561	
435	1.084868	-1.815875	1.666996	34.890797	12.202149	-34.890797	-26.724302	35.401177	8.653096	-35.401177	-7.800744	2.278339	
436	1.071110	-1.823787	1.656794	33.825408	11.908658	-33.825408	-26.093791	34.223186	8.593459	-34.223186	-7.565292	2.241352	
437	1.054715	-1.820856	1.645828	32.715600	11.633730	-32.715600	-25.521919	33.038849	8.568895	-33.038849	-7.375713	2.204331	
438	1.044377	-1.795270	1.634136	31.469984	11.371807	-31.469984	-25.018515	31.831466	8.538670	-31.831466	-7.188066	2.167121	
439	1.043374	-1.745704	1.621779	30.101326	11.099305	-30.101326	-24.549194	30.604169	8.469047	-30.604169	-6.966940	2.129835	
440	1.048477	-1.671841	1.608801	28.636177	10.804641	-28.636177	-24.101312	29.371130	8.360248	-29.371130	-6.712091	2.092774	
441	1.056371	-1.581288	1.595254	27.126888	10.491565	-27.126888	-23.668710	28.151976	8.231433	-28.151976	-6.440427	2.056281	
442	1.066864	-1.491999	1.581240	25.699902	10.154229	-25.699902	-23.196794	26.966345	8.092270	-26.966345	-6.160641	2.020595	
443	1.081262	-1.409850	1.566866	24.476722	9.763730	-24.476722	-22.608522	25.817583	7.929097	-25.817583	-5.863031	1.985835	
444	1.100743	-1.320873	1.552169	23.486285	9.294243	-23.486285	-21.877063	24.691261	7.721555	-24.691261	-5.533063	1.952086	
445	1.128672	-1.216013	1.537146	22.661778	8.771517	-22.661778	-21.059039	23.573147	7.474844	-23.573147	-5.175610	1.919479	
446	1.168760	-1.098315	1.521804	21.916367	8.244535	-21.916367	-20.231125	22.463093	7.214679	-22.463093	-4.810134	1.888187	
447	1.218252	-0.974432	1.506130	21.230460	7.714743	-21.230460	-19.373230	21.354988	6.952174	-21.354988	-4.446433	1.858375	
448	1.267068	-0.859883	1.490154	20.605407	7.173196	-20.605407	-18.427126	20.227759	6.688814	-20.227759	-4.094566	1.830126	
449	1.305043	-0.771623	1.474038	19.992343	6.657471	-19.992343	-17.439465	19.086918	6.435862	-19.086918	-3.777642	1.803400	
450	1.330334	-0.715203	1.457941	19.358754	6.213963	-19.358754	-16.508846	17.977571	6.204051	-17.977571	-3.511040	1.778087	
451	1.348973	-0.691226	1.441863	18.747669	5.861870	-18.747669	-15.693009	16.951748	5.998520	-16.951748	-3.293984	1.754031	
452	1.363322	-0.698610	1.425711	18.199445	5.599484	-18.199445	-15.028855	16.045628	5.821467	-16.045628	-3.124126	1.730940	
453	1.366900	-0.728920	1.409436	17.663317	5.411408	-17.663317	-14.539224	15.263411	5.668734	-15.263411	-3.002606	1.708394	
454	1.355493	-0.770708	1.393056	17.031416	5.287216	-17.031416	-14.227425	14.575974	5.540570	-14.575974	-2.930776	1.686036	
455	1.337216	-0.816009	1.376666	16.215446	5.234370	-16.215446	-14.086734	13.943045	5.444515	-13.943045	-2.900308	1.663706	
456	1.326216	-0.856279	1.360382	15.162386	5.251929	-15.162386	-14.072914	13.331130	5.370897	-13.331130	-2.880682	1.641421	
457	1.326235	-0.884210	1.344221	13.863724	5.314922	-13.863724	-14.127263	12.727606	5.303465	-12.727606	-2.847199	1.619302	
458	1.326201	-0.901301	1.328133	12.409760	5.391070	-12.409760	-14.233569	12.144726	5.255250	-12.144726	-2.816577	1.597446	
459	1.315418	-0.914623	1.312146	10.991232	5.453243	-10.991232	-14.384889	11.598004	5.255060	-11.598004	-2.821878	1.575765	
460	1.292766	-0.930864	1.296323	9.775011	5.490442	-9.775011	-14.552572	11.086380	5.318840	-11.086380	-2.879866	1.553989	
461	1.259715	-0.955093	1.280635	8.799177	5.508868	-8.799177	-14.714725	10.596950	5.445390	-10.596950	-2.992622	1.531852	
462	1.217779	-0.989373	1.264949	8.014729	5.515967	-8.014729	-14.862815	10.119503	5.619486	-10.119503	-3.149604	1.509250	
463	1.172904	-1.029953	1.249110	7.350162	5.514612	-7.350162	-14.986962	9.647597	5.817266	-9.647597	-3.325519	1.486213	
464	1.132130	-1.069411	1.233076	6.708083	5.511953	-6.708083	-15.085849	9.173677	6.014488	-9.173677	-3.490714	1.462861	
465	1.093845	-1.104380	1.216895	6.028580	5.512724	-6.028580	-15.168653	8.695795	6.202261	-8.695795	-3.637031	1.439366	
466	1.048377	-1.135824	1.200535	5.369202	5.498343	-5.369202	-15.213179	8.216110	6.386425	-8.216110	-3.780138	1.415809	
467	0.991330	-1.164532	1.183861	4.801960	5.442315	-4.801960	-15.173174	7.730874	6.562042	-7.730874	-3.923135	1.392115	
468	0.929000	-1.192904	1.166824	4.310513	5.346643	-4.310513	-15.046194	7.237366	6.711688	-7.237366	-4.044728	1.368211	
469	0.872496	-1.220963	1.149513	3.856109	5.230920	-3.856109	-14.851816	6.738094	6.817600	-6.738094	-4.115089	1.344128	
470	0.833994	-1.239665	1.132009	3.455870	5.092787	-3.455870	-14.546377	6.232817	6.852866	-6.232817	-4.095686	1.320010	
471	0.822705	-1.240228	1.114354	3.179137	4.909980	-3.179137	-14.050970	5.722068	6.790604	-5.722068	-3.953874	1.296104	
472	0.841505	-1.221876	1.096676	3.086544	4.670795	-3.086544	-13.337205	5.214250	6.624907	-5.214250	-3.683940	1.272667	
473	0.892775	-1.181319	1.079286	3.181647	4.375895	-3.181647	-12.409577	4.721138	6.352045	-4.721138	-3.282059	1.249959	
474	0.985718	-1.105437	1.062620	3.421395	4.024515	-3.421395	-11.255080	4.256541	5.948568	-4.256541	-2.717775	1.228316	
475	1.134320	-0.979793	1.047200	3.780951	3.603408	-3.780951	-9.825465	3.832721	5.373923	-3.832721	-1.940591	1.208239	
476	1.350598	-0.795589	1.033684	4.306253	3.079735	-4.306253	-8.033359	3.457190	4.580605	-3.457190	-0.900309	1.190350	
477	1.640629	-0.546978	1.022824	5.058982	2.422638	-5.058982	-5.797969	3.135704	3.536775	-3.135704	0.429173	1.175325	
478	2.003323	-0.234352	1.015313	6.057662	1.628900	-6.057662	-3.099519	2.871436	2.239801	-2.871436	2.039026	1.163817	
479	2.434531	0.131247	1.011690	7.308908	0.711610	-7.308908	0.047006	2.654435	0.697259	-2.654435	3.908458	1.156396	
480	2.929284	0.532025	1.012323	8.806552	-0.305538	-8.806552	3.604369	2.457823	-1.066796	-2.457823	6.007640	1.153512	
481	3.468170	0.945161	1.017454	10.463364	-1.366755	-10.463364	7.447336	2.242053	-2.971662	-2.242053	8.247876	1.155463	
482	4.013871	1.349100	1.027237	12.117788	-2.402284	-12.117788	11.393737	1.958319	-4.899475	-1.958319	10.489117	1.162295	
483	4.505247	1.710057	1.041611	13.577267	-3.329445	-13.577267	15.140749	1.575970	-6.666252	-1.575970	12.504578	1.173699	
484	4.907211	2.005988	1.060096	14.781262	-4.126627	-14.781262	18.528205	1.089321	-8.169863	-1.089321	14.168005	1.189001	
485	5.011775	2.078522	1.081132	15.256152	-4.436988	-15.256152	20.077566	0.679232	-8.713242	-0.679232	14.617310	1.206519	
486	5.151645	2.177665	1.103230	15.830818	-4.835089	-15.830818	21.970497	0.192978	-9.394648	-0.192978	15.222836	1.224690	
