kww	// User ID
28-6-2021	// Evaluation date
p26_warmup_020	25-6-2021	13:19:48:124	// Source file name and timestamp
357.143	// Sampling rate
1.000	// Data capture period

1.850000	// height
93.400000	// mass


Sample #	elbVar	shldrIR	LwristLinVelo	thorJFPd	thorSTPd	UaJFPp	UaSTPp	UaJFPd	UaSTPd	FaJFPp	FaSTPp	RwristLinVelo	
0	1.453490	0.288801	1.904210	1.570492	0.175502	-1.570492	-5.417455	2.355443	2.393241	-2.355443	-6.619529	1.518616	
1	1.647442	0.229279	1.894296	2.094877	0.223082	-2.094877	-5.576525	2.442047	2.821565	-2.442047	-7.868891	1.524177	
2	1.820010	0.182880	1.883634	2.567693	0.277239	-2.567693	-5.864104	2.643592	3.174935	-2.643592	-8.959997	1.527567	
3	2.036266	0.082507	1.873399	3.311848	0.314568	-3.311848	-5.520971	2.476375	3.678071	-2.476375	-10.499167	1.528862	
4	2.227912	-0.038915	1.865646	4.051277	0.342629	-4.051277	-4.932561	2.190689	4.153275	-2.190689	-11.989013	1.528303	
5	2.372494	-0.175779	1.861248	4.723964	0.358730	-4.723964	-4.113227	1.786260	4.556157	-1.786260	-13.275090	1.526232	
6	2.474147	-0.316392	1.860597	5.309096	0.366270	-5.309096	-3.198945	1.323568	4.887226	-1.323568	-14.325704	1.522957	
7	2.532497	-0.461692	1.863612	5.802171	0.370701	-5.802171	-2.245616	0.829291	5.159238	-0.829291	-15.150293	1.518646	
8	2.539585	-0.609334	1.869994	6.158913	0.374786	-6.158913	-1.260747	0.303650	5.364471	-0.303650	-15.708100	1.513533	
9	2.507403	-0.747285	1.879326	6.351116	0.377525	-6.351116	-0.298338	-0.243093	5.511170	0.243093	-16.011490	1.508021	
10	2.464418	-0.860529	1.891124	6.381893	0.374460	-6.381893	0.528576	-0.775450	5.629469	0.775450	-16.141202	1.502430	
11	2.428712	-0.943037	1.904873	6.265288	0.360290	-6.265288	1.158732	-1.270193	5.743524	1.270193	-16.167274	1.496868	
12	2.398808	-1.001433	1.920062	6.021839	0.333361	-6.021839	1.617890	-1.726698	5.858121	1.726698	-16.112376	1.491375	
13	2.370501	-1.041777	1.936294	5.658885	0.294614	-5.658885	1.924597	-2.139574	5.967807	2.139574	-15.976550	1.485986	
14	2.339614	-1.064989	1.953306	5.205925	0.246561	-5.205925	2.107087	-2.507711	6.060973	2.507711	-15.748161	1.480675	
15	2.298622	-1.075102	1.970784	4.732310	0.193645	-4.732310	2.242611	-2.845575	6.127713	2.845575	-15.421796	1.475416	
16	2.252952	-1.076653	1.988247	4.260030	0.141299	-4.260030	2.340999	-3.149956	6.181257	3.149956	-15.046062	1.470159	
17	2.216231	-1.072084	2.005242	3.773289	0.094854	-3.773289	2.359233	-3.401514	6.248318	3.401514	-14.695599	1.464794	
18	2.197037	-1.062473	2.021590	3.283487	0.056828	-3.283487	2.291445	-3.595389	6.347191	3.595389	-14.418453	1.459314	
19	2.210018	-1.043435	2.037399	2.769413	0.030363	-2.769413	2.078665	-3.727524	6.496351	3.727524	-14.254536	1.453774	
20	2.267631	-1.008526	2.052843	2.184837	0.019055	-2.184837	1.636604	-3.791333	6.706842	3.791333	-14.218610	1.447896	
21	2.357327	-0.954852	2.068082	1.565494	0.018568	-1.565494	1.042834	-3.812902	6.956421	3.812902	-14.252462	1.441098	
22	2.458435	-0.881619	2.083395	0.981192	0.020677	-0.981192	0.452628	-3.834516	7.212656	3.834516	-14.283836	1.432982	
23	2.557388	-0.795081	2.099116	0.471002	0.021413	-0.471002	-0.049904	-3.878827	7.455625	3.878827	-14.274965	1.423545	
24	2.633751	-0.710214	2.115372	0.101780	0.017329	-0.101780	-0.366481	-3.962362	7.658101	3.962362	-14.182560	1.413134	
25	2.680058	-0.632271	2.132098	-0.108202	0.005878	0.108202	-0.459342	-4.088871	7.810650	4.088871	-14.001052	1.402266	
26	2.718125	-0.552345	2.149162	-0.267317	-0.010479	0.267317	-0.466968	-4.236983	7.945674	4.236983	-13.794244	1.391254	
27	2.751562	-0.480238	2.166302	-0.418995	-0.030365	0.418995	-0.466082	-4.378949	8.077754	4.378949	-13.587748	1.380117	
28	2.755662	-0.444995	2.183113	-0.499970	-0.057118	0.499970	-0.385053	-4.491492	8.186618	4.491492	-13.346547	1.368817	
29	2.729665	-0.448472	2.199283	-0.555691	-0.093849	0.555691	-0.231933	-4.577555	8.269504	4.577555	-13.062240	1.357351	
30	2.691160	-0.469871	2.214747	-0.685471	-0.141614	0.685471	-0.069749	-4.669677	8.332926	4.669677	-12.743185	1.345762	
31	2.648994	-0.499166	2.229600	-0.907060	-0.199142	0.907060	0.071083	-4.781757	8.380729	4.781757	-12.397913	1.334173	
32	2.615660	-0.535699	2.243995	-1.274306	-0.258028	1.274306	0.087013	-4.887315	8.436019	4.887315	-12.064519	1.322615	
33	2.601363	-0.589999	2.258095	-1.914534	-0.303159	1.914534	-0.191427	-4.934406	8.519052	4.934406	-11.775020	1.310885	
34	2.608026	-0.685555	2.272087	-2.915179	-0.317097	2.915179	-0.940469	-4.848553	8.635631	4.848553	-11.540149	1.298608	
35	2.635773	-0.830433	2.286133	-4.215566	-0.289085	4.215566	-2.190271	-4.593989	8.777549	4.593989	-11.356565	1.285363	
36	2.675049	-0.987514	2.300220	-5.544385	-0.233069	5.544385	-3.578042	-4.270279	8.901133	4.270279	-11.177866	1.270932	
37	2.708617	-1.100835	2.314186	-6.563371	-0.179701	6.563371	-4.568127	-4.043535	8.954404	4.043535	-10.942121	1.255492	
38	2.720765	-1.150955	2.327974	-7.128176	-0.147534	7.128176	-4.916658	-3.994933	8.915454	3.994933	-10.618072	1.239486	
39	2.705172	-1.152548	2.341703	-7.336633	-0.135894	7.336633	-4.710617	-4.113607	8.790741	4.113607	-10.210636	1.223415	
40	2.670646	-1.123427	2.355549	-7.369421	-0.136175	7.369421	-4.170651	-4.356922	8.610542	4.356922	-9.757559	1.207752	
41	2.627089	-1.078347	2.369611	-7.349587	-0.142819	7.349587	-3.473437	-4.685009	8.405242	4.685009	-9.296934	1.192897	
42	2.574682	-1.029062	2.383841	-7.324718	-0.155565	7.324718	-2.680085	-5.071040	8.185757	5.071040	-8.842886	1.179152	
43	2.514392	-0.987232	2.398078	-7.338486	-0.173121	7.338486	-1.859730	-5.471819	7.962571	5.471819	-8.405439	1.166633	
44	2.453315	-0.962535	2.412107	-7.439021	-0.191543	7.439021	-1.128672	-5.836073	7.752043	5.836073	-7.997746	1.155228	
45	2.396477	-0.956114	2.425750	-7.625114	-0.209503	7.625114	-0.534246	-6.147881	7.559676	6.147881	-7.621478	1.144715	
46	2.344290	-0.964576	2.438899	-7.872594	-0.228983	7.872594	-0.047866	-6.418362	7.380537	6.418362	-7.268851	1.134871	
47	2.299958	-0.975204	2.451494	-8.177319	-0.252465	8.177319	0.380054	-6.681703	7.214659	6.681703	-6.937109	1.125502	
48	2.271372	-0.964923	2.463534	-8.543080	-0.281997	8.543080	0.797288	-6.996920	7.073944	6.996920	-6.635401	1.116524	
49	2.266146	-0.921890	2.475004	-8.974605	-0.316555	8.974605	1.192162	-7.393844	6.980610	7.393844	-6.383381	1.107950	
50	2.283215	-0.856765	2.485821	-9.472147	-0.348533	9.472147	1.505417	-7.850629	6.944515	7.850629	-6.187412	1.099684	
51	2.299226	-0.798703	2.495977	-9.989826	-0.373732	9.989826	1.775731	-8.325259	6.919410	8.325259	-6.000851	1.091512	
52	2.282218	-0.776290	2.505639	-10.427300	-0.402867	10.427300	2.158007	-8.776728	6.830405	8.776728	-5.754552	1.083372	
53	2.229651	-0.790619	2.515053	-10.737106	-0.445701	10.737106	2.713910	-9.182759	6.666956	9.182759	-5.442260	1.075449	
54	2.163005	-0.827803	2.524421	-10.969941	-0.499477	10.969941	3.355741	-9.534563	6.475732	9.534563	-5.108218	1.067973	
55	2.093720	-0.886850	2.533755	-11.142865	-0.563746	11.142865	4.021496	-9.808919	6.281178	9.808919	-4.772802	1.061097	
56	2.019593	-0.972174	2.542868	-11.192292	-0.643772	11.192292	4.733266	-9.982440	6.072754	9.982440	-4.423704	1.054929	
57	1.943544	-1.071072	2.551609	-11.135136	-0.732856	11.135136	5.472011	-10.077500	5.847594	10.077500	-4.056689	1.049542	
58	1.884318	-1.155332	2.559986	-11.147109	-0.808180	11.147109	6.095758	-10.149833	5.643414	10.149833	-3.703709	1.044830	
59	1.859550	-1.207259	2.568069	-11.376763	-0.853721	11.376763	6.482342	-10.236968	5.503416	10.236968	-3.401603	1.040473	
60	1.860041	-1.233071	2.575966	-11.745081	-0.879537	11.745081	6.733564	-10.356980	5.407857	10.356980	-3.136007	1.036157	
61	1.863451	-1.245558	2.583843	-12.104732	-0.903600	12.104732	7.031131	-10.527522	5.302664	10.527522	-2.866650	1.031830	
62	1.872894	-1.240213	2.591841	-12.555515	-0.918048	12.555515	7.298363	-10.765439	5.199453	10.765439	-2.610386	1.027603	
63	1.901724	-1.209071	2.600088	-13.236495	-0.909379	13.236495	7.396655	-11.075963	5.138564	11.075963	-2.406506	1.023383	
64	1.936851	-1.166786	2.608567	-13.997636	-0.896207	13.997636	7.486605	-11.441354	5.087840	11.441354	-2.226159	1.019054	
65	1.965804	-1.130864	2.616953	-14.690056	-0.897869	14.690056	7.719392	-11.830824	5.013540	11.830824	-2.031635	1.014853	
66	1.999141	-1.100954	2.624849	-15.395062	-0.904796	15.395062	7.978805	-12.227717	4.946456	12.227717	-1.837978	1.011033	
67	2.047179	-1.069206	2.632177	-16.216863	-0.902298	16.216863	8.132969	-12.650961	4.919880	12.650961	-1.667219	1.007566	
68	2.110090	-1.029837	2.639218	-17.178639	-0.886391	17.178639	8.163226	-13.142225	4.940100	13.142225	-1.524695	1.004326	
69	2.170526	-0.992651	2.646345	-18.220038	-0.870141	18.220038	8.199409	-13.715068	4.959271	13.715068	-1.376310	1.001332	
70	2.198833	-0.984242	2.653741	-19.243400	-0.877013	19.243400	8.462312	-14.326856	4.886028	14.326856	-1.153007	0.998936	
71	2.194907	-1.012899	2.661400	-20.257990	-0.905408	20.257990	8.944748	-14.936753	4.714796	14.936753	-0.846332	0.997620	
72	2.187094	-1.058135	2.669349	-21.342825	-0.931178	21.342825	9.444625	-15.565910	4.531747	15.565910	-0.516641	0.997538	
73	2.183686	-1.109391	2.677709	-22.487066	-0.950035	22.487066	9.940657	-16.243120	4.365089	16.243120	-0.185636	0.998632	
74	2.178977	-1.173577	2.686590	-23.620170	-0.971497	23.620170	10.517175	-16.956165	4.192352	16.956165	0.164374	1.000950	
75	2.179761	-1.247867	2.696037	-24.708219	-0.993750	24.708219	11.140913	-17.703347	4.027300	17.703347	0.528621	1.004494	
76	2.183066	-1.324299	2.706053	-25.728253	-1.019185	25.728253	11.814300	-18.509155	3.865026	18.509155	0.907022	1.009246	
77	2.177694	-1.398460	2.716688	-26.683646	-1.056043	26.683646	12.576165	-19.386801	3.680450	19.386801	1.304374	1.015399	
78	2.174129	-1.457547	2.728007	-27.643832	-1.099689	27.643832	13.328905	-20.336455	3.512145	20.336455	1.688454	1.023101	
79	2.180275	-1.496793	2.739998	-28.594255	-1.146842	28.594255	14.033674	-21.336048	3.385239	21.336048	2.048553	1.032178	
80	2.171394	-1.539526	2.752651	-29.330985	-1.212076	29.330985	14.897314	-22.329602	3.211384	22.329602	2.448984	1.042475	
81	2.124097	-1.605149	2.765982	-29.701220	-1.306586	29.701220	16.085061	-23.272675	2.906101	23.272675	2.937461	1.054160	
82	2.056064	-1.683434	2.779936	-29.837099	-1.413432	29.837099	17.418815	-24.153549	2.529153	24.153549	3.467774	1.067458	
83	2.007907	-1.758165	2.794396	-30.031499	-1.497971	30.031499	18.541882	-24.958634	2.214807	24.958634	3.968619	1.082265	
84	1.990835	-1.828889	2.809193	-30.421758	-1.544768	30.421758	19.347388	-25.665455	1.994051	25.665455	4.435901	1.098188	
85	1.975099	-1.910104	2.824091	-30.876931	-1.568792	30.876931	20.070882	-26.260017	1.759612	26.260017	4.925995	1.114967	
86	1.940470	-2.008259	2.838865	-31.290141	-1.587241	31.290141	20.884298	-26.773446	1.437540	26.773446	5.465662	1.132611	
87	1.896535	-2.107459	2.853362	-31.684374	-1.608160	31.684374	21.732974	-27.277147	1.064018	27.277147	6.022759	1.151103	
88	1.845870	-2.204587	2.867476	-31.944990	-1.637425	31.944990	22.618203	-27.766250	0.645235	27.766250	6.590965	1.170329	
89	1.781465	-2.311983	2.881084	-31.930574	-1.674157	31.930574	23.617152	-28.172519	0.138585	28.172519	7.200658	1.190252	
90	1.704549	-2.411269	2.894000	-31.670261	-1.720639	31.670261	24.797777	-28.546681	-0.450651	28.546681	7.846347	1.210933	
91	1.610601	-2.465754	2.906027	-31.155625	-1.794594	31.155625	26.339804	-29.049562	-1.104763	29.049562	8.500618	1.232532	
92	1.496890	-2.468215	2.917016	-30.417255	-1.899083	30.417255	28.277916	-29.743672	-1.794464	29.743672	9.145563	1.255333	
93	1.385179	-2.445010	2.926883	-29.749456	-1.998383	29.749456	30.196480	-30.514776	-2.418797	30.514776	9.758405	1.279489	
94	1.306803	-2.422223	2.935587	-29.441578	-2.053885	29.441578	31.605443	-31.228041	-2.863514	31.228041	10.316679	1.304770	
95	1.278422	-2.404114	2.943174	-29.532963	-2.059877	29.532963	32.355712	-31.855890	-3.080067	31.855890	10.812011	1.330713	
96	1.288913	-2.395342	2.949842	-29.839673	-2.038045	29.839673	32.650432	-32.404557	-3.131098	32.404557	11.273964	1.356923	
97	1.311551	-2.415566	2.955892	-30.096509	-2.010972	30.096509	32.811681	-32.852600	-3.144559	32.852600	11.760047	1.383278	
98	1.346021	-2.462769	2.961656	-30.265287	-1.976604	30.265287	32.874005	-33.224419	-3.129317	33.224419	12.260808	1.409864	
99	1.414968	-2.499126	2.967500	-30.539696	-1.923450	30.539696	32.637207	-33.619513	-2.977884	33.619513	12.690312	1.436671	
100	1.522112	-2.500547	2.973808	-31.029616	-1.858800	31.029616	32.086941	-34.110252	-2.662558	34.110252	13.010673	1.463492	
101	1.646881	-2.482407	2.980932	-31.646342	-1.801462	31.646342	31.430421	-34.673153	-2.276235	34.673153	13.272271	1.490132	
102	1.758532	-2.473870	2.989188	-32.207919	-1.769494	32.207919	30.943211	-35.242973	-1.961131	35.242973	13.552719	1.516588	
103	1.832678	-2.500182	2.998902	-32.562780	-1.773109	32.562780	30.861871	-35.770396	-1.840747	35.770396	13.924805	1.543077	
104	1.866269	-2.572757	3.010374	-32.602587	-1.809367	32.602587	31.272323	-36.232309	-1.953835	36.232309	14.427179	1.569939	
105	1.879599	-2.671549	3.023781	-32.370410	-1.861366	32.370410	32.016679	-36.652971	-2.217690	36.652971	15.016891	1.597450	
106	1.899383	-2.759339	3.039137	-32.125898	-1.904988	32.125898	32.801595	-37.099739	-2.499830	37.099739	15.612788	1.625657	
107	1.940062	-2.817603	3.056338	-32.112820	-1.923095	32.112820	33.431813	-37.623000	-2.723195	37.623000	16.180755	1.654436	
108	2.018046	-2.844098	3.075247	-32.447880	-1.898657	32.447880	33.731066	-38.231504	-2.810315	38.231504	16.704929	1.683675	
109	2.143883	-2.839823	3.095749	-33.095926	-1.819415	33.095926	33.601140	-38.912012	-2.708218	38.912012	17.171891	1.713300	
110	2.290305	-2.818422	3.117737	-33.800548	-1.703264	33.800548	33.309313	-39.638102	-2.527042	39.638102	17.629012	1.743252	
111	2.422051	-2.797413	3.141033	-34.351895	-1.578942	34.351895	33.175142	-40.377747	-2.409655	40.377747	18.132769	1.773557	
112	2.540112	-2.779002	3.165356	-34.875848	-1.454114	34.875848	33.111905	-41.102948	-2.340309	41.102948	18.669873	1.804285	
113	2.654130	-2.762880	3.190421	-35.465181	-1.334320	35.465181	33.013179	-41.785943	-2.283027	41.785943	19.238092	1.835466	
114	2.749526	-2.757405	3.215998	-35.894270	-1.231748	35.894270	33.109524	-42.399386	-2.315205	42.399386	19.889042	1.867183	
115	2.819234	-2.762980	3.241824	-36.058278	-1.137253	36.058278	33.472772	-42.924501	-2.460891	42.924501	20.621956	1.899574	
116	2.881242	-2.772462	3.267554	-36.070957	-1.032025	36.070957	33.878644	-43.354815	-2.636867	43.354815	21.391199	1.932675	
117	2.951738	-2.783336	3.292834	-35.927528	-0.920075	35.927528	34.217894	-43.711063	-2.788773	43.711063	22.188747	1.966425	
118	3.032795	-2.793898	3.317370	-35.541715	-0.821281	35.541715	34.497473	-44.021322	-2.912151	44.021322	23.014333	2.000771	
119	3.117037	-2.802464	3.340991	-34.908192	-0.751714	34.908192	34.701523	-44.296496	-3.015644	44.296496	23.842091	2.035656	
120	3.198806	-2.809486	3.363654	-34.126893	-0.715708	34.126893	34.818839	-44.547161	-3.105544	44.547161	24.657105	2.071023	
121	3.278184	-2.820149	3.385383	-33.319796	-0.711815	33.319796	34.887534	-44.760805	-3.201098	44.760805	25.498812	2.106850	
122	3.347817	-2.847602	3.406280	-32.482208	-0.742977	32.482208	35.065436	-44.912935	-3.372662	44.912935	26.443463	2.143150	
123	3.398166	-2.897588	3.426600	-31.606274	-0.813646	31.606274	35.485615	-45.031825	-3.675069	45.031825	27.518642	2.179959	
124	3.428848	-2.961312	3.446713	-30.794237	-0.927177	30.794237	36.094125	-45.147176	-4.089872	45.147176	28.673207	2.217273	
125	3.437482	-3.037673	3.466984	-29.982024	-1.090325	29.982024	36.852880	-45.204111	-4.609420	45.204111	29.860699	2.255030	
126	3.436213	-3.127100	3.487759	-29.034912	-1.315070	29.034912	37.700924	-45.165920	-5.198607	45.165920	31.077056	2.293213	
127	3.459133	-3.212583	3.509453	-28.076767	-1.612027	28.076767	38.418943	-45.109274	-5.746066	45.109274	32.327470	2.331925	
128	3.518048	-3.283471	3.532569	-27.283118	-1.977883	27.283118	38.888303	-45.097315	-6.210717	45.097315	33.614838	2.371347	
129	3.598124	-3.347085	3.557544	-26.684044	-2.395111	26.684044	39.170678	-45.118253	-6.646661	45.118253	34.947206	2.411636	
130	3.686553	-3.408474	3.584577	-26.210771	-2.840504	26.210771	39.402220	-45.164222	-7.111090	45.164222	36.343667	2.452874	
131	3.777685	-3.463755	3.613680	-25.772371	-3.296970	25.772371	39.666027	-45.243863	-7.622541	45.243863	37.796191	2.495067	
132	3.869248	-3.507367	3.644892	-25.353947	-3.757740	25.353947	39.927655	-45.363946	-8.166088	45.363946	39.263583	2.538181	
133	3.959964	-3.535254	3.678277	-24.983968	-4.213898	24.983968	40.154236	-45.528996	-8.726202	45.528996	40.717182	2.582152	
134	4.049248	-3.544802	3.713748	-24.699770	-4.653602	24.699770	40.312695	-45.723999	-9.286404	45.723999	42.137334	2.626881	
135	4.137192	-3.535993	3.751104	-24.565012	-5.075971	24.565012	40.325350	-45.910735	-9.824720	45.910735	43.502327	2.672252	
136	4.231153	-3.511178	3.790223	-24.572396	-5.502331	24.572396	40.107438	-46.060264	-10.301523	46.060264	44.802696	2.718169	
137	4.339443	-3.473726	3.831091	-24.570198	-5.960424	24.570198	39.643205	-46.160940	-10.681499	46.160940	46.032860	2.764551	
138	4.449750	-3.430914	3.873669	-24.341844	-6.452447	24.341844	39.077152	-46.176849	-11.007904	46.176849	47.181308	2.811256	
139	4.545210	-3.393572	3.917807	-23.740543	-6.974827	23.740543	38.605032	-46.072857	-11.362851	46.072857	48.265853	2.858096	
140	4.633596	-3.364743	3.963303	-22.809738	-7.541599	22.809738	38.274311	-45.898182	-11.763498	45.898182	49.348916	2.905022	
141	4.722098	-3.345188	4.010042	-21.632596	-8.161253	21.632596	38.081983	-45.698873	-12.207776	45.698873	50.466729	2.952205	
142	4.791603	-3.344465	4.058005	-20.145069	-8.828346	20.145069	38.144130	-45.412424	-12.747883	45.412424	51.580744	2.999760	
143	4.822872	-3.362801	4.107262	-18.381127	-9.515986	18.381127	38.542123	-45.002193	-13.433242	45.002193	52.634894	3.047547	
144	4.819368	-3.385286	4.158084	-16.568946	-10.192227	16.568946	39.168658	-44.522212	-14.257951	44.522212	53.631020	3.095327	
145	4.798632	-3.401284	4.210915	-14.888478	-10.874340	14.888478	39.842542	-44.001472	-15.187273	44.001472	54.632876	3.142940	
146	4.768166	-3.411818	4.266226	-13.349023	-11.601663	13.349023	40.488221	-43.401766	-16.204406	43.401766	55.675486	3.190293	
147	4.715889	-3.426425	4.324453	-11.835966	-12.383612	11.835966	41.164002	-42.661497	-17.327811	42.661497	56.716856	3.237301	
148	4.630908	-3.457204	4.385970	-10.297019	-13.229923	10.297019	41.941505	-41.747140	-18.592204	41.747140	57.738741	3.283933	
149	4.516535	-3.507567	4.451053	-8.804554	-14.171157	8.804554	42.800799	-40.654563	-19.998144	40.654563	58.756690	3.330246	
150	4.380953	-3.570059	4.519906	-7.409306	-15.232059	7.409306	43.661085	-39.385853	-21.490714	39.385853	59.731917	3.376313	
151	4.223897	-3.646461	4.592682	-6.026924	-16.425177	6.026924	44.605653	-37.966914	-23.074295	37.966914	60.665659	3.422127	
152	4.031862	-3.753436	4.669475	-4.476009	-17.756912	4.476009	45.921991	-36.428842	-24.857082	36.428842	61.633614	3.467585	
153	3.798011	-3.892481	4.750295	-2.694801	-19.223522	2.694801	47.732493	-34.790345	-26.864326	34.790345	62.621052	3.512491	
154	3.542645	-4.038571	4.835106	-0.875289	-20.844257	0.875289	49.834932	-33.111269	-28.952099	33.111269	63.525449	3.556613	
155	3.296644	-4.163310	4.923902	0.677506	-22.689310	-0.677506	51.961344	-31.490820	-30.946989	31.490820	64.275325	3.599799	
156	3.078433	-4.251275	5.016640	1.775054	-24.825107	-1.775054	53.995861	-30.022170	-32.754461	30.022170	64.851374	3.642030	
157	2.896746	-4.301635	5.113052	2.445087	-27.275400	-2.445087	56.005501	-28.800803	-34.358431	28.800803	65.293535	3.683388	
158	2.756442	-4.321705	5.212603	2.788472	-30.047326	-2.788472	58.145885	-27.909324	-35.785554	27.909324	65.676140	3.724015	
159	2.653972	-4.314573	5.314572	2.809508	-33.131603	-2.809508	60.504006	-27.358521	-37.053043	27.358521	66.006357	3.763951	
160	2.580234	-4.274633	5.418067	2.445311	-36.505512	-2.445311	63.045162	-27.103187	-38.128735	27.103187	66.186269	3.802980	
161	2.527214	-4.196333	5.522002	1.587059	-40.156472	-1.587059	65.698483	-27.116600	-38.946333	27.116600	66.074654	3.840709	
162	2.487366	-4.083310	5.625121	0.094776	-44.093759	-0.094776	68.469958	-27.411480	-39.456397	27.411480	65.559815	3.876725	
163	2.459809	-3.941891	5.726208	-2.100697	-48.384950	2.100697	71.455924	-28.045324	-39.641565	28.045324	64.609131	3.910640	
164	2.455236	-3.768331	5.824247	-5.038769	-53.120245	5.038769	74.717201	-29.125020	-39.474704	29.125020	63.227703	3.942112	
165	2.482637	-3.552113	5.918263	-8.835873	-58.315490	8.835873	78.206267	-30.745622	-38.898680	30.745622	61.372109	3.970864	
166	2.541487	-3.287884	6.007200	-13.639211	-63.972300	13.639211	81.882369	-32.970135	-37.861015	32.970135	58.970799	3.996622	
167	2.631953	-2.978220	6.090104	-19.554526	-70.195332	19.554526	85.837918	-35.907064	-36.333561	35.907064	55.990588	4.019088	
168	2.755357	-2.626005	6.166275	-26.631796	-77.117222	26.631796	90.182015	-39.691045	-34.260806	39.691045	52.369435	4.037990	
169	2.908011	-2.225885	6.235247	-34.856882	-84.784370	34.856882	94.849607	-44.398162	-31.514352	44.398162	47.946908	4.053102	
170	3.085539	-1.771240	6.296750	-44.182287	-93.223263	44.182287	99.755269	-50.093053	-27.987145	50.093053	42.606472	4.064231	
171	3.283109	-1.266696	6.350704	-54.578301	-102.510631	54.578301	105.012450	-56.880182	-23.682137	56.880182	36.378794	4.071238	
172	3.495714	-0.719815	6.397209	-66.042191	-112.719392	66.042191	110.784279	-64.886335	-18.626349	64.886335	29.323520	4.074053	
173	3.721393	-0.130418	6.436612	-78.594905	-123.891834	78.594905	117.142345	-74.267799	-12.804952	74.267799	21.452464	4.072633	
174	3.955320	0.502284	6.469663	-92.300380	-136.068156	92.300380	124.174159	-85.191344	-6.213339	85.191344	12.779227	4.066903	
175	4.188430	1.171394	6.497615	-107.240720	-149.284424	107.240720	132.077105	-97.789146	1.089983	97.789146	3.377146	4.056761	
176	4.416197	1.860959	6.522122	-123.419256	-163.561615	123.419256	141.189967	-112.151974	8.941156	112.151974	-6.562438	4.042199	
177	4.644441	2.553259	6.545027	-140.758950	-178.912918	140.758950	151.916832	-128.357416	17.097898	128.357416	-16.762121	4.023429	
178	4.887352	3.239786	6.568156	-159.200210	-195.337068	159.200210	164.553679	-146.491505	25.342016	146.491505	-26.987133	4.000887	
179	5.160595	3.920858	6.593179	-178.769316	-212.841103	178.769316	179.293986	-166.680170	33.504557	166.680170	-37.085220	3.975185	
180	5.477714	4.598655	6.621547	-199.620817	-231.495706	199.620817	196.383968	-189.152455	41.434351	189.152455	-46.954128	3.947085	
181	5.849260	5.271212	6.654454	-221.949242	-251.375953	221.949242	216.158721	-214.162761	48.964310	214.162761	-56.499257	3.917520	
182	6.280259	5.929968	6.692719	-245.836802	-272.454693	245.836802	238.943432	-241.814721	55.882253	241.814721	-65.592383	3.887611	
183	6.770553	6.566020	6.736575	-271.287842	-294.644506	271.287842	264.974638	-272.078906	62.007502	272.078906	-74.142022	3.858631	
184	7.318300	7.171425	6.785484	-298.422368	-317.875560	298.422368	294.440279	-304.879396	67.212313	304.879396	-82.104838	3.831930	
185	7.922398	7.728945	6.838103	-327.548366	-342.066311	327.548366	327.537867	-340.037191	71.269508	340.037191	-89.319062	3.808919	
186	8.580214	8.211691	6.892363	-358.948385	-367.071375	358.948385	364.381169	-377.230836	73.874901	377.230836	-95.512258	3.791079	
187	9.287450	8.601449	6.945575	-392.816752	-392.757466	392.816752	404.877524	-416.169833	74.943794	416.169833	-100.584564	3.779843	
188	10.042217	8.902197	6.994638	-429.491182	-419.053125	429.491182	448.635976	-456.745424	74.767207	456.745424	-104.761882	3.776435	
189	10.840601	9.128489	7.036366	-469.479648	-445.760301	469.479648	494.825607	-498.798625	73.806493	498.798625	-108.374369	3.781781	
190	11.673411	9.288051	7.067695	-513.439295	-472.509416	513.439295	542.276975	-541.898765	72.423350	541.898765	-111.582584	3.796480	
191	12.532891	9.379669	7.085774	-562.151390	-498.917174	562.151390	589.756984	-585.437097	70.799826	585.437097	-114.338862	3.820797	
192	13.414935	9.404188	7.088166	-616.125526	-524.554728	616.125526	635.947283	-628.798220	69.099313	628.798220	-116.575431	3.854623	
193	14.314863	9.380239	7.073038	-675.439264	-548.941511	675.439264	679.369744	-671.650779	67.805479	671.650779	-118.527744	3.897452	
194	15.223562	9.339800	7.039132	-740.084531	-571.691822	740.084531	718.624732	-714.050193	67.727785	714.050193	-120.729950	3.948459	
195	16.127426	9.309983	6.985645	-809.968820	-592.602543	809.968820	752.686251	-756.221416	69.660038	756.221416	-123.701332	4.006553	
196	17.008873	9.314281	6.912142	-884.483948	-611.649637	884.483948	780.894398	-798.488236	74.317788	798.488236	-127.912520	4.070439	
197	17.844339	9.377974	6.818587	-962.464691	-628.860525	962.464691	802.687824	-841.180206	82.363947	841.180206	-133.830363	4.138782	
198	18.607488	9.520436	6.705455	-1042.590692	-644.151271	1042.590692	817.463603	-884.420503	94.185483	884.420503	-141.754246	4.210336	
199	19.275154	9.746261	6.573773	-1123.098890	-657.228642	1123.098890	824.726053	-928.062806	109.706590	928.062806	-151.695007	4.284047	
200	19.831543	10.047096	6.424997	-1201.128066	-667.696156	1201.128066	824.380471	-971.828458	128.494646	971.828458	-163.472543	4.359218	
201	20.278165	10.421509	6.260779	-1273.661574	-675.535258	1273.661574	817.036742	-1015.849722	150.167862	1015.849722	-177.055300	4.435617	
202	20.641937	10.889273	6.082844	-1338.983447	-681.329390	1338.983447	803.880991	-1061.192141	174.707156	1061.192141	-192.786576	4.513624	
203	20.963444	11.476444	5.893130	-1396.492545	-685.738057	1396.492545	785.988152	-1109.373682	202.323354	1109.373682	-211.165086	4.594389	
204	21.273430	12.196254	5.693944	-1446.098908	-689.088711	1446.098908	763.975685	-1161.357290	233.133341	1161.357290	-232.499912	4.679688	
205	21.587468	13.053319	5.487885	-1488.001686	-691.523372	1488.001686	738.196945	-1217.485959	267.122761	1217.485959	-256.943855	4.771516	
206	21.922962	14.059048	5.277630	-1522.454789	-693.320521	1522.454789	709.029865	-1278.452992	304.447352	1278.452992	-284.841889	4.871923	
207	22.303809	15.234728	5.065755	-1549.944590	-695.159229	1549.944590	677.170028	-1345.783142	345.547477	1345.783142	-316.811224	4.983164	
208	22.741988	16.600823	4.854584	-1571.207849	-697.849795	1571.207849	643.475339	-1420.951018	390.810644	1420.951018	-353.403973	5.107807	
209	23.232615	18.172971	4.646057	-1586.964337	-702.022215	1586.964337	608.750649	-1504.788898	440.329682	1504.788898	-394.928340	5.248592	
210	23.766639	19.967399	4.441583	-1597.821678	-708.381240	1597.821678	574.034700	-1597.908037	493.972495	1597.908037	-441.541354	5.408277	
211	24.327683	21.988320	4.241944	-1604.224944	-717.777965	1604.224944	540.896083	-1700.323110	551.152294	1700.323110	-493.018922	5.589468	
212	24.883690	24.210873	4.047412	-1606.764266	-731.043123	1606.764266	511.532720	-1810.845575	610.502449	1810.845575	-548.445721	5.794214	
213	25.395903	26.592821	3.857881	-1605.717258	-748.647857	1605.717258	488.173089	-1927.376067	670.004888	1927.376067	-606.291356	6.023836	
214	25.832789	29.089089	3.672741	-1599.639714	-770.204441	1599.639714	472.212776	-2047.172615	727.135758	2047.172615	-664.398867	6.279294	
215	26.180981	31.651815	3.490820	-1585.797977	-794.715025	1585.797977	464.548147	-2167.308991	779.111403	2167.308991	-720.078538	6.561534	
216	26.455601	34.246864	3.310672	-1562.258985	-821.298019	1562.258985	466.161766	-2285.473983	823.742841	2285.473983	-770.941034	6.871468	
217	26.697713	36.866717	3.130860	-1528.395635	-849.375835	1528.395635	477.895259	-2400.094804	859.903344	2400.094804	-815.430560	7.209785	
218	26.952996	39.501870	2.950248	-1483.420122	-878.127678	1483.420122	499.939370	-2509.489673	886.862525	2509.489673	-852.172424	7.576908	
219	27.259509	42.125276	2.768297	-1425.547327	-905.910705	1425.547327	531.117316	-2611.253449	903.913356	2611.253449	-879.570862	7.973094	
220	27.655611	44.715707	2.585094	-1353.075656	-930.621624	1353.075656	568.843446	-2702.842319	910.806350	2702.842319	-896.302778	8.398446	
221	28.178542	47.265015	2.401191	-1265.628723	-950.532514	1265.628723	610.230876	-2782.257670	907.715175	2782.257670	-901.479206	8.852829	
222	28.852214	49.765282	2.217558	-1164.074899	-964.233288	1164.074899	652.309831	-2847.377249	894.732776	2847.377249	-894.389579	9.335654	
223	29.697359	52.199243	2.035635	-1049.738986	-969.735424	1049.738986	690.746880	-2894.585297	871.959617	2894.585297	-874.851234	9.845392	
224	30.731021	54.527566	1.857371	-923.645014	-964.443710	923.645014	720.045434	-2918.795870	839.446542	2918.795870	-843.487199	10.379079	
225	31.927526	56.680948	1.685233	-786.480303	-946.197936	786.480303	735.703819	-2914.691373	796.287761	2914.691373	-800.949983	10.932146	
226	33.222804	58.572486	1.522087	-639.046881	-913.513387	639.046881	734.877162	-2877.301319	740.833247	2877.301319	-747.951148	11.498619	
227	34.554504	60.111316	1.370953	-481.854545	-865.102382	481.854545	715.920414	-2802.394250	671.816035	2802.394250	-686.285595	12.071595	
228	35.858412	61.214806	1.234925	-314.593032	-800.254636	314.593032	679.364779	-2688.168266	588.387573	2688.168266	-618.643690	12.643836	
229	37.071201	61.823346	1.117156	-137.167435	-719.501486	137.167435	628.869083	-2536.584163	490.238076	2536.584163	-548.317539	13.208393	
230	38.174557	61.887478	1.020593	48.808159	-624.252747	-48.808159	570.432635	-2352.587264	378.751191	2352.587264	-480.509269	13.759104	
231	39.213513	61.356434	0.947468	239.361518	-516.633503	-239.361518	511.819837	-2143.768109	257.460100	2143.768109	-423.187724	14.290736	
232	40.274623	60.208862	0.898685	427.462081	-400.343998	-427.462081	462.992948	-1920.850457	131.101806	1920.850457	-385.834582	14.798633	
233	41.458184	58.480261	0.873308	602.943870	-280.632468	-602.943870	435.079406	-1695.820244	4.367189	1695.820244	-377.594568	15.277863	
234	42.832992	56.250093	0.868537	753.921359	-163.217693	-753.921359	438.190725	-1478.879393	-119.190848	1478.879393	-405.412921	15.722480	
235	44.385465	53.621336	0.880247	868.010469	-53.779209	-868.010469	479.591550	-1277.077568	-237.736946	1277.077568	-472.051784	16.125348	
236	46.001936	50.702403	0.903853	934.810811	43.252747	-934.810811	559.772009	-1092.680899	-350.463860	1092.680899	-575.479470	16.477895	
237	47.486100	47.581412	0.935196	949.900986	127.591837	-949.900986	666.860977	-919.859720	-455.702906	919.859720	-710.349709	16.768693	
238	48.599166	44.336088	0.971069	915.811868	204.830674	-915.811868	776.085424	-743.528525	-549.957379	743.528525	-869.332052	16.980535	
239	49.144662	41.046058	1.009250	843.236829	286.245415	-843.236829	857.103917	-542.729120	-628.903104	542.729120	-1045.015739	17.086736	
240	49.127099	37.798193	1.048180	756.367432	385.701353	-756.367432	891.902060	-299.648301	-691.298024	299.648301	-1233.683956	17.048357	
241	48.879980	34.770098	1.086659	695.231809	508.569576	-695.231809	907.043992	-16.739759	-749.492548	16.739759	-1430.640144	16.816530	
242	48.985821	32.237263	1.123824	706.610157	635.210392	-706.610157	995.910165	266.132180	-838.234390	-266.132180	-1609.843621	16.347123	
243	49.952505	30.291181	1.159161	817.614212	714.892252	-817.614212	1279.872595	475.883481	-999.057942	-475.883481	-1702.733971	15.632060	
244	51.826202	28.442209	1.192293	1000.686941	687.758443	-1000.686941	1798.890644	545.243838	-1234.318902	-545.243838	-1609.578884	14.739105	
245	54.028904	25.591599	1.222754	1168.569435	528.518255	-1168.569435	2426.497173	463.212353	-1471.735185	-463.212353	-1262.860818	13.833538	
246	55.619663	20.571552	1.249966	1227.467727	270.194726	-1227.467727	2927.264844	285.341225	-1595.854957	-285.341225	-696.742181	13.146664	
247	55.772571	12.778897	1.273411	1146.622748	-18.438218	-1146.622748	3110.868364	93.730270	-1526.842612	-93.730270	-43.275611	12.878883	
248	54.088432	2.543634	1.292828	977.845415	-271.098302	-977.845415	2932.587448	-42.367748	-1271.276711	42.367748	544.739194	13.083770	
249	50.641650	-8.740480	1.308273	825.839827	-442.317818	-825.839827	2497.423516	-73.115795	-920.312267	73.115795	965.143074	13.629475	
250	45.550242	-18.947177	1.320037	798.133611	-508.819377	-798.133611	1986.384712	36.359239	-598.600714	-36.359239	1169.775662	14.277312	
251	38.537043	-26.216188	1.328546	947.549276	-472.304832	-947.549276	1538.928366	288.944692	-380.799999	-288.944692	1132.330299	14.802029	
252	29.501641	-30.040747	1.334331	1242.224592	-363.044370	-1242.224592	1188.951700	631.554748	-249.371970	-631.554748	872.393798	15.068722	
253	19.164278	-31.290769	1.338013	1592.962497	-225.911206	-1592.962497	902.314178	975.490489	-141.588678	-975.490489	484.689487	15.045301	
254	8.698137	-31.267644	1.340230	1908.656782	-96.916799	-1908.656782	642.716534	1249.207001	-18.125186	-1249.207001	89.572768	14.772519	
255	-0.875926	-30.931923	1.341572	2127.615632	6.745704	-2127.615632	398.712555	1425.720994	119.002330	-1425.720994	-228.197345	14.324204	
256	-8.890351	-30.758847	1.342561	2217.374588	82.289878	-2217.374588	178.120391	1512.862797	246.879572	-1512.862797	-433.313460	13.778021	
257	-14.964656	-30.898605	1.343655	2169.480203	133.529132	-2169.480203	-1.269527	1532.482835	342.196745	-1532.482835	-525.129565	13.200126	
258	-18.909295	-31.286018	1.345256	1996.681436	165.473606	-1996.681436	-116.791040	1506.950252	389.397242	-1506.950252	-521.466127	12.639505	
259	-20.683552	-31.687863	1.347736	1728.547361	181.690684	-1728.547361	-148.149189	1454.455648	382.124120	-1454.455648	-448.464194	12.127616	
260	-20.373815	-31.782912	1.351447	1409.440762	183.614910	-1409.440762	-85.773647	1388.779554	322.852580	-1388.779554	-333.997178	11.680516	
261	-18.179055	-31.267758	1.356470	1095.674116	171.230463	-1095.674116	64.741811	1319.993369	221.902857	-1319.993369	-203.056180	11.302360	
262	-14.420270	-29.938968	1.362342	845.841200	144.568400	-845.841200	281.234955	1255.683823	95.328451	-1255.683823	-74.829489	10.989647	
263	-9.548593	-27.703223	1.368344	708.720708	105.553519	-708.720708	523.314756	1203.620945	-37.789791	-1203.620945	38.448959	10.734915	
264	-4.127971	-24.511208	1.374044	713.004902	59.603199	-713.004902	730.835639	1174.139988	-156.883987	-1174.139988	130.238571	10.528583	
265	1.213637	-20.304371	1.379360	858.797839	15.930476	-858.797839	830.392328	1178.572415	-241.976899	-1178.572415	197.011742	10.358844	
266	5.884035	-15.072499	1.384336	1113.977977	-14.283853	-1113.977977	758.882800	1222.990523	-278.620237	-1222.990523	236.318824	10.210967	
267	9.428693	-8.970932	1.388989	1419.494207	-21.585847	-1419.494207	495.226309	1301.759707	-263.345104	-1301.759707	246.508956	10.068086	
268	11.589951	-2.369770	1.393307	1705.581767	-2.074134	-1705.581767	79.096357	1395.613466	-206.136576	-1395.613466	228.281184	9.914414	
269	12.361631	4.167479	1.397255	1912.695488	40.672336	-1912.695488	-395.640248	1476.154230	-127.791226	-1476.154230	187.354269	9.740057	
270	11.974743	9.990774	1.400881	2007.829304	97.106907	-2007.829304	-817.744402	1517.415939	-51.708316	-1517.415939	134.802723	9.544817	
271	10.794235	14.548465	1.404545	1990.567296	156.060950	-1990.567296	-1106.679416	1507.783989	5.253086	-1507.783989	83.394566	9.337906	
272	9.224653	17.515735	1.408906	1886.595891	208.780767	-1886.595891	-1237.238886	1453.197084	37.119947	-1453.197084	42.916185	9.133588	
273	7.627298	18.846286	1.414597	1733.364564	250.708593	-1733.364564	-1233.160678	1370.613116	47.513986	-1370.613116	17.110198	8.945200	
274	6.260155	18.748540	1.422072	1564.978843	280.866495	-1564.978843	-1142.297444	1277.660130	44.841253	-1277.660130	3.939510	8.780489	
275	5.266056	17.580925	1.431545	1403.498551	300.016560	-1403.498551	-1011.548726	1186.284963	37.379784	-1186.284963	-1.496479	8.640267	
276	4.691668	15.743544	1.443053	1259.134990	309.132035	-1259.134990	-873.875943	1101.909368	30.698901	-1101.909368	-4.035884	8.520108	
277	4.515737	13.590338	1.456748	1134.444006	308.925881	-1134.444006	-746.814044	1025.328260	27.331762	-1025.328260	-6.897752	8.413313	
278	4.668400	11.368357	1.472963	1027.955686	300.295894	-1027.955686	-637.207740	955.366634	27.726109	-955.366634	-11.570470	8.313396	
279	5.045760	9.212202	1.491943	936.518125	284.759625	-936.518125	-546.538808	890.778098	31.422394	-890.778098	-18.391169	8.215342	
280	5.522897	7.172270	1.513651	857.029452	264.627931	-857.029452	-474.359941	831.072240	37.829826	-831.072240	-27.148136	8.115781	
281	5.973797	5.249445	1.537837	787.644863	242.916697	-787.644863	-419.934398	776.505939	46.513025	-776.505939	-37.453721	8.012544	
282	6.300848	3.427660	1.564211	727.718926	222.494441	-727.718926	-382.032798	727.415193	57.071832	-727.415193	-48.840435	7.904225	
283	6.449581	1.691021	1.592592	676.842280	205.182404	-676.842280	-358.379766	683.821089	68.962813	-683.821089	-60.792932	7.789942	
284	6.404118	0.032161	1.622706	634.423471	191.766903	-634.423471	-346.058303	645.569464	81.490832	-645.569464	-72.810220	7.669174	
285	6.182518	-1.535274	1.653736	599.712804	182.189520	-599.712804	-341.841181	612.205141	93.813406	-612.205141	-84.374550	7.541698	
286	5.829470	-2.973334	1.684423	571.583021	175.621580	-571.583021	-342.312168	582.845592	104.972738	-582.845592	-94.913092	7.407716	
287	5.395645	-4.237148	1.713859	548.322264	170.948341	-548.322264	-344.608715	556.589203	114.149585	-556.589203	-103.937497	7.267958	
288	4.922369	-5.299154	1.741848	527.702058	167.177411	-527.702058	-347.040414	532.829365	120.947071	-532.829365	-111.215112	7.123487	
289	4.444726	-6.157529	1.768542	507.615981	163.430649	-507.615981	-348.718151	511.085268	125.372566	-511.085268	-116.737542	6.975366	
290	3.991759	-6.826276	1.794043	486.800572	159.018324	-486.800572	-348.950369	490.753339	127.638018	-490.753339	-120.589966	6.824519	
291	3.579048	-7.323993	1.818304	464.820267	153.613955	-464.820267	-347.156588	471.109181	128.040690	-471.109181	-122.894900	6.671748	
292	3.213334	-7.669503	1.841219	441.717898	147.218524	-441.717898	-342.974673	451.512783	126.896188	-451.512783	-123.788534	6.517831	
293	2.897981	-7.888748	1.862729	417.767755	140.128851	-417.767755	-336.513261	431.691354	124.535949	-431.691354	-123.445142	6.363585	
294	2.628678	-8.022522	1.882849	393.361286	132.892773	-393.361286	-328.429749	411.825389	121.337396	-411.825389	-122.114359	6.209702	
295	2.399815	-8.109059	1.901645	369.057382	125.969305	-369.057382	-319.237983	392.185855	117.565045	-392.185855	-119.980063	6.056643	
296	2.214951	-8.158417	1.919172	345.476671	119.463734	-345.476671	-308.753550	372.752900	113.218935	-372.752900	-117.022697	5.904883	
297	2.079290	-8.159086	1.935402	322.884079	113.313541	-322.884079	-296.640531	353.300620	108.247444	-353.300620	-113.201554	5.755176	
298	1.985066	-8.113871	1.950184	301.196081	107.620637	-301.196081	-283.277032	333.844943	102.838434	-333.844943	-108.705272	5.608401	
299	1.911007	-8.058561	1.963197	280.647847	102.673246	-280.647847	-269.708807	314.933622	97.355907	-314.933622	-103.899971	5.465103	
300	1.838560	-8.023082	1.974044	261.773707	98.623237	-261.773707	-256.745538	297.219528	92.035505	-297.219528	-99.058787	5.325203	
301	1.762822	-7.991892	1.982491	244.644670	95.282538	-244.644670	-244.508334	280.881999	86.858068	-280.881999	-94.214460	5.188289	
302	1.683272	-7.936189	1.988502	228.928609	92.348682	-228.928609	-232.947078	265.811421	81.745037	-265.811421	-89.316494	5.054085	
303	1.596393	-7.851001	1.992065	214.419236	89.665099	-214.419236	-222.251648	251.996093	76.722480	-251.996093	-84.409149	4.922472	
304	1.499224	-7.739162	1.993120	200.993580	87.190859	-200.993580	-212.677264	239.468043	71.858018	-239.468043	-79.584316	4.793315	
305	1.388316	-7.588535	1.991599	188.396149	84.899489	-188.396149	-204.435181	228.172546	67.203939	-228.172546	-74.907964	4.666500	
306	1.259744	-7.379116	1.987462	176.301725	82.740480	-176.301725	-197.658168	217.928769	62.821242	-217.928769	-70.433470	4.542017	
307	1.115667	-7.111943	1.980766	164.582002	80.624708	-164.582002	-192.143283	208.409242	58.769360	-208.409242	-66.211963	4.419948	
308	0.963000	-6.811348	1.971697	153.323568	78.477532	-153.323568	-187.404427	199.259990	55.083452	-199.259990	-62.296931	4.300394	
309	0.806801	-6.495825	1.960543	142.567345	76.270494	-142.567345	-183.032876	190.242751	51.768522	-190.242751	-58.726788	4.183454	
310	0.652568	-6.171729	1.947683	132.293852	73.965199	-132.293852	-178.719856	181.225874	48.787509	-181.225874	-55.488182	4.069262	
311	0.508793	-5.844474	1.933557	122.497224	71.525981	-122.497224	-174.208935	172.152135	46.088782	-172.152135	-52.540090	3.958004	
312	0.382680	-5.519913	1.918616	113.125060	68.966671	-113.125060	-169.370817	163.024478	43.646110	-163.024478	-49.851058	3.849816	
313	0.277528	-5.204114	1.903269	104.115957	66.311777	-104.115957	-164.142044	153.854093	41.449933	-153.854093	-47.388343	3.744747	
314	0.194100	-4.903698	1.887853	95.430598	63.586052	-95.430598	-158.535323	144.655288	39.499633	-144.655288	-45.123784	3.642829	
315	0.132200	-4.624673	1.872580	87.025272	60.834113	-87.025272	-152.695510	135.492716	37.807783	-135.492716	-43.051888	3.544112	
316	0.084590	-4.373838	1.857551	78.876507	58.099561	-78.876507	-146.842252	126.496624	36.406328	-126.496624	-41.195709	3.448577	
317	0.031790	-4.162985	1.842848	70.959979	55.431820	-70.959979	-141.232788	117.821325	35.350232	-117.821325	-39.611610	3.355950	
318	-0.037646	-4.004505	1.828543	63.285963	52.852070	-63.285963	-135.946891	109.531594	34.629918	-109.531594	-38.306894	3.265637	
319	-0.110987	-3.898144	1.814601	55.955460	50.310421	-55.955460	-130.771596	101.577500	34.113896	-101.577500	-37.174406	3.177067	
320	-0.173766	-3.832008	1.800854	49.041204	47.770872	-49.041204	-125.561898	93.932902	33.669306	-93.932902	-36.104161	3.090018	
321	-0.224155	-3.794517	1.787063	42.543530	45.255284	-42.543530	-120.375463	86.638600	33.237601	-86.638600	-35.059394	3.004515	
322	-0.260499	-3.774232	1.772988	36.462381	42.784486	-36.462381	-115.254829	79.726585	32.780252	-79.726585	-34.015474	2.920696	
323	-0.281080	-3.751804	1.758389	30.765050	40.354435	-30.765050	-110.208097	73.197842	32.253416	-73.197842	-32.929042	2.838846	
324	-0.290529	-3.702323	1.743021	25.362730	37.957133	-25.362730	-105.284611	67.044880	31.632780	-67.044880	-31.770911	2.759473	
325	-0.294069	-3.612637	1.726707	20.154355	35.620071	-20.154355	-100.578031	61.259446	30.948894	-61.259446	-30.561165	2.683233	
326	-0.295508	-3.494032	1.709427	15.102587	33.414732	-15.102587	-96.216877	55.842600	30.286564	-55.842600	-29.368025	2.610637	
327	-0.303833	-3.371844	1.691261	10.298852	31.414863	-10.298852	-92.350268	50.838090	29.739573	-50.838090	-28.280666	2.541784	
328	-0.332170	-3.264297	1.672274	5.840582	29.667373	-5.840582	-89.103946	46.297470	29.369964	-46.297470	-27.373310	2.476293	
329	-0.386323	-3.177135	1.652459	1.707676	28.180260	-1.707676	-86.487043	42.199352	29.182507	-42.199352	-26.661077	2.413511	
330	-0.460602	-3.115066	1.631766	-2.135065	26.922061	2.135065	-84.393354	38.477676	29.133485	-38.477676	-26.102586	2.352807	
331	-0.549990	-3.082989	1.610153	-5.708976	25.860939	5.708976	-82.766723	35.099377	29.182258	-35.099377	-25.667806	2.293693	
332	-0.658306	-3.079642	1.587616	-9.079403	24.985827	9.079403	-81.644009	32.052783	29.317989	-32.052783	-25.371129	2.235763	
333	-0.788950	-3.101004	1.564198	-12.278802	24.263903	12.278802	-80.965853	29.285368	29.524373	-29.285368	-25.220685	2.178607	
334	-0.935317	-3.144294	1.539974	-15.261811	23.621569	15.261811	-80.493723	26.699345	29.749244	-26.699345	-25.176037	2.121874	
335	-1.085818	-3.208880	1.514937	-17.945506	22.985707	17.945506	-79.960193	24.208652	29.929518	-24.208652	-25.179793	2.065387	
336	-1.234800	-3.289126	1.488937	-20.267228	22.310728	20.267228	-79.167438	21.759063	30.016440	-21.759063	-25.200186	2.009108	
337	-1.380754	-3.367070	1.461800	-22.226925	21.572333	22.226925	-77.965020	19.310787	29.975508	-19.310787	-25.221794	1.953044	
338	-1.516674	-3.423290	1.433473	-23.810450	20.748877	23.810450	-76.227104	16.839056	29.784755	-16.839056	-25.213567	1.897237	
339	-1.633167	-3.444642	1.404044	-24.955721	19.805725	24.955721	-73.822115	14.329090	29.413575	-14.329090	-25.119567	1.841824	
340	-1.724410	-3.421211	1.373667	-25.639407	18.707420	25.639407	-70.631900	11.773563	28.807440	-11.773563	-24.868667	1.787117	
341	-1.779512	-3.350106	1.342527	-25.856468	17.437886	25.856468	-66.615238	9.193640	27.915509	-9.193640	-24.377564	1.733641	
342	-1.776196	-3.236609	1.310934	-25.549316	16.010779	25.549316	-61.839638	6.660610	26.728207	-6.660610	-23.561191	1.682055	
343	-1.689546	-3.084110	1.279373	-24.650295	14.462538	24.650295	-56.439364	4.283519	25.262848	-4.283519	-22.341441	1.632965	
344	-1.502387	-2.886689	1.248447	-23.128899	12.825266	23.128899	-50.518532	2.172556	23.501984	-2.172556	-20.632999	1.586874	
345	-1.205722	-2.634261	1.218821	-20.985317	11.132239	20.985317	-44.173943	0.440148	21.391348	-0.440148	-18.353385	1.544356	
346	-0.796830	-2.316194	1.191232	-18.227226	9.435890	18.227226	-37.540894	-0.795249	18.885744	0.795249	-15.456661	1.506163	
347	-0.278834	-1.915621	1.166563	-14.847188	7.780797	14.847188	-30.689689	-1.447043	15.948285	1.447043	-11.928392	1.473111	
348	0.348342	-1.411841	1.145896	-10.836047	6.183330	10.836047	-23.593934	-1.480204	12.546373	1.480204	-7.752189	1.445915	
349	1.088656	-0.792593	1.130481	-6.240950	4.630137	6.240950	-16.189534	-0.918597	8.659976	0.918597	-2.914987	1.425163	
350	1.942572	-0.063045	1.121618	-1.170689	3.063021	1.170689	-8.361491	0.124818	4.292279	-0.124818	2.560816	1.411442	
351	2.909555	0.750660	1.120448	4.243255	1.400819	-4.243255	-0.003736	1.441407	-0.461590	-1.441407	8.580234	1.405494	
352	3.966476	1.602331	1.127762	9.849438	-0.418415	-9.849438	8.872576	2.741355	-5.377344	-2.741355	14.895233	1.408094	
353	5.042108	2.442202	1.143895	15.530819	-2.471025	-15.530819	18.288883	3.678217	-10.238934	-3.678217	21.132718	1.419647	
354	5.995151	3.193196	1.168568	20.935891	-4.758216	-20.935891	27.926046	3.899366	-14.713795	-3.899366	26.657045	1.439824	
355	6.733725	3.805497	1.200752	25.715873	-7.208440	-25.715873	37.376313	3.280099	-18.580149	-3.280099	31.075302	1.467470	
356	6.887035	3.958360	1.237621	27.607052	-8.794979	-27.607052	42.366452	1.887658	-19.905792	-1.887658	32.075672	1.499543	
357	7.087182	4.150523	1.276246	29.874879	-10.598331	-29.874879	48.116137	0.385271	-21.501810	-0.385271	33.375146	1.532895	
