kww	// User ID
26-6-2021	// Evaluation date
p28_warmup_034	26-6-2021	10:01:40:982	// Source file name and timestamp
357.143	// Sampling rate
0.806	// Data capture period

1.880000	// height
96.900000	// mass


Sample #	elbVar	shldrIR	LwristLinVelo	thorJFPd	thorSTPd	UaJFPp	UaSTPp	UaJFPd	UaSTPd	FaJFPp	FaSTPp	RwristLinVelo	
0	-1.258212	-0.209870	2.479737	30.144105	-0.699626	-30.144105	20.444946	3.249895	-8.482715	-3.249895	17.409206	2.619684	
1	-0.788828	-0.105930	2.482736	32.443332	-0.668764	-32.443332	17.504467	3.157561	-5.402264	-3.157561	11.294092	2.687839	
2	-0.375507	0.022307	2.482796	34.684587	-0.660605	-34.684587	14.466789	3.338434	-2.652941	-3.338434	5.834078	2.747428	
3	0.134675	-0.040076	2.482571	37.233496	-0.533242	-37.233496	11.798746	3.094676	1.184829	-3.094676	-3.138232	2.796771	
4	0.613580	-0.202870	2.486635	39.924291	-0.364890	-39.924291	9.750074	2.803237	5.021925	-2.803237	-12.754740	2.833627	
5	1.028313	-0.466194	2.497116	42.497468	-0.160599	-42.497468	8.488120	2.567460	8.570908	-2.567460	-22.278542	2.857636	
6	1.361697	-0.767438	2.515183	45.326685	0.032051	-45.326685	8.179828	2.366659	11.581542	-2.366659	-30.820463	2.869337	
7	1.608782	-1.091033	2.541005	48.086901	0.218936	-48.086901	8.651918	2.263211	13.938884	-2.263211	-37.908576	2.870042	
8	1.764738	-1.475192	2.574041	49.520482	0.461937	-49.520482	9.319222	2.505730	15.572328	-2.505730	-43.336391	2.861339	
9	1.847016	-1.897122	2.613236	49.499591	0.764484	-49.499591	9.976621	3.069228	16.532752	-3.069228	-47.170761	2.844834	
10	1.889313	-2.269169	2.657253	49.175899	1.059808	-49.175899	10.907993	3.651231	16.966002	-3.651231	-49.632806	2.822153	
11	1.913450	-2.549734	2.704683	49.140834	1.311205	-49.140834	12.197441	4.090430	17.002197	-4.090430	-50.973538	2.794911	
12	1.923934	-2.773880	2.754181	48.841453	1.549654	-48.841453	13.514143	4.497777	16.709849	-4.497777	-51.442398	2.764548	
13	1.926113	-2.976232	2.804547	47.815914	1.807214	-47.815914	14.570023	5.002521	16.147692	-5.002521	-51.301009	2.732168	
14	1.931671	-3.138724	2.854765	46.473901	2.056456	-46.473901	15.454393	5.531813	15.390168	-5.531813	-50.746215	2.698554	
15	1.943980	-3.235266	2.904080	45.418541	2.245465	-45.418541	16.438248	5.953089	14.483472	-5.953089	-49.864085	2.664337	
16	1.959984	-3.263819	2.952055	44.983475	2.344467	-44.983475	17.647673	6.222653	13.464923	-6.222653	-48.729583	2.630039	
17	1.984820	-3.227162	2.998580	45.215373	2.342353	-45.215373	18.939608	6.321053	12.422595	-6.321053	-47.479016	2.595973	
18	2.025860	-3.128558	3.043771	45.937610	2.236160	-45.937610	20.097712	6.235242	11.448004	-6.235242	-46.233803	2.562236	
19	2.078680	-2.983592	3.087820	47.012557	2.032141	-47.012557	21.088342	6.014367	10.550694	-6.014367	-45.011895	2.528837	
20	2.130924	-2.837375	3.130893	48.032076	1.776991	-48.032076	21.907408	5.817119	9.667809	-5.817119	-43.782979	2.495769	
21	2.174968	-2.740483	3.173191	48.453118	1.535591	-48.453118	22.521328	5.811847	8.728526	-5.811847	-42.544922	2.463013	
22	2.212812	-2.676065	3.215005	48.634491	1.281549	-48.634491	23.136353	5.925315	7.721900	-5.925315	-41.294740	2.430542	
23	2.249836	-2.584819	3.256617	49.343532	0.932814	-49.343532	23.998657	5.920199	6.702605	-5.920199	-40.015996	2.398355	
24	2.285203	-2.458235	3.298194	50.536906	0.489443	-50.536906	25.063489	5.730137	5.701872	-5.730137	-38.697180	2.366449	
25	2.314289	-2.315921	3.339779	51.791079	-0.002872	-51.791079	26.180078	5.413860	4.713179	-5.413860	-37.323096	2.334781	
26	2.335906	-2.166459	3.381316	52.784605	-0.509296	-52.784605	27.223859	5.007908	3.743723	-5.007908	-35.891291	2.303283	
27	2.352133	-2.031437	3.422798	53.158456	-0.978538	-53.158456	28.067942	4.585778	2.799910	-4.585778	-34.427948	2.271881	
28	2.366041	-1.926073	3.464403	52.774941	-1.374602	-52.774941	28.649594	4.198791	1.884533	-4.198791	-32.958752	2.240528	
29	2.378306	-1.846424	3.506394	51.688888	-1.693829	-51.688888	28.989881	3.844204	0.996609	-3.844204	-31.483469	2.209217	
30	2.386424	-1.789810	3.549006	49.972548	-1.941810	-49.972548	29.169629	3.531210	0.117653	-3.531210	-29.985459	2.177968	
31	2.389795	-1.749687	3.592526	47.883043	-2.133767	-47.883043	29.272408	3.248442	-0.756431	-3.248442	-28.460807	2.146831	
32	2.391870	-1.717232	3.637381	45.752290	-2.283894	-45.752290	29.321051	2.971359	-1.605708	-2.971359	-26.934963	2.115856	
33	2.396051	-1.688605	3.683930	43.762498	-2.396040	-43.762498	29.310879	2.695697	-2.413707	-2.695697	-25.434057	2.085053	
34	2.401888	-1.656731	3.732048	41.950067	-2.473050	-41.950067	29.246832	2.389468	-3.164734	-2.389468	-23.946252	2.054413	
35	2.406990	-1.615473	3.780966	40.232040	-2.517975	-40.232040	29.115689	2.003990	-3.835735	-2.003990	-22.445134	2.023963	
36	2.410078	-1.569207	3.829464	38.554440	-2.533769	-38.554440	28.912661	1.546620	-4.418531	-1.546620	-20.927091	1.993774	
37	2.408682	-1.525600	3.876158	36.991914	-2.527674	-36.991914	28.696515	1.056049	-4.931303	-1.056049	-19.387176	1.963967	
38	2.399344	-1.486783	3.919927	35.590824	-2.507605	-35.590824	28.530591	0.536867	-5.388033	-0.536867	-17.810921	1.934727	
39	2.382747	-1.453204	3.960230	34.343741	-2.476454	-34.343741	28.419474	-0.015253	-5.777904	0.015253	-16.211440	1.906290	
40	2.362586	-1.424983	3.996994	33.307679	-2.439253	-33.307679	28.363059	-0.588634	-6.086741	0.588634	-14.621916	1.878869	
41	2.340827	-1.397825	4.030350	32.533774	-2.411553	-32.533774	28.386737	-1.183883	-6.311420	1.183883	-13.061932	1.852633	
42	2.319374	-1.368943	4.060507	31.962677	-2.408712	-31.962677	28.498977	-1.794624	-6.454810	1.794624	-11.546521	1.827738	
43	2.302962	-1.340363	4.087679	31.475494	-2.434513	-31.475494	28.682773	-2.386008	-6.522359	2.386008	-10.101087	1.804313	
44	2.296738	-1.311991	4.112122	30.956908	-2.485351	-30.956908	28.912232	-2.925376	-6.517871	2.925376	-8.747023	1.782388	
45	2.303056	-1.282836	4.134203	30.318623	-2.555137	-30.318623	29.159165	-3.387645	-6.448051	3.387645	-7.486769	1.761865	
46	2.320315	-1.256420	4.154371	29.585548	-2.642318	-29.585548	29.429039	-3.742292	-6.337458	3.742292	-6.300837	1.742575	
47	2.344079	-1.231691	4.173108	28.894749	-2.762154	-28.894749	29.777160	-3.989768	-6.223458	3.989768	-5.160619	1.724348	
48	2.369795	-1.197371	4.190853	28.295359	-2.937477	-28.295359	30.253163	-4.189531	-6.135141	4.189531	-4.045287	1.707042	
49	2.395546	-1.146117	4.207920	27.685084	-3.172546	-27.685084	30.851471	-4.394125	-6.086482	4.394125	-2.946718	1.690558	
50	2.423793	-1.079337	4.224555	26.917297	-3.451477	-26.917297	31.512723	-4.597030	-6.078508	4.597030	-1.869238	1.674838	
51	2.457879	-1.002933	4.240974	25.869891	-3.755869	-25.869891	32.171719	-4.762157	-6.112660	4.762157	-0.812211	1.659807	
52	2.497669	-0.926351	4.257403	24.544693	-4.078360	-24.544693	32.822131	-4.868850	-6.201667	4.868850	0.244399	1.645364	
53	2.540622	-0.855010	4.274214	23.063633	-4.423119	-23.063633	33.523951	-4.929982	-6.359335	4.929982	1.326706	1.631444	
54	2.583985	-0.790404	4.291853	21.489148	-4.789475	-21.489148	34.332873	-4.960261	-6.593839	4.960261	2.453857	1.618050	
55	2.626648	-0.734795	4.310540	19.749413	-5.160911	-19.749413	35.231711	-4.971428	-6.901004	4.971428	3.627907	1.605203	
56	2.668815	-0.689611	4.330244	17.752367	-5.513252	-17.752367	36.166267	-4.992163	-7.267724	4.992163	4.838140	1.592911	
57	2.709816	-0.656586	4.350920	15.504917	-5.830585	-15.504917	37.116659	-5.039416	-7.690067	5.039416	6.079077	1.581209	
58	2.750453	-0.637567	4.372669	13.104394	-6.109304	-13.104394	38.072623	-5.101281	-8.166336	5.101281	7.345176	1.570171	
59	2.791844	-0.632288	4.395759	10.666071	-6.348502	-10.666071	39.018998	-5.167674	-8.692575	5.167674	8.631179	1.559910	
60	2.830621	-0.637944	4.420552	8.241525	-6.540749	-8.241525	39.969809	-5.258230	-9.270058	5.258230	9.938798	1.550580	
61	2.862876	-0.650264	4.447392	5.766339	-6.670402	-5.766339	40.931716	-5.406414	-9.894345	5.406414	11.261329	1.542330	
62	2.888049	-0.666913	4.476394	3.169336	-6.724526	-3.169336	41.889797	-5.627729	-10.557964	5.627729	12.585933	1.535274	
63	2.908473	-0.686838	4.507263	0.480546	-6.702506	-0.480546	42.845474	-5.916239	-11.260521	5.916239	13.905937	1.529541	
64	2.930088	-0.706657	4.539508	-2.257122	-6.610938	2.257122	43.796346	-6.259217	-11.999844	6.259217	15.215913	1.525271	
65	2.957573	-0.723047	4.572834	-5.037770	-6.458972	5.037770	44.728069	-6.650406	-12.773058	6.650406	16.514922	1.522584	
66	2.988696	-0.735654	4.607251	-7.813563	-6.255258	7.813563	45.651101	-7.102334	-13.579511	7.102334	17.804718	1.521603	
67	3.020307	-0.744482	4.642986	-10.467784	-6.005409	10.467784	46.607115	-7.634020	-14.412168	7.634020	19.078358	1.522453	
68	3.055548	-0.748795	4.680289	-12.855656	-5.719610	12.855656	47.647633	-8.238431	-15.263181	8.238431	20.330714	1.525238	
69	3.099336	-0.748345	4.719194	-14.900946	-5.414240	14.900946	48.799051	-8.899325	-16.129961	8.899325	21.566513	1.530020	
70	3.153203	-0.741267	4.759434	-16.690413	-5.105419	16.690413	50.048350	-9.627788	-17.007131	9.627788	22.788035	1.536813	
71	3.217937	-0.724608	4.800576	-18.340389	-4.808906	18.340389	51.385174	-10.431485	-17.890279	10.431485	23.994846	1.545602	
72	3.294545	-0.699427	4.842237	-19.766093	-4.535870	19.766093	52.830349	-11.292107	-18.782192	11.292107	25.190133	1.556368	
73	3.381521	-0.666760	4.884139	-20.827500	-4.285046	20.827500	54.387296	-12.219826	-19.674316	12.219826	26.365565	1.569121	
74	3.476602	-0.619296	4.925989	-21.650473	-4.049041	21.650473	55.999472	-13.256404	-20.539292	13.256404	27.496008	1.583853	
75	3.580866	-0.547195	4.967376	-22.489450	-3.832365	22.489450	57.620567	-14.404135	-21.361178	14.404135	28.570529	1.600469	
76	3.698436	-0.447342	5.007810	-23.419989	-3.659025	23.419989	59.291709	-15.631258	-22.151129	15.631258	29.607145	1.618791	
77	3.833491	-0.322015	5.046824	-24.373541	-3.558854	24.373541	61.109879	-16.927440	-22.936004	16.927440	30.639925	1.638628	
78	3.986810	-0.177391	5.084013	-25.259804	-3.550423	25.259804	63.171122	-18.307211	-23.752587	18.307211	31.716362	1.659861	
79	4.154521	-0.021046	5.119090	-26.081263	-3.638888	26.081263	65.511726	-19.800903	-24.628904	19.800903	32.879745	1.682527	
80	4.333163	0.144851	5.151996	-27.008680	-3.825381	27.008680	68.098977	-21.442125	-25.572925	21.442125	34.154102	1.706761	
81	4.523409	0.321007	5.182803	-28.198285	-4.114541	28.198285	70.912843	-23.239231	-26.599897	23.239231	35.572308	1.732686	
82	4.725477	0.503368	5.211624	-29.676491	-4.510654	29.676491	73.925955	-25.181645	-27.731201	25.181645	37.175600	1.760462	
83	4.936551	0.686668	5.238655	-31.484804	-5.011129	31.484804	77.038966	-27.262955	-28.964755	27.262955	38.979973	1.790357	
84	5.154257	0.871666	5.264197	-33.694045	-5.610769	33.694045	80.163746	-29.474626	-30.286844	29.474626	40.987523	1.822673	
85	5.376564	1.059094	5.288630	-36.234398	-6.307464	36.234398	83.286272	-31.803064	-31.693426	31.803064	43.210581	1.857680	
86	5.599098	1.241890	5.312365	-38.961011	-7.094362	38.961011	86.403762	-34.263708	-33.182643	34.263708	45.664556	1.895661	
87	5.817391	1.413520	5.335752	-41.903622	-7.951590	41.903622	89.452697	-36.903190	-34.739674	36.903190	48.350844	1.936925	
88	6.031030	1.573043	5.359012	-45.137755	-8.862676	45.137755	92.324091	-39.724399	-36.340550	39.724399	51.261095	1.981726	
89	6.243391	1.717775	5.382284	-48.473471	-9.835876	48.473471	94.960277	-42.660571	-37.970901	42.660571	54.400693	2.030231	
90	6.457462	1.843760	5.405730	-51.568911	-10.893335	51.568911	97.381394	-45.634565	-39.620964	45.634565	57.783871	2.082580	
91	6.668596	1.945932	5.429490	-54.187841	-12.045931	54.187841	99.616003	-48.594236	-41.261011	48.594236	61.394525	2.138916	
92	6.862961	2.014451	5.453515	-56.250688	-13.283141	56.250688	101.643934	-51.516196	-42.833355	51.516196	65.164897	2.199330	
93	7.031207	2.043757	5.477609	-57.847512	-14.582916	57.847512	103.384711	-54.381690	-44.280336	54.381690	69.015689	2.263788	
94	7.176193	2.037541	5.501627	-59.163351	-15.930641	59.163351	104.734701	-57.140919	-45.573455	57.140919	72.898873	2.332122	
95	7.301446	1.999593	5.525578	-60.317976	-17.318288	60.317976	105.592260	-59.733619	-46.693911	59.733619	76.764132	2.404099	
96	7.405139	1.929235	5.549587	-61.281723	-18.746790	61.281723	105.861023	-62.098349	-47.616497	62.098349	80.534504	2.479442	
97	7.485873	1.825967	5.573793	-61.978101	-20.242015	61.978101	105.499509	-64.161228	-48.334020	64.161228	84.147459	2.557791	
98	7.544184	1.697443	5.598291	-62.561648	-21.824607	62.561648	104.536580	-65.884934	-48.867203	65.884934	87.568025	2.638738	
99	7.578797	1.557612	5.623069	-63.281466	-23.485435	63.281466	102.999582	-67.258125	-49.243026	67.258125	90.751007	2.721864	
100	7.583107	1.412960	5.647880	-64.063015	-25.222615	64.063015	100.912162	-68.238471	-49.466041	68.238471	93.610503	2.806726	
101	7.546790	1.257951	5.672199	-64.662110	-27.059420	64.662110	98.374982	-68.816248	-49.516083	68.816248	96.039142	2.892814	
102	7.459459	1.080369	5.695442	-64.948530	-29.025931	64.948530	95.540492	-69.074089	-49.367555	69.074089	97.947909	2.979550	
103	7.312555	0.868978	5.717205	-64.833596	-31.140027	64.833596	92.493483	-69.105706	-48.995946	69.105706	99.265210	3.066353	
104	7.102007	0.616956	5.737190	-64.137995	-33.421569	64.137995	89.250903	-68.931666	-48.387935	68.931666	99.943680	3.152661	
105	6.826863	0.314226	5.755058	-62.497232	-35.934313	62.497232	85.856107	-68.540256	-47.542214	68.540256	99.983833	3.237917	
106	6.492823	-0.045380	5.770475	-59.579959	-38.768287	59.579959	82.369706	-67.940739	-46.480164	67.940739	99.444771	3.321621	
107	6.116575	-0.454955	5.783210	-55.370762	-42.008742	55.370762	78.843354	-67.159353	-45.270437	67.159353	98.460007	3.403429	
108	5.713369	-0.906106	5.793128	-50.051631	-45.733728	50.051631	75.366331	-66.245612	-43.992900	66.245612	97.193577	3.483256	
109	5.287091	-1.390217	5.800081	-43.823740	-49.982058	43.823740	72.089252	-65.256480	-42.690813	65.256480	95.754369	3.561251	
110	4.834883	-1.899744	5.803952	-36.809047	-54.777838	36.809047	69.160927	-64.237423	-41.370784	64.237423	94.184038	3.637629	
111	4.358981	-2.435033	5.804874	-29.103148	-60.231168	29.103148	66.695581	-63.239701	-40.061043	63.239701	92.555757	3.712523	
112	3.871998	-2.995859	5.803196	-20.961270	-66.556141	20.961270	64.891652	-62.341135	-38.863288	62.341135	91.040543	3.786030	
113	3.387042	-3.578150	5.799176	-12.692372	-74.003489	12.692372	64.059632	-61.653353	-37.907488	61.653353	89.823145	3.858306	
114	2.914052	-4.175175	5.792864	-4.555147	-82.820910	4.555147	64.508569	-61.305559	-37.312632	61.305559	89.042784	3.929603	
115	2.463549	-4.773568	5.784288	2.969253	-93.220055	-2.969253	66.471740	-61.421527	-37.191594	61.421527	88.812419	4.000271	
116	2.045135	-5.356933	5.773678	9.118409	-105.378997	-9.118409	70.063796	-62.088715	-37.633521	62.088715	89.198391	4.070727	
117	1.668007	-5.906801	5.761470	13.114043	-119.471278	-13.114043	75.275927	-63.344812	-38.688506	63.344812	90.192556	4.141373	
118	1.338478	-6.407551	5.748125	14.282505	-135.692447	-14.282505	82.058467	-65.242337	-40.361226	65.242337	91.743862	4.212546	
119	1.054886	-6.859508	5.733994	12.029086	-154.350552	-12.029086	90.434073	-67.900181	-42.621248	67.900181	93.809398	4.284565	
120	0.812527	-7.266115	5.719337	5.681897	-175.784603	-5.681897	100.373451	-71.412417	-45.412187	71.412417	96.308932	4.357730	
121	0.609389	-7.615300	5.704418	-5.564918	-200.135960	5.564918	111.572422	-75.756766	-48.626127	75.756766	99.044937	4.432193	
122	0.446720	-7.888542	5.689546	-22.393459	-227.393241	22.393459	123.545690	-80.864752	-52.103122	80.864752	101.742111	4.507836	
123	0.331305	-8.071026	5.675004	-45.117591	-257.627291	45.117591	135.901609	-86.756598	-55.670780	86.756598	104.150598	4.584367	
124	0.275178	-8.151317	5.660938	-73.698457	-291.033911	73.698457	148.457541	-93.597746	-59.160388	93.597746	106.084776	4.661468	
125	0.287477	-8.122497	5.647335	-107.837413	-327.775463	107.837413	161.189637	-101.656551	-62.380257	101.656551	107.364022	4.738813	
126	0.370270	-7.977274	5.634017	-146.925096	-367.881810	146.925096	174.178274	-111.255825	-65.083563	111.255825	107.734203	4.815964	
127	0.525735	-7.702944	5.620604	-189.968333	-411.293468	189.968333	187.586426	-122.780054	-66.957820	122.780054	106.860210	4.892308	
128	0.758229	-7.291352	5.606492	-235.666889	-458.054987	235.666889	201.810841	-136.718563	-67.685833	136.718563	104.434362	4.967066	
129	1.073184	-6.741636	5.590947	-282.625540	-508.537592	282.625540	217.657376	-153.741802	-67.027205	153.741802	100.281910	5.039354	
130	1.481654	-6.052470	5.573256	-329.640441	-563.441535	329.640441	236.270531	-174.744917	-64.820141	174.744917	94.344845	5.108345	
131	1.993670	-5.230664	5.552786	-375.892562	-623.629543	375.892562	259.123120	-200.724731	-61.024915	200.724731	86.692332	5.173493	
132	2.611818	-4.296866	5.528970	-420.970462	-690.092480	420.970462	288.062704	-232.632446	-55.752979	232.632446	77.501529	5.234655	
133	3.343081	-3.271563	5.501347	-464.982734	-764.010440	464.982734	325.107497	-271.422748	-49.168099	271.422748	66.934611	5.292037	
134	4.202244	-2.166762	5.469628	-508.493529	-846.453659	508.493529	372.154949	-318.034876	-41.460240	318.034876	55.113049	5.346179	
135	5.200486	-0.991160	5.433637	-552.128351	-938.014102	552.128351	430.879215	-373.182833	-32.906584	373.182833	42.173912	5.398008	
136	6.341601	0.241007	5.393114	-596.495475	-1038.822951	596.495475	502.828962	-437.285035	-23.929550	437.285035	28.343828	5.448839	
137	7.620842	1.506873	5.347560	-642.227794	-1148.382925	642.227794	589.322256	-510.411626	-15.122010	510.411626	13.986015	5.500271	
138	9.019919	2.783831	5.296198	-689.649319	-1265.033603	689.649319	690.848796	-592.033180	-7.136485	592.033180	-0.479586	5.553973	
139	10.511372	4.052455	5.238059	-738.623102	-1385.977919	738.623102	806.780464	-680.996771	-0.616913	680.996771	-14.589013	5.611402	
140	12.072584	5.288446	5.172051	-789.230480	-1508.156706	789.230480	935.828802	-775.875681	3.799234	775.875681	-27.799894	5.673679	
141	13.686826	6.463438	5.096972	-842.681537	-1628.629943	842.681537	1076.061454	-875.054136	5.686489	875.054136	-39.650944	5.741609	
142	15.329870	7.551747	5.011649	-900.963369	-1744.057624	900.963369	1224.299481	-976.436579	5.022909	976.436579	-49.858232	5.815559	
143	16.969243	8.536571	4.915167	-965.302276	-1850.550757	965.302276	1376.042600	-1077.485907	2.143915	1077.485907	-58.252048	5.895246	
144	18.572421	9.407097	4.806919	-1035.747722	-1944.349032	1035.747722	1526.233442	-1175.503659	-2.359427	1175.503659	-64.757110	5.979619	
145	20.108795	10.151066	4.686528	-1112.200892	-2022.484388	1112.200892	1669.959045	-1267.684118	-7.634543	1267.684118	-69.461660	6.066851	
146	21.558768	10.773814	4.553940	-1194.430757	-2082.709302	1194.430757	1802.180520	-1351.473707	-12.427667	1351.473707	-72.847078	6.154353	
147	22.921237	11.311975	4.409567	-1281.550351	-2123.353612	1281.550351	1917.684148	-1425.211913	-15.051657	1425.211913	-75.960288	6.238996	
148	24.198486	11.806197	4.254200	-1372.327755	-2143.586754	1372.327755	2012.041507	-1488.103306	-13.711733	1488.103306	-80.159284	6.317512	
149	25.383887	12.278112	4.088874	-1465.092925	-2143.660462	1465.092925	2082.357628	-1539.952975	-6.999694	1539.952975	-86.669813	6.386949	
150	26.473189	12.742593	3.914851	-1557.462423	-2124.883606	1557.462423	2127.176649	-1581.590513	6.088260	1581.590513	-96.638190	6.445172	
151	27.472868	13.225437	3.733606	-1647.043853	-2089.349999	1647.043853	2146.004410	-1615.309711	26.514596	1615.309711	-111.476174	6.491347	
152	28.394460	13.760325	3.546691	-1732.633849	-2039.722587	1732.633849	2139.163299	-1644.579499	55.154060	1644.579499	-132.710230	6.526334	
153	29.254661	14.380858	3.355575	-1814.764523	-1979.131411	1814.764523	2107.824406	-1673.680263	92.586220	1673.680263	-161.647069	6.553005	
154	30.081999	15.124152	3.161573	-1895.571351	-1911.034615	1895.571351	2053.747646	-1707.880697	139.301129	1707.880697	-199.426374	6.576487	
155	30.914112	16.034393	2.965821	-1977.812718	-1838.682358	1977.812718	1978.541439	-1753.383325	195.908820	1753.383325	-247.065808	6.604199	
156	31.785480	17.150923	2.769279	-2063.328004	-1764.455026	2063.328004	1882.976963	-1816.335878	262.982848	1816.335878	-305.160453	6.645559	
157	32.716893	18.497419	2.572801	-2152.793246	-1689.660579	2152.793246	1766.671120	-1901.822280	340.965702	1901.822280	-373.699236	6.711280	
158	33.709243	20.087645	2.377192	-2245.489679	-1614.279085	2245.489679	1627.451244	-2013.257028	430.095406	2013.257028	-452.043432	6.812430	
159	34.749024	21.939445	2.183276	-2337.550534	-1536.746576	2337.550534	1461.042388	-2151.921630	530.170184	2151.921630	-538.910691	6.959422	
160	35.824340	24.089950	1.992004	-2420.750933	-1454.467822	2420.750933	1262.061871	-2317.023347	640.436073	2317.023347	-632.552322	7.161094	
161	36.929479	26.591668	1.804410	-2482.704399	-1364.624844	2482.704399	1026.052550	-2505.451034	759.186683	2505.451034	-730.638465	7.424023	
162	38.067384	29.497733	1.621556	-2507.438407	-1264.927937	2507.438407	751.875254	-2711.169686	883.264176	2711.169686	-830.044759	7.752026	
163	39.262939	32.860848	1.444676	-2476.996040	-1154.579196	2476.996040	443.729931	-2925.334051	1008.219305	2925.334051	-927.226843	8.145760	
164	40.564477	36.727562	1.275165	-2375.189253	-1035.086023	2375.189253	112.204569	-3136.586590	1128.655096	3136.586590	-1018.649183	8.602445	
165	42.024265	41.108680	1.114355	-2192.021617	-910.174439	2192.021617	-225.954744	-3330.918224	1238.208030	3330.918224	-1100.742493	9.115861	
166	43.676138	45.946154	0.963402	-1926.876537	-784.732077	1926.876537	-549.879663	-3491.507443	1329.591810	3491.507443	-1169.815560	9.676564	
167	45.518722	51.098639	0.823289	-1591.204441	-663.647349	1591.204441	-838.021252	-3599.533976	1395.120673	3599.533976	-1222.311290	10.272342	
168	47.498810	56.349000	0.694913	-1209.425868	-550.877165	1209.425868	-1072.018936	-3636.566536	1427.336533	3636.566536	-1254.857647	10.889100	
169	49.530983	61.458231	0.579217	-813.313961	-448.859356	813.313961	-1240.591676	-3588.874476	1420.062305	3588.874476	-1264.523604	11.512046	
170	51.551829	66.210815	0.477358	-434.155184	-358.700911	434.155184	-1340.922977	-3451.760060	1369.847307	3451.760060	-1249.864999	12.126587	
171	53.535741	70.399302	0.390901	-98.887212	-280.111915	98.887212	-1377.336587	-3230.848547	1276.544476	3230.848547	-1211.391696	12.719092	
172	55.488194	73.849677	0.322018	174.523490	-211.290367	-174.523490	-1359.501270	-2941.517586	1143.351939	2941.517586	-1151.275998	13.278236	
173	57.455057	76.493707	0.273318	382.245970	-150.414663	-382.245970	-1297.948578	-2608.060908	976.337026	2608.060908	-1073.154801	13.796727	
174	59.519043	78.395801	0.246668	533.043385	-98.302596	-533.043385	-1196.105925	-2261.867054	782.479800	2261.867054	-981.639066	14.272778	
175	61.769495	79.733323	0.241031	640.411354	-60.592872	-640.411354	-1043.539691	-1937.921891	566.514456	1937.921891	-880.794100	14.711333	
176	64.249151	80.734348	0.251628	713.858430	-47.753906	-713.858430	-815.422721	-1669.411454	328.126435	1669.411454	-771.913422	15.125014	
177	66.892616	81.585546	0.272195	753.301459	-72.407944	-753.301459	-479.416849	-1482.151261	61.397304	1482.151261	-651.887196	15.534037	
178	69.492277	82.379060	0.297688	748.322163	-144.818070	-748.322163	-8.064218	-1390.007533	-243.040907	1390.007533	-512.875668	15.964256	
179	71.688191	83.097395	0.325060	681.108032	-266.710686	-681.108032	605.393296	-1389.575932	-593.687624	1389.575932	-343.620880	16.442677	
180	72.927045	83.553723	0.352731	530.990069	-423.177860	-530.990069	1328.669954	-1452.696154	-990.892369	1452.696154	-133.691007	16.989509	
181	72.423887	83.279623	0.379913	281.976415	-573.312919	-281.976415	2070.300356	-1517.461808	-1413.597326	1517.461808	113.365485	17.605164	
182	69.249145	81.467941	0.406180	-57.844328	-643.029517	57.844328	2669.829983	-1481.596912	-1801.500790	1481.596912	348.724940	18.250641	
183	62.610767	77.179444	0.431165	-411.413846	-532.803378	411.413846	2941.181129	-1214.836999	-2051.008381	1214.836999	436.787757	18.823922	
184	52.354527	69.998556	0.454508	-575.044066	-166.467980	575.044066	2826.781002	-626.890474	-2063.168787	626.890474	168.896322	19.150426	
185	39.543963	60.559759	0.476123	-252.457833	412.079031	252.457833	2581.594583	200.842991	-1845.084615	-200.842991	-552.808005	19.029361	
186	26.609883	49.468268	0.496364	663.058578	979.408252	-663.058578	2608.719144	955.350399	-1523.723359	-955.350399	-1433.089023	18.367737	
187	16.550564	35.336462	0.515798	1693.988240	1241.852965	-1693.988240	2846.913014	1300.951755	-1153.718392	-1300.951755	-1870.796111	17.330641	
188	11.381269	15.976196	0.534899	1864.606641	1056.349490	-1864.606641	2654.098696	1187.536188	-617.310640	-1187.536188	-1550.519752	16.323356	
189	11.037137	-7.515641	0.553932	592.595891	536.339932	-592.595891	1653.176705	845.836248	118.897669	-845.836248	-736.748577	15.725351	
190	13.936870	-29.747397	0.572963	-1417.527535	-49.305250	1417.527535	292.440003	546.115301	793.570657	-546.115301	109.183612	15.606092	
191	18.240972	-44.619334	0.591865	-2665.678521	-476.395571	2665.678521	-633.130179	458.613682	1048.602588	-458.613682	722.989969	15.744688	
192	22.160926	-49.474939	0.610281	-2324.638686	-674.239050	2324.638686	-766.142324	626.154245	802.171105	-626.154245	1034.203532	15.877648	
193	24.108093	-46.283179	0.627581	-762.199309	-686.918506	762.199309	-381.922025	968.539906	318.406231	-968.539906	1053.962541	15.854261	
194	23.344185	-39.329244	0.642946	1140.561421	-591.656429	-1140.561421	38.259459	1350.288710	-87.942970	-1350.288710	852.621397	15.635146	
195	20.212450	-32.236607	0.655518	2706.450780	-452.805193	-2706.450780	209.258485	1665.287312	-280.351602	-1665.287312	539.203378	15.243629	
196	15.745742	-26.757508	0.664504	3661.642683	-311.979455	-3661.642683	99.387170	1866.780954	-283.497280	-1866.780954	220.717342	14.731184	
197	11.157642	-23.113422	0.669262	4026.585038	-191.597579	-4026.585038	-189.684576	1954.388459	-180.862751	-1954.388459	-27.248716	14.159893	
198	7.458334	-20.817369	0.669355	3956.223071	-99.535916	-3956.223071	-536.942917	1953.360491	-48.452353	-1953.360491	-172.575150	13.591009	
199	5.248077	-19.289987	0.664492	3620.481197	-33.734581	-3620.481197	-855.414916	1898.116415	64.718601	-1898.116415	-221.802525	13.074312	
200	4.693482	-18.103205	0.654637	3145.343340	13.024437	-3145.343340	-1096.329239	1819.930501	132.947514	-1819.930501	-203.104579	12.640642	
201	5.613485	-17.034458	0.640354	2605.794561	49.320014	-2605.794561	-1233.185668	1740.498634	145.804590	-1740.498634	-147.992530	12.300941	
202	7.600047	-16.060343	0.622910	2046.883232	82.613585	-2046.883232	-1245.184107	1671.818807	102.556315	-1671.818807	-79.656048	12.050823	
203	10.137663	-15.290253	0.604040	1513.953350	117.648150	-1513.953350	-1109.464764	1619.248338	9.129140	-1619.248338	-9.298038	11.877214	
204	12.725221	-14.834198	0.585677	1070.608553	155.084922	-1070.608553	-809.087658	1585.252157	-123.176779	-1585.252157	61.719064	11.764247	
205	14.981680	-14.641268	0.569636	786.947346	190.568393	-786.947346	-356.153920	1573.598153	-276.848571	-1573.598153	136.669929	11.696680	
206	16.666888	-14.406615	0.557212	707.293261	215.424803	-707.293261	181.948932	1593.617682	-426.213143	-1593.617682	217.457925	11.659787	
207	17.625807	-13.606892	0.548813	824.914856	219.843848	-824.914856	672.486770	1660.731928	-538.415821	-1660.731928	299.201939	11.635932	
208	17.757886	-11.652826	0.543933	1084.255666	198.791422	-1084.255666	946.207837	1787.932396	-581.632165	-1787.932396	367.177146	11.600247	
209	17.053428	-8.143551	0.541695	1412.377608	158.612842	-1412.377608	875.380316	1969.368621	-540.058570	-1969.368621	399.977534	11.519890	
210	15.634776	-3.137349	0.541487	1750.647848	117.951646	-1750.647848	460.151172	2168.636423	-425.786135	-2168.636423	380.737919	11.360400	
211	13.730864	2.750416	0.542969	2054.887706	98.301745	-2054.887706	-155.189165	2327.354954	-275.384368	-2327.354954	309.833217	11.097745	
212	11.599360	8.553138	0.545785	2281.688969	109.999450	-2281.688969	-761.969716	2393.315719	-131.629360	-2393.315719	207.803620	10.729476	
213	9.476502	13.371058	0.549605	2395.611088	146.348002	-2395.611088	-1198.874390	2346.505875	-24.029012	-2346.505875	104.819581	10.278123	
214	7.573949	16.726150	0.554336	2388.291880	190.777657	-2388.291880	-1411.286815	2203.080130	38.887619	-2203.080130	25.339637	9.785046	
215	6.066911	18.614046	0.560156	2281.198954	228.495483	-2281.198954	-1432.771904	1999.575545	64.069415	-1999.575545	-20.282419	9.298570	
216	5.054943	19.297473	0.567348	2110.655971	252.306814	-2110.655971	-1330.519505	1774.320822	64.021341	-1774.320822	-34.559673	8.861783	
217	4.540364	19.105207	0.576160	1912.621310	261.614167	-1912.621310	-1165.626828	1556.469475	50.332772	-1556.469475	-27.215759	8.503326	
218	4.455016	18.351044	0.586708	1714.905629	259.187734	-1714.905629	-980.012785	1362.386543	31.244916	-1362.386543	-9.157266	8.233440	
219	4.709166	17.296441	0.598868	1534.482708	248.385071	-1534.482708	-796.963401	1197.108947	11.359348	-1197.108947	11.699294	8.046413	
220	5.226073	16.122828	0.612254	1378.394732	231.391594	-1378.394732	-625.963970	1058.561099	-7.485579	-1058.561099	31.477614	7.927067	
221	5.951842	14.937260	0.626347	1246.919572	209.010018	-1246.919572	-469.363669	942.132144	-24.957186	-942.132144	49.214440	7.857239	
222	6.842541	13.791803	0.640721	1136.774760	181.649785	-1136.774760	-328.146958	843.877563	-41.112313	-843.877563	65.184653	7.820015	
223	7.844261	12.689709	0.655144	1043.391797	150.062060	-1043.391797	-204.090580	761.384712	-55.589057	-761.384712	79.621054	7.801595	
224	8.882190	11.600546	0.669544	962.581835	115.503361	-962.581835	-99.468793	693.095366	-67.296516	-693.095366	92.163209	7.791529	
225	9.860875	10.494856	0.683935	891.676404	80.075509	-891.676404	-16.566381	637.649738	-74.707742	-637.649738	101.961698	7.782229	
226	10.679613	9.366965	0.698298	829.965589	46.820843	-829.965589	43.169051	593.641004	-76.565044	-593.641004	108.145362	7.768384	
227	11.253746	8.225113	0.712667	778.353912	18.895771	-778.353912	80.324891	559.529034	-72.467697	-559.529034	110.196871	7.746477	
228	11.525019	7.071401	0.727269	738.295294	-1.327848	-738.295294	97.524863	533.780321	-62.928095	-533.780321	107.975444	7.714276	
229	11.465605	5.901488	0.742468	710.434579	-12.564651	-710.434579	98.349621	514.964688	-49.088324	-514.964688	101.617150	7.670424	
230	11.082267	4.715284	0.758866	693.715612	-14.808521	-693.715612	86.756515	501.526944	-32.458328	-501.526944	91.543134	7.614264	
231	10.416010	3.521641	0.777263	685.461029	-9.316173	-685.461029	66.787874	491.736219	-14.696971	-491.736219	78.490279	7.545809	
232	9.530222	2.332670	0.798140	682.036108	1.910342	-682.036108	41.808311	484.034777	2.734357	-484.034777	63.369918	7.465693	
233	8.491593	1.155451	0.821338	679.660379	16.655324	-679.660379	14.232018	477.261648	18.849517	-477.261648	47.041857	7.375046	
234	7.362362	-0.001586	0.846097	675.167170	32.816520	-675.167170	-14.070504	470.597724	33.079319	-470.597724	30.272354	7.275290	
235	6.202412	-1.123697	0.871330	666.385052	48.633014	-666.385052	-41.800258	463.536757	45.173009	-463.536757	13.751927	7.167969	
236	5.061993	-2.197669	0.896106	652.150122	62.879904	-652.150122	-68.351178	455.844919	55.178251	-455.844919	-2.002390	7.054602	
237	3.971514	-3.212574	0.919887	632.197608	74.977302	-632.197608	-93.465181	447.407716	63.310734	-447.407716	-16.698220	6.936511	
238	2.946421	-4.160395	0.942393	607.109434	84.755579	-607.109434	-116.832121	438.094621	69.811485	-438.094621	-30.186455	6.814711	
239	1.997717	-5.041352	0.963450	578.075457	92.208467	-578.075457	-138.080410	427.827757	74.888142	-427.827757	-42.374354	6.689934	
240	1.134558	-5.853793	0.982944	546.274854	97.587447	-546.274854	-157.223447	416.785248	78.704752	-416.785248	-53.208798	6.562760	
241	0.359989	-6.591103	1.000789	512.576326	101.297429	-512.576326	-174.621691	405.226197	81.437395	-405.226197	-62.726899	6.433726	
242	-0.329486	-7.252551	1.016904	477.886226	103.602783	-477.886226	-190.280457	393.170599	83.264997	-393.170599	-71.040108	6.303258	
243	-0.930807	-7.823976	1.031123	443.262736	104.657967	-443.262736	-203.656147	380.506583	84.184910	-380.506583	-78.142751	6.171690	
244	-1.431183	-8.271251	1.043202	409.478836	104.594943	-409.478836	-214.188851	367.148546	84.054463	-367.148546	-83.905225	6.039510	
245	-1.821184	-8.575206	1.053031	376.791733	103.492712	-376.791733	-221.775877	353.069463	82.881142	-353.069463	-88.319013	5.907430	
246	-2.099743	-8.743207	1.060776	345.260818	101.417130	-345.260818	-226.687155	338.343737	80.865595	-338.343737	-91.555544	5.776168	
247	-2.276159	-8.800936	1.066722	315.151971	98.487738	-315.151971	-229.227223	323.117262	78.280969	-323.117262	-93.861993	5.646275	
248	-2.367926	-8.781402	1.071040	286.856964	94.883573	-286.856964	-229.616368	307.575033	75.370034	-307.575033	-95.454041	5.518090	
249	-2.395251	-8.713077	1.073765	260.708758	90.799811	-260.708758	-228.023537	291.931232	72.312193	-291.931232	-96.476884	5.391770	
250	-2.381003	-8.617812	1.074953	237.012919	86.457363	-237.012919	-224.693457	276.451064	69.271257	-276.451064	-97.046073	5.267321	
251	-2.343385	-8.498369	1.074729	215.660006	82.135038	-215.660006	-220.187244	261.423049	66.363478	-261.423049	-97.211308	5.144658	
252	-2.299318	-8.353117	1.073216	196.051700	78.118623	-196.051700	-215.329630	247.044971	63.720197	-247.044971	-97.010769	5.023701	
253	-2.272113	-8.198192	1.070552	177.595622	74.629023	-177.595622	-210.841048	233.420355	61.551501	-233.420355	-96.549608	4.904314	
254	-2.276851	-8.042560	1.066954	159.892039	71.759629	-159.892039	-207.100241	220.552770	59.989062	-220.552770	-95.861603	4.786266	
255	-2.316016	-7.882209	1.062683	142.797806	69.448577	-142.797806	-204.051720	208.292895	59.020495	-208.292895	-94.837317	4.669390	
256	-2.390993	-7.716771	1.057951	126.414508	67.548581	-126.414508	-201.416082	196.456162	58.578630	-196.456162	-93.363231	4.553745	
257	-2.506264	-7.550834	1.052906	110.787771	65.925965	-110.787771	-199.090941	184.984518	58.613920	-184.984518	-91.471095	4.439597	
258	-2.665429	-7.394916	1.047563	95.919453	64.461085	-95.919453	-197.062279	173.905512	59.080225	-173.905512	-89.307838	4.327278	
259	-2.866814	-7.262461	1.041725	81.906021	63.012538	-81.906021	-195.166178	163.234587	59.878279	-163.234587	-87.007981	4.217043	
260	-3.106700	-7.161365	1.035134	68.755496	61.465872	-68.755496	-193.310953	153.005385	60.884771	-153.005385	-84.676112	4.109016	
261	-3.382679	-7.091223	1.027691	56.271463	59.765119	-56.271463	-191.640497	143.290414	62.011726	-143.290414	-82.421517	4.003209	
262	-3.692272	-7.051167	1.019474	44.298884	57.861453	-44.298884	-190.263283	134.136110	63.198363	-134.136110	-80.336324	3.899575	
263	-4.034004	-7.048069	1.010648	32.800730	55.725030	-32.800730	-189.182820	125.571585	64.402292	-125.571585	-78.491095	3.797984	
264	-4.410732	-7.092114	1.001405	21.616185	53.407547	-21.616185	-188.576827	117.675123	65.626734	-117.675123	-76.956264	3.698091	
265	-4.823708	-7.185898	0.991904	10.487922	50.979534	-10.487922	-188.714668	110.510298	66.888929	-110.510298	-75.761380	3.599293	
266	-5.265928	-7.325926	0.982185	-0.652559	48.437945	0.652559	-189.609792	104.032659	68.174529	-104.032659	-74.868978	3.500847	
267	-5.727346	-7.504729	0.972175	-11.538506	45.682273	11.538506	-190.847124	98.077132	69.395380	-98.077132	-74.161726	3.402072	
268	-6.199296	-7.704023	0.961774	-21.670050	42.573526	21.670050	-191.717173	92.417525	70.364728	-92.417525	-73.457557	3.302647	
269	-6.672767	-7.901950	0.950935	-30.542638	39.056700	30.542638	-191.569088	86.877699	70.885345	-86.877699	-72.614219	3.202699	
270	-7.132101	-8.079351	0.939714	-37.792352	35.169515	37.792352	-189.834553	81.302879	70.774544	-81.302879	-71.517825	3.102640	
271	-7.550736	-8.210537	0.928240	-43.228747	31.000929	43.228747	-185.998233	75.512335	69.846988	-75.512335	-70.028307	3.003128	
272	-7.894789	-8.264781	0.916649	-46.855185	26.697803	46.855185	-179.938171	69.402013	68.034699	-69.402013	-68.061530	2.905067	
273	-8.128277	-8.218191	0.905090	-48.829919	22.410346	48.829919	-171.896320	62.962914	65.408230	-62.962914	-65.584215	2.809431	
274	-8.213838	-8.050771	0.893796	-49.297979	18.234552	49.297979	-162.003038	56.197549	62.016182	-56.197549	-62.495003	2.717189	
275	-8.106294	-7.735058	0.883067	-48.392564	14.243687	48.392564	-150.195513	49.101731	57.826834	-49.101731	-58.620911	2.629426	
276	-7.751079	-7.236139	0.873240	-46.364846	10.532738	46.364846	-136.376581	41.675669	52.767293	-41.675669	-53.775557	2.547451	
277	-7.092521	-6.519523	0.864721	-43.499570	7.227667	43.499570	-120.412837	33.936566	46.730426	-33.936566	-47.784791	2.472870	
278	-6.079003	-5.561166	0.857953	-39.825784	4.433291	39.825784	-102.116503	25.951115	39.620860	-25.951115	-40.564522	2.407552	
279	-4.670624	-4.352237	0.853331	-34.805010	2.169373	34.805010	-81.092342	17.816993	31.376063	-17.816993	-32.171267	2.353395	
280	-2.855274	-2.895111	0.851188	-27.555071	0.374957	27.555071	-56.644666	9.546824	21.913112	-9.546824	-22.726875	2.312123	
281	-0.655892	-1.201096	0.851826	-17.603303	-1.090923	17.603303	-28.078307	0.926303	11.154771	-0.926303	-12.360320	2.285326	
282	1.864380	0.697274	0.855550	-5.431984	-2.470827	5.431984	4.821414	-8.508533	-0.839659	8.508533	-1.259027	2.274612	
283	4.582002	2.716264	0.862596	7.488613	-4.061310	-7.488613	41.386386	-19.286189	-13.756791	19.286189	10.256982	2.281514	
284	7.285081	4.699025	0.872984	19.007540	-6.078602	-19.007540	79.641285	-31.621548	-26.889311	31.621548	21.626751	2.307058	
285	9.686945	6.442270	0.886378	26.903714	-8.525902	-26.903714	116.171619	-45.012184	-39.094510	45.012184	31.991593	2.350752	
286	11.316062	7.605249	0.902156	29.286853	-10.970250	-29.286853	144.193994	-57.136776	-48.112463	57.136776	39.509511	2.410430	
287	11.920412	7.997438	0.918752	26.766292	-12.734775	-26.766292	158.568832	-65.165113	-52.324280	65.165113	42.836902	2.477439	
