kww	// User ID
26-6-2021	// Evaluation date
p28_warmup_015	26-6-2021	09:55:12:660	// Source file name and timestamp
357.143	// Sampling rate
1.000	// Data capture period

1.880000	// height
96.900000	// mass


Sample #	elbVar	shldrIR	LwristLinVelo	thorJFPd	thorSTPd	UaJFPp	UaSTPp	UaJFPd	UaSTPd	FaJFPp	FaSTPp	RwristLinVelo	
0	-1.853194	-1.458943	1.841899	34.895682	-1.660945	-34.895682	17.188041	4.765030	-10.394965	-4.765030	13.338341	2.400421	
1	-1.375860	-1.289672	1.830106	32.699005	-0.817415	-32.699005	13.738771	4.422601	-8.310570	-4.422601	9.249063	2.441342	
2	-0.949465	-1.103768	1.817125	31.389122	0.069096	-31.389122	10.016839	4.687353	-6.283674	-4.687353	5.548040	2.476927	
3	-0.386681	-1.023863	1.804367	27.389163	0.794047	-27.389163	7.088972	3.137137	-3.816247	-3.137137	-0.037517	2.506449	
4	0.170955	-0.986970	1.794205	23.222133	1.358797	-23.222133	4.874978	1.055069	-1.373204	-1.055069	-5.853172	2.529094	
5	0.689923	-0.993873	1.787668	19.265105	1.731965	-19.265105	3.536217	-1.369981	0.853949	1.369981	-11.450044	2.544918	
6	1.133637	-1.033877	1.785333	15.828974	1.924902	-15.828974	3.036733	-3.777590	2.662429	3.777590	-16.305717	2.554486	
7	1.492590	-1.095619	1.787387	12.802899	1.972027	-12.802899	3.213934	-5.977520	3.967534	5.977520	-20.216336	2.558721	
8	1.770320	-1.162097	1.793847	10.112464	1.915727	-10.112464	3.846802	-7.864530	4.768778	7.864530	-23.137225	2.558585	
9	1.976562	-1.217159	1.804548	7.818202	1.788042	-7.818202	4.770310	-9.408734	5.119207	9.408734	-25.120981	2.554937	
10	2.126173	-1.250426	1.819130	5.980245	1.627107	-5.980245	5.804608	-10.586426	5.115435	10.586426	-26.304048	2.548539	
11	2.235972	-1.259297	1.837080	4.506988	1.472908	-4.506988	6.755386	-11.401656	4.869900	11.401656	-26.873555	2.540047	
12	2.316345	-1.250317	1.857764	3.225228	1.346500	-3.225228	7.518769	-11.899054	4.461007	11.899054	-26.980897	2.529990	
13	2.370988	-1.232107	1.880522	2.077573	1.253345	-2.077573	8.074936	-12.129189	3.938717	12.129189	-26.715466	2.518804	
14	2.402639	-1.207175	1.904838	1.146078	1.192662	-1.146078	8.438939	-12.141039	3.353545	12.141039	-26.145872	2.506881	
15	2.413985	-1.177887	1.930348	0.536981	1.157818	-0.536981	8.674886	-11.978144	2.742165	11.978144	-25.341372	2.494598	
16	2.411323	-1.144396	1.956698	0.319061	1.143470	-0.319061	8.824070	-11.690387	2.152306	11.690387	-24.385421	2.482266	
17	2.406163	-1.098618	1.983549	0.495605	1.151024	-0.495605	8.841804	-11.334671	1.662972	11.334671	-23.378135	2.470023	
18	2.406348	-1.038398	2.010706	1.006187	1.183175	-1.006187	8.701767	-10.927738	1.311477	10.927738	-22.394990	2.457834	
19	2.414164	-0.973271	2.038045	1.788940	1.242449	-1.788940	8.446422	-10.442819	1.075302	10.442819	-21.475107	2.445615	
20	2.429789	-0.911411	2.065347	2.796191	1.326645	-2.796191	8.129262	-9.869658	0.926883	9.869658	-20.627267	2.433305	
21	2.448327	-0.854602	2.092378	3.928456	1.419930	-3.928456	7.807951	-9.244380	0.838155	9.244380	-19.814312	2.420890	
22	2.464293	-0.797890	2.119092	5.049522	1.504903	-5.049522	7.518185	-8.616929	0.790806	8.616929	-18.999192	2.408408	
23	2.477602	-0.732816	2.145622	6.063424	1.577402	-6.063424	7.240437	-8.018731	0.790594	8.018731	-18.187930	2.395890	
24	2.487959	-0.657653	2.172178	6.874342	1.639382	-6.874342	6.952197	-7.473539	0.831487	7.473539	-17.386261	2.383316	
25	2.493274	-0.576412	2.199042	7.365723	1.691915	-7.365723	6.660384	-7.009379	0.892246	7.009379	-16.585588	2.370659	
26	2.491088	-0.493403	2.226540	7.529665	1.729483	-7.529665	6.419065	-6.648067	0.945687	6.648067	-15.774056	2.357926	
27	2.479609	-0.412061	2.254856	7.486196	1.741671	-7.486196	6.313925	-6.393929	0.961826	6.393929	-14.942317	2.345191	
28	2.463741	-0.331646	2.283871	7.353302	1.735514	-7.353302	6.350732	-6.224317	0.947592	6.224317	-14.117691	2.332541	
29	2.451347	-0.251105	2.313197	7.205453	1.735243	-7.205453	6.455593	-6.092498	0.933604	6.092498	-13.341490	2.319985	
30	2.444831	-0.172512	2.342338	7.069327	1.753178	-7.069327	6.587458	-5.958408	0.928083	5.958408	-12.621030	2.307444	
31	2.444703	-0.095046	2.370858	6.901377	1.788010	-6.901377	6.721234	-5.813570	0.938044	5.813570	-11.955621	2.294795	
32	2.452366	-0.015710	2.398453	6.664098	1.840795	-6.664098	6.805150	-5.668308	0.981709	5.668308	-11.355149	2.281891	
33	2.463778	0.062627	2.424934	6.373276	1.902903	-6.373276	6.839723	-5.541002	1.046435	5.541002	-10.799284	2.268613	
34	2.471613	0.132599	2.450122	6.022185	1.955727	-6.022185	6.872843	-5.448799	1.095431	5.448799	-10.246323	2.254939	
35	2.475818	0.192275	2.473697	5.583320	1.996338	-5.583320	6.907038	-5.386874	1.121297	5.386874	-9.692642	2.240913	
36	2.480428	0.245358	2.495230	5.058074	2.028100	-5.058074	6.937213	-5.348942	1.138309	5.348942	-9.157589	2.226573	
37	2.484555	0.292041	2.514273	4.460997	2.044819	-4.460997	6.999528	-5.341614	1.143400	5.341614	-8.636764	2.211957	
38	2.485900	0.328344	2.530344	3.836222	2.047264	-3.836222	7.115718	-5.358963	1.124599	5.358963	-8.118194	2.197136	
39	2.486652	0.352385	2.542927	3.243324	2.049695	-3.243324	7.249563	-5.379927	1.087823	5.379927	-7.609839	2.182197	
40	2.490413	0.365084	2.551578	2.686746	2.065805	-2.686746	7.334393	-5.381944	1.052300	5.381944	-7.126682	2.167202	
41	2.496896	0.367739	2.556005	2.131390	2.093981	-2.131390	7.344794	-5.358923	1.026112	5.358923	-6.668384	2.152185	
42	2.504158	0.362151	2.556051	1.556528	2.122945	-1.556528	7.308350	-5.317378	1.003926	5.317378	-6.226404	2.137172	
43	2.512554	0.349468	2.551736	0.958263	2.153999	-0.958263	7.243038	-5.241432	0.979155	5.241432	-5.797288	2.122171	
44	2.520570	0.327101	2.543438	0.339694	2.192783	-0.339694	7.161608	-5.113881	0.936202	5.113881	-5.366617	2.107165	
45	2.521059	0.289974	2.532171	-0.291629	2.223346	0.291629	7.123264	-4.961859	0.843645	4.961859	-4.896737	2.092200	
46	2.506216	0.235438	2.519655	-0.918794	2.219477	0.918794	7.201252	-4.821611	0.674573	4.821611	-4.350983	2.077447	
47	2.475924	0.165281	2.507916	-1.476543	2.177693	1.476543	7.404050	-4.685849	0.433954	4.685849	-3.730689	2.063150	
48	2.440379	0.088449	2.498693	-1.887694	2.117995	1.887694	7.661835	-4.533765	0.164043	4.533765	-3.082861	2.049515	
49	2.411434	0.021239	2.493172	-2.187834	2.055295	2.187834	7.886439	-4.379712	-0.084617	4.379712	-2.462498	2.036594	
50	2.392343	-0.026836	2.492032	-2.466088	1.988906	2.466088	8.034413	-4.249034	-0.292116	4.249034	-1.889135	2.024294	
51	2.378706	-0.061507	2.495560	-2.705518	1.912753	2.705518	8.119495	-4.140228	-0.471429	4.140228	-1.347844	2.012523	
52	2.366568	-0.089046	2.503801	-2.847568	1.821374	2.847568	8.170407	-4.042939	-0.634333	4.042939	-0.826537	2.001266	
53	2.356555	-0.105316	2.516663	-2.920339	1.711047	2.920339	8.194215	-3.961468	-0.772480	3.961468	-0.335946	1.990521	
54	2.352133	-0.104189	2.533933	-2.994828	1.584140	2.994828	8.181920	-3.892699	-0.870477	3.892699	0.103677	1.980225	
55	2.356211	-0.085538	2.555241	-3.121370	1.450948	3.121370	8.121060	-3.810414	-0.921684	3.810414	0.478674	1.970238	
56	2.367874	-0.053067	2.580050	-3.336550	1.318865	3.336550	8.014364	-3.703588	-0.935749	3.703588	0.790519	1.960359	
57	2.383127	-0.009212	2.607779	-3.648993	1.186920	3.648993	7.886220	-3.596882	-0.932372	3.596882	1.053399	1.950391	
58	2.399608	0.047070	2.637934	-4.034280	1.055915	4.034280	7.749959	-3.514174	-0.921416	3.514174	1.277371	1.940164	
59	2.416698	0.115586	2.670122	-4.453951	0.928587	4.453951	7.610405	-3.461573	-0.902514	3.461573	1.466648	1.929510	
60	2.431874	0.188736	2.704062	-4.852636	0.801110	4.852636	7.502137	-3.440182	-0.885670	3.440182	1.637892	1.918305	
61	2.442196	0.256134	2.739569	-5.189171	0.669664	5.189171	7.462202	-3.437683	-0.888849	3.437683	1.815984	1.906548	
62	2.448582	0.312787	2.776482	-5.469950	0.541742	5.469950	7.483719	-3.417235	-0.917413	3.417235	2.011807	1.894311	
63	2.454930	0.354228	2.814637	-5.662808	0.434700	5.662808	7.539134	-3.320700	-0.968063	3.320700	2.224980	1.881662	
64	2.464558	0.374649	2.853897	-5.666072	0.363700	5.666072	7.616307	-3.100663	-1.041474	3.100663	2.454527	1.868689	
65	2.478726	0.378931	2.894172	-5.480704	0.329777	5.480704	7.714538	-2.777998	-1.136494	2.777998	2.693284	1.855507	
66	2.495832	0.378668	2.935424	-5.225475	0.321812	5.225475	7.836041	-2.420655	-1.249555	2.420655	2.932126	1.842207	
67	2.512331	0.377172	2.977566	-4.928536	0.326667	4.928536	7.993190	-2.065042	-1.381595	2.065042	3.170973	1.828878	
68	2.526322	0.372380	3.020404	-4.523915	0.334383	4.523915	8.205362	-1.712288	-1.535947	1.712288	3.417032	1.815612	
69	2.538502	0.362877	3.063699	-3.993888	0.340437	3.993888	8.479783	-1.363960	-1.716296	1.363960	3.681299	1.802453	
70	2.549642	0.346869	3.107224	-3.352119	0.346582	3.352119	8.798209	-1.024152	-1.920547	1.024152	3.968644	1.789402	
71	2.560035	0.325172	3.150799	-2.603598	0.355473	2.603598	9.128745	-0.693296	-2.134300	0.693296	4.267553	1.776468	
72	2.569902	0.303196	3.194302	-1.824426	0.362395	1.824426	9.453663	-0.379808	-2.341757	0.379808	4.560374	1.763671	
73	2.578323	0.286173	3.237647	-1.138160	0.356423	1.138160	9.777836	-0.103675	-2.538282	0.103675	4.837277	1.751012	
74	2.583580	0.274877	3.280741	-0.565029	0.327825	0.565029	10.123205	0.122385	-2.730633	-0.122385	5.100905	1.738478	
75	2.584693	0.268013	3.323457	-0.056261	0.270846	0.056261	10.516074	0.301671	-2.929241	-0.301671	5.361480	1.726083	
76	2.580936	0.264354	3.365614	0.384780	0.182775	-0.384780	10.971769	0.443680	-3.140774	-0.443680	5.624806	1.713876	
77	2.571011	0.260922	3.407036	0.753392	0.062887	-0.753392	11.496843	0.556676	-3.368784	-0.556676	5.889186	1.701902	
78	2.555509	0.256482	3.447622	1.088994	-0.086773	-1.088994	12.092753	0.643806	-3.615992	-0.643806	6.152073	1.690186	
79	2.539106	0.254563	3.487408	1.425330	-0.260183	-1.425330	12.752349	0.701251	-3.884443	-0.701251	6.416650	1.678732	
80	2.527413	0.259639	3.526638	1.740523	-0.446957	-1.740523	13.444180	0.725905	-4.169012	-0.725905	6.683870	1.667516	
81	2.520145	0.273922	3.565682	1.964234	-0.638729	-1.964234	14.123075	0.712135	-4.456261	-0.712135	6.943006	1.656494	
82	2.510410	0.293465	3.604835	2.115305	-0.837705	-2.115305	14.791828	0.644466	-4.742947	-0.644466	7.189819	1.645617	
83	2.496209	0.309880	3.644322	2.342999	-1.045552	-2.342999	15.491571	0.531597	-5.036184	-0.531597	7.434392	1.634881	
84	2.486324	0.320598	3.684408	2.759154	-1.249800	-2.759154	16.221465	0.421613	-5.329859	-0.421613	7.677111	1.624323	
85	2.489213	0.329092	3.725345	3.390755	-1.437110	-3.390755	16.952634	0.350619	-5.610475	-0.350619	7.909830	1.613956	
86	2.505458	0.336191	3.767300	4.262335	-1.609725	-4.262335	17.707000	0.322480	-5.885911	-0.322480	8.146814	1.603774	
87	2.532035	0.341394	3.810343	5.358326	-1.776375	-5.358326	18.528047	0.327636	-6.174791	-0.327636	8.413157	1.593786	
88	2.566102	0.349277	3.854453	6.553665	-1.934046	-6.553665	19.384284	0.340781	-6.470327	-0.340781	8.703900	1.584019	
89	2.606457	0.365976	3.899597	7.673898	-2.071295	-7.673898	20.196165	0.333930	-6.750069	-0.333930	8.997357	1.574484	
90	2.651721	0.393558	3.945794	8.569749	-2.182018	-8.569749	20.917615	0.287291	-7.004914	-0.287291	9.286544	1.565179	
91	2.695949	0.432703	3.992964	9.120009	-2.263275	-9.120009	21.525037	0.166956	-7.235228	-0.166956	9.570748	1.556113	
92	2.734594	0.485402	4.040808	9.278704	-2.310630	-9.278704	22.011086	-0.055002	-7.444678	0.055002	9.852659	1.547298	
93	2.773849	0.551963	4.088917	9.106811	-2.324147	-9.106811	22.415323	-0.350897	-7.644391	0.350897	10.150690	1.538755	
94	2.822586	0.630112	4.136917	8.655419	-2.309401	-8.655419	22.791891	-0.670393	-7.845421	0.670393	10.486247	1.530507	
95	2.879852	0.714211	4.184486	7.933081	-2.272954	-7.933081	23.174280	-1.004912	-8.054877	1.004912	10.870134	1.522571	
96	2.939875	0.789505	4.231287	7.118144	-2.225670	-7.118144	23.602265	-1.347505	-8.281869	1.347505	11.312285	1.515011	
97	3.001559	0.839907	4.276960	6.520897	-2.181006	-6.520897	24.108517	-1.653589	-8.529758	1.653589	11.818858	1.508002	
98	3.065685	0.865862	4.321253	6.159311	-2.141359	-6.159311	24.665577	-1.910196	-8.789133	1.910196	12.379569	1.501772	
99	3.132029	0.880205	4.364111	5.788084	-2.099687	-5.788084	25.224390	-2.143099	-9.052288	2.143099	12.980537	1.496491	
100	3.200642	0.893711	4.405566	5.271774	-2.051953	-5.271774	25.779073	-2.366202	-9.323709	2.366202	13.619876	1.492254	
101	3.267771	0.913369	4.445620	4.517547	-1.997063	-4.517547	26.348288	-2.606402	-9.610037	2.606402	14.296830	1.489099	
102	3.329041	0.937365	4.484267	3.508280	-1.942535	-3.508280	26.978909	-2.880723	-9.919593	2.880723	15.012432	1.487030	
103	3.388282	0.953031	4.521570	2.545428	-1.908668	-2.545428	27.757142	-3.148084	-10.267553	3.148084	15.780761	1.486101	
104	3.452999	0.953557	4.557666	1.932506	-1.910232	-1.932506	28.737011	-3.376699	-10.661711	3.376699	16.611334	1.486474	
105	3.526100	0.944399	4.592771	1.629601	-1.948434	-1.629601	29.907167	-3.591883	-11.098462	3.591883	17.500154	1.488341	
106	3.605693	0.933308	4.627115	1.448888	-2.021468	-1.448888	31.226014	-3.831176	-11.569948	3.831176	18.436444	1.491843	
107	3.688791	0.929552	4.660860	1.228455	-2.125274	-1.228455	32.635407	-4.115053	-12.061774	4.115053	19.398089	1.497034	
108	3.774342	0.946430	4.694132	0.793798	-2.249432	-0.793798	34.064541	-4.455160	-12.559001	4.455160	20.358299	1.503859	
109	3.863257	0.998230	4.727099	-0.091243	-2.380094	0.091243	35.441553	-4.868156	-13.055309	4.868156	21.298728	1.512145	
110	3.956638	1.093637	4.759989	-1.649121	-2.508415	1.649121	36.723492	-5.354897	-13.555391	5.354897	22.215522	1.521626	
111	4.053343	1.223036	4.793065	-3.786331	-2.643588	3.786331	37.966211	-5.869193	-14.081930	5.869193	23.129100	1.532037	
112	4.151699	1.360585	4.826536	-6.023537	-2.812205	6.023537	39.308434	-6.353350	-14.669776	6.353350	24.076410	1.543250	
113	4.254193	1.489223	4.860431	-7.952438	-3.035412	7.952438	40.838758	-6.784489	-15.344727	6.784489	25.086382	1.555313	
114	4.363043	1.608319	4.894639	-9.539860	-3.315892	9.539860	42.564326	-7.161706	-16.120477	7.161706	26.175199	1.568367	
115	4.473889	1.719984	4.929089	-10.908039	-3.643074	10.908039	44.475699	-7.499909	-17.002072	7.499909	27.343044	1.582589	
116	4.581439	1.825259	4.963779	-12.123028	-3.995758	12.123028	46.592368	-7.866937	-17.987557	7.866937	28.578661	1.598142	
117	4.684503	1.921842	4.998633	-13.146580	-4.355915	13.146580	48.977185	-8.359596	-19.077499	8.359596	29.882566	1.615155	
118	4.783809	2.011468	5.033485	-14.025913	-4.710218	14.025913	51.643252	-9.049634	-20.272137	9.049634	31.262991	1.633763	
119	4.880949	2.111922	5.068196	-15.074391	-5.035757	15.074391	54.490455	-9.963622	-21.564266	9.963622	32.721692	1.654131	
120	4.976481	2.227669	5.102620	-16.255203	-5.345270	16.255203	57.441955	-10.999106	-22.941590	10.999106	34.256618	1.676419	
121	5.069082	2.326385	5.136501	-16.813025	-5.716413	16.813025	60.592918	-11.982182	-24.397248	11.982182	35.876801	1.700775	
122	5.160256	2.371106	5.169545	-15.965516	-6.231909	15.965516	64.128455	-12.866957	-25.936200	12.866957	37.613145	1.727431	
123	5.252015	2.358542	5.201516	-13.651849	-6.907411	13.651849	68.018954	-13.728459	-27.538639	13.728459	39.462762	1.756709	
124	5.338464	2.311056	5.232222	-10.405533	-7.688067	10.405533	71.982650	-14.648199	-29.135522	14.648199	41.350734	1.788858	
125	5.413736	2.233380	5.261447	-6.364633	-8.558173	6.364633	75.899130	-15.653187	-30.672055	15.653187	43.232230	1.823969	
126	5.482224	2.127109	5.288874	-1.574868	-9.546250	1.574868	79.801045	-16.749172	-32.139840	16.749172	45.133012	1.862124	
127	5.547383	2.027209	5.314077	3.048762	-10.595081	-3.048762	83.473901	-17.981541	-33.516168	17.981541	47.040595	1.903411	
128	5.602627	1.958634	5.336617	6.666283	-11.619211	-6.666283	86.609108	-19.361868	-34.748995	19.361868	48.887574	1.947769	
129	5.641766	1.910352	5.356206	9.335933	-12.624348	-9.335933	89.127042	-20.800519	-35.806316	20.800519	50.628149	1.994917	
130	5.666145	1.868875	5.372879	11.406856	-13.665095	-11.406856	91.085478	-22.181162	-36.686948	22.181162	52.245028	2.044442	
131	5.677774	1.830421	5.386976	13.046215	-14.776260	-13.046215	92.537967	-23.447704	-37.396423	23.447704	53.718992	2.095905	
132	5.676991	1.793005	5.398984	14.356418	-15.978048	-14.356418	93.581424	-24.584286	-37.954356	24.584286	55.047920	2.148867	
133	5.667989	1.759201	5.409488	15.396801	-17.288232	-15.396801	94.364815	-25.582657	-38.410977	25.582657	56.272211	2.202908	
134	5.658659	1.737472	5.419072	16.059837	-18.708128	-16.059837	94.991750	-26.443839	-38.826706	26.443839	57.448339	2.257738	
135	5.652568	1.728244	5.427990	16.313732	-20.239332	-16.313732	95.504445	-27.164972	-39.235532	27.164972	58.605494	2.313254	
136	5.645095	1.719449	5.436121	16.373629	-21.900436	-16.373629	95.938737	-27.747877	-39.634721	27.747877	59.733753	2.369483	
137	5.630323	1.695149	5.443518	16.568882	-23.732521	-16.568882	96.333239	-28.199156	-40.009640	28.199156	60.810402	2.426425	
138	5.605453	1.642546	5.450691	17.156851	-25.782626	-17.156851	96.695885	-28.518583	-40.346179	28.518583	61.807425	2.483967	
139	5.566050	1.556468	5.458037	18.210923	-28.044375	-18.210923	97.000690	-28.734662	-40.614109	28.734662	62.668432	2.541927	
140	5.505733	1.434071	5.465437	19.753484	-30.484152	-19.753484	97.253688	-28.919175	-40.776024	28.919175	63.335819	2.600163	
141	5.423922	1.271829	5.472589	21.901381	-33.133655	-21.901381	97.548042	-29.127680	-40.825621	29.127680	63.804864	2.658598	
142	5.324230	1.073922	5.479331	24.726025	-36.046857	-24.726025	97.992502	-29.373599	-40.779430	29.373599	64.091821	2.717145	
143	5.207665	0.863112	5.485626	27.847382	-39.141724	-27.847382	98.575093	-29.662279	-40.649555	29.662279	64.183860	2.775635	
144	5.077419	0.671437	5.491515	30.594672	-42.239603	-30.594672	99.210040	-29.996514	-40.467266	29.996514	64.087060	2.833848	
145	4.939413	0.512009	5.497045	32.773097	-45.275411	-32.773097	99.896878	-30.383207	-40.276816	30.383207	63.848981	2.891606	
146	4.795284	0.376812	5.502242	34.799324	-48.325707	-34.799324	100.671190	-30.808293	-40.089102	30.808293	63.494753	2.948805	
147	4.641372	0.251058	5.507133	37.344117	-51.536476	-37.344117	101.494634	-31.175662	-39.868719	31.175662	62.992468	3.005332	
148	4.466649	0.111221	5.511663	40.978414	-55.082501	-40.978414	102.336484	-31.408347	-39.533754	31.408347	62.270094	3.061030	
149	4.260687	-0.067639	5.515617	45.883945	-59.133149	-45.883945	103.313821	-31.589888	-39.023662	31.589888	61.314833	3.115758	
150	4.030707	-0.291873	5.518663	52.003768	-63.895075	-52.003768	104.710290	-31.885563	-38.394015	31.885563	60.262325	3.169494	
151	3.788294	-0.557752	5.520403	59.286285	-69.598708	-59.286285	106.800481	-32.418144	-37.716535	32.418144	59.245328	3.222349	
152	3.529096	-0.872292	5.520437	67.589634	-76.419269	-67.589634	109.718685	-33.283704	-36.964367	33.283704	58.266726	3.274459	
153	3.246853	-1.245616	5.518379	76.570320	-84.520930	-76.570320	113.584784	-34.602009	-36.122589	34.602009	57.353052	3.325939	
154	2.944937	-1.678387	5.513791	85.781218	-94.105419	-85.781218	118.553544	-36.486241	-35.249728	36.486241	56.608405	3.376963	
155	2.626094	-2.167892	5.506183	94.759759	-105.369533	-94.759759	124.700182	-38.990441	-34.390744	38.990441	56.084466	3.427744	
156	2.291924	-2.709733	5.495088	102.933145	-118.492003	-102.933145	132.042622	-42.131505	-33.583087	42.131505	55.792937	3.478487	
157	1.953044	-3.286686	5.480073	109.445780	-133.615524	-109.445780	140.616437	-45.946516	-32.935151	45.946516	55.808108	3.529447	
158	1.623494	-3.873939	5.460663	113.216565	-150.826665	-113.216565	150.478993	-50.515326	-32.591850	50.515326	56.236470	3.580986	
159	1.308742	-4.455950	5.436304	113.271116	-170.215641	-113.271116	161.718177	-55.929513	-32.646103	55.929513	57.114705	3.633488	
160	1.011344	-5.019227	5.406393	108.816148	-191.836220	-108.816148	174.373538	-62.242859	-33.139637	62.242859	58.392542	3.687276	
161	0.739880	-5.539662	5.370286	99.062967	-215.584549	-99.062967	188.351524	-69.485763	-34.110351	69.485763	60.007503	3.742552	
162	0.505171	-5.993531	5.327288	83.367285	-241.277613	-83.367285	203.539101	-77.735310	-35.604418	77.735310	61.951758	3.799389	
163	0.316756	-6.364544	5.276726	61.507516	-268.783553	-61.507516	219.892375	-87.114129	-37.643936	87.114129	64.232736	3.857824	
164	0.186302	-6.632543	5.218100	33.686142	-297.947588	-33.686142	237.297380	-97.716403	-40.169889	97.716403	66.766274	3.917927	
165	0.127404	-6.773461	5.151170	0.444668	-328.505104	-0.444668	255.482205	-109.593778	-43.014953	109.593778	69.346192	3.979745	
166	0.152440	-6.771142	5.075938	-37.346462	-360.252088	37.346462	274.221382	-122.845950	-45.952756	122.845950	71.734419	4.043232	
167	0.270762	-6.620000	4.992619	-78.581395	-393.221501	78.581395	293.537418	-137.702390	-48.766318	137.702390	73.748374	4.108223	
168	0.485479	-6.324489	4.901676	-122.027274	-427.561187	122.027274	313.663933	-154.473257	-51.269477	154.473257	75.249507	4.174432	
169	0.792149	-5.902164	4.803827	-166.412180	-463.426334	166.412180	335.024395	-173.461135	-53.319865	173.461135	76.116822	4.241522	
170	1.182013	-5.383482	4.699982	-210.638098	-501.132668	210.638098	358.374040	-194.972627	-54.870840	194.972627	76.299594	4.309251	
171	1.648760	-4.801134	4.591203	-253.954592	-541.272400	253.954592	384.841176	-219.365926	-55.988863	219.365926	75.844839	4.377597	
172	2.191049	-4.176094	4.478687	-295.907315	-584.460112	295.907315	415.603521	-246.977770	-56.761755	246.977770	74.793225	4.446758	
173	2.807723	-3.518457	4.363663	-336.205598	-630.977870	336.205598	451.549627	-278.001802	-57.244628	278.001802	73.129328	4.517027	
174	3.496117	-2.836473	4.247229	-374.655213	-680.791240	374.655213	493.319180	-312.480182	-57.518483	312.480182	70.869637	4.588714	
175	4.253103	-2.137457	4.130203	-411.204959	-733.706143	411.204959	541.384427	-350.327386	-57.691865	350.327386	68.069858	4.662116	
176	5.073393	-1.423805	4.013074	-446.056717	-789.297692	446.056717	595.881155	-391.287778	-57.821893	391.287778	64.738144	4.737401	
177	5.948999	-0.690366	3.896039	-479.764140	-846.915159	479.764140	656.468823	-434.963357	-57.855044	434.963357	60.788922	4.814461	
178	6.870987	0.065487	3.779046	-513.035364	-906.009377	513.035364	722.668226	-480.983846	-57.717172	480.983846	56.156320	4.892841	
179	7.825200	0.818172	3.661889	-546.224510	-966.314571	546.224510	794.477759	-528.896360	-57.594097	528.896360	51.085284	4.971912	
180	8.787826	1.515888	3.544209	-579.539187	-1027.560957	579.539187	872.147780	-577.822947	-57.897691	577.822947	46.099407	5.051078	
181	9.736283	2.125182	3.425416	-613.667290	-1088.970792	613.667290	954.966276	-626.600845	-58.750055	626.600845	41.492613	5.129594	
182	10.659515	2.652455	3.304745	-649.476296	-1148.981612	649.476296	1040.619438	-674.151295	-59.752671	674.151295	37.098168	5.206309	
183	11.554363	3.123356	3.181486	-687.523242	-1205.447803	687.523242	1125.686000	-719.475896	-60.251722	719.475896	32.534386	5.279674	
184	12.420731	3.565323	3.055292	-728.205543	-1256.146313	728.205543	1206.388144	-761.625797	-59.576921	761.625797	27.415737	5.347910	
185	13.256134	3.998058	2.926462	-771.811442	-1299.150676	771.811442	1279.189554	-799.798006	-57.152765	799.798006	21.446802	5.409239	
186	14.053981	4.427255	2.796015	-818.298268	-1332.897610	818.298268	1341.146671	-833.295808	-52.574823	833.295808	14.474861	5.462098	
187	14.808035	4.849845	2.665462	-867.272130	-1356.197262	867.272130	1389.950706	-861.537497	-45.553390	861.537497	6.413675	5.505255	
188	15.510475	5.263041	2.536340	-917.681376	-1368.018666	917.681376	1423.550472	-884.202929	-35.820114	884.202929	-2.847107	5.537879	
189	16.152836	5.671292	2.409908	-967.250702	-1367.219396	967.250702	1439.862309	-901.389531	-23.156635	901.389531	-13.457435	5.559680	
190	16.732798	6.082534	2.287107	-1013.154409	-1353.024749	1013.154409	1437.556280	-913.649645	-7.486715	913.649645	-25.580077	5.571082	
191	17.254054	6.501648	2.168414	-1053.333222	-1325.547507	1053.333222	1416.741720	-921.848315	11.107588	921.848315	-39.364656	5.573269	
192	17.725000	6.936709	2.053790	-1086.511770	-1285.534703	1086.511770	1378.420030	-927.090502	32.452964	927.090502	-54.967224	5.568185	
193	18.160488	7.401593	1.942901	-1111.915786	-1234.251864	1111.915786	1324.163291	-930.852430	56.351975	930.852430	-72.568488	5.558614	
194	18.579635	7.909326	1.835197	-1129.622898	-1173.531297	1129.622898	1256.153336	-934.974760	82.654863	934.974760	-92.369580	5.548218	
195	19.002055	8.469816	1.729945	-1140.422355	-1105.390354	1140.422355	1176.702788	-941.302452	111.307803	941.302452	-114.581592	5.541431	
196	19.450823	9.093367	1.626501	-1145.744154	-1031.945808	1145.744154	1088.032639	-951.612494	142.434333	951.612494	-139.488818	5.543191	
197	19.955125	9.796893	1.524573	-1147.744488	-955.556885	1147.744488	992.210806	-968.060012	176.483800	968.060012	-167.571179	5.558699	
198	20.542820	10.605989	1.424174	-1148.385347	-878.494975	1148.385347	890.644301	-993.196263	214.213722	993.196263	-199.474287	5.593256	
199	21.230857	11.549587	1.325475	-1148.604637	-802.550069	1148.604637	783.660979	-1029.259687	256.468685	1029.259687	-235.816890	5.651997	
200	22.025820	12.662799	1.228843	-1147.998946	-728.901399	1147.998946	670.305128	-1077.837553	304.050800	1077.837553	-277.116693	5.739571	
201	22.929695	13.994105	1.134939	-1144.660308	-658.301851	1144.660308	548.693032	-1140.238629	357.636982	1140.238629	-323.795802	5.859989	
202	23.938906	15.593577	1.044676	-1135.601925	-591.338347	1135.601925	417.081753	-1217.318724	417.452839	1217.318724	-375.927004	6.016535	
203	25.038991	17.494568	0.959103	-1117.311739	-528.323525	1117.311739	274.599429	-1308.499579	482.883163	1308.499579	-432.858916	6.211464	
204	26.202822	19.707499	0.879294	-1085.856400	-469.097122	1085.856400	121.518906	-1411.155278	552.284689	1411.155278	-493.040759	6.445597	
205	27.398824	22.224467	0.806238	-1036.992701	-413.178102	1036.992701	-40.400005	-1520.962988	623.085149	1520.962988	-554.133350	6.718099	
206	28.599297	25.025079	0.740726	-967.703441	-360.242953	967.703441	-207.534319	-1632.474947	691.999859	1632.474947	-613.195694	7.026606	
207	29.780401	28.074171	0.683192	-877.996220	-310.535100	877.996220	-374.232308	-1739.273359	755.185811	1739.273359	-666.796113	7.367513	
208	30.931783	31.325606	0.633575	-770.111731	-264.774940	770.111731	-533.518925	-1834.422959	808.735245	1834.422959	-711.448870	7.736234	
209	32.066573	34.731101	0.591365	-646.688657	-223.659160	646.688657	-678.405570	-1911.155520	849.351354	1911.155520	-744.252182	8.127516	
210	33.206817	38.234074	0.555749	-511.107822	-187.653643	511.107822	-802.362782	-1963.224998	874.480248	1963.224998	-763.125010	8.535854	
211	34.359787	41.758606	0.525697	-368.056506	-157.043924	368.056506	-899.369830	-1985.206331	881.989110	1985.206331	-766.664637	8.955848	
212	35.505334	45.205786	0.500032	-221.979864	-131.486476	221.979864	-965.084390	-1972.405678	869.883488	1972.405678	-753.923745	9.382368	
213	36.592789	48.453426	0.477627	-76.748613	-109.642052	76.748613	-998.165444	-1920.926815	836.306093	1920.926815	-724.306139	9.810473	
214	37.560494	51.368673	0.457612	62.310782	-89.538296	-62.310782	-1000.613423	-1828.970597	780.334609	1828.970597	-678.069611	10.235271	
215	38.382095	53.843022	0.439383	187.680868	-69.101229	-187.680868	-977.841129	-1698.280093	703.407507	1698.280093	-617.408002	10.651945	
216	39.089493	55.822075	0.422577	291.648583	-46.680162	-291.648583	-937.535619	-1534.500118	609.470167	1534.500118	-546.583095	11.055894	
217	39.750611	57.302797	0.407004	369.326373	-21.509329	-369.326373	-886.835415	-1346.681454	503.462393	1346.681454	-470.712912	11.442974	
218	40.450231	58.321096	0.392451	420.305789	6.091597	-420.305789	-829.727674	-1146.608736	390.111827	1146.608736	-394.960672	11.809942	
219	41.292039	58.955676	0.378588	447.756391	34.156308	-447.756391	-764.090898	-948.372373	273.293867	948.372373	-324.419696	12.154963	
220	42.381995	59.324959	0.365169	456.439723	58.501691	-456.439723	-678.976096	-767.241819	154.728433	767.241819	-263.212669	12.478095	
221	43.781597	59.554949	0.352216	450.960694	73.416043	-450.960694	-555.738603	-617.511148	32.629485	617.511148	-212.913222	12.781788	
222	45.464003	59.739707	0.339962	433.967834	73.244133	-433.967834	-372.704407	-510.432767	-98.319838	510.432767	-171.544160	13.071166	
223	47.291087	59.912619	0.328707	404.747890	54.334558	-404.747890	-111.796984	-452.049480	-245.264393	452.049480	-133.979222	13.353619	
224	49.000568	60.016098	0.318688	358.429959	17.228336	-358.429959	233.851109	-441.234545	-414.034834	441.234545	-93.962787	13.637197	
225	50.196166	59.854003	0.309926	285.823223	-31.160226	-285.823223	651.383489	-468.209364	-604.526729	468.209364	-47.958220	13.927432	
226	50.366921	59.048321	0.302084	176.152493	-75.782113	-176.152493	1098.337886	-512.193787	-804.253158	512.193787	-2.069667	14.222065	
227	48.971188	57.052505	0.294427	26.148454	-94.413526	-26.148454	1498.672183	-540.136242	-982.630789	540.136242	19.151798	14.503997	
228	45.606632	53.275293	0.285983	-142.362993	-64.243362	142.362993	1758.493837	-511.619747	-1092.923315	511.619747	-30.659213	14.735057	
229	40.270857	47.370332	0.275857	-263.355965	25.037280	263.355965	1811.296399	-394.005876	-1090.883298	394.005876	-202.470780	14.856159	
230	33.605935	39.580676	0.263409	-234.859097	156.754709	234.859097	1675.368014	-186.618768	-967.888670	186.618768	-501.948902	14.802360	
231	26.838400	30.758530	0.248387	5.928597	286.124737	-5.928597	1455.506218	63.680684	-766.158804	-63.680684	-835.399628	14.537690	
232	21.259961	21.904388	0.231150	365.903368	363.397294	-365.903368	1245.044498	283.833380	-543.710845	-283.833380	-1031.623813	14.094723	
233	17.598265	13.685730	0.212772	581.474833	364.836128	-581.474833	1035.272426	426.225579	-327.229868	-426.225579	-965.640290	13.581191	
234	15.807129	6.289109	0.194999	403.590765	301.052406	-403.590765	761.481147	496.179482	-117.538249	-496.179482	-661.211724	13.130692	
235	15.344939	-0.587723	0.180107	-178.901640	199.459424	178.901640	401.884681	528.558466	76.277607	-528.558466	-255.261826	12.830346	
236	15.583051	-7.506921	0.170470	-912.320644	84.175777	912.320644	0.988114	552.550773	228.043255	-552.550773	114.326556	12.686561	
237	16.041244	-14.600610	0.167656	-1438.202848	-30.252495	1438.202848	-348.317193	582.308229	303.826968	-582.308229	375.811967	12.646915	
238	16.358186	-21.009458	0.171591	-1494.225834	-133.812846	1494.225834	-529.429234	625.928085	277.955113	-625.928085	517.175245	12.642331	
239	16.152843	-25.290046	0.180623	-1043.476826	-215.178578	1043.476826	-469.482546	690.190973	159.506814	-690.190973	549.249358	12.614208	
240	15.052941	-26.599977	0.192518	-250.975533	-262.468822	250.975533	-211.088767	774.966955	2.645354	-774.966955	484.573230	12.522397	
241	12.873002	-25.398831	0.205498	650.250617	-269.532967	-650.250617	107.019549	867.708421	-123.804370	-867.708421	342.675166	12.345887	
242	9.703654	-22.997996	0.218780	1470.531039	-240.083545	-1470.531039	346.156740	947.749085	-177.398300	-947.749085	157.696974	12.082781	
243	5.861995	-20.684839	0.232630	2099.200458	-185.661359	-2099.200458	437.391015	996.881276	-154.615838	-996.881276	-28.623287	11.748413	
244	1.782130	-19.220077	0.248007	2492.096635	-120.263980	-2492.096635	384.015865	1006.600541	-77.630091	-1006.600541	-181.359562	11.370144	
245	-2.101574	-18.787659	0.265965	2647.803051	-55.598217	-2647.803051	230.016766	978.455525	23.288148	-978.455525	-281.593967	10.979849	
246	-5.431045	-19.181457	0.287066	2592.453298	1.060791	-2592.453298	30.090397	920.732477	120.424293	-920.732477	-326.251286	10.606750	
247	-7.967572	-20.056772	0.311022	2370.092003	46.820700	-2370.092003	-167.730158	845.505116	192.947670	-845.505116	-323.034010	10.272785	
248	-9.609137	-21.106173	0.336665	2032.123813	82.104738	-2032.123813	-328.483840	766.802794	228.185764	-766.802794	-284.745949	9.990692	
249	-10.368874	-22.101124	0.362258	1629.200073	109.128126	-1629.200073	-430.411621	699.016800	221.522520	-699.016800	-224.610807	9.763917	
250	-10.344731	-22.869537	0.385889	1209.322774	130.400303	-1209.322774	-464.188443	655.364283	175.862937	-655.364283	-153.734339	9.587679	
251	-9.686032	-23.263992	0.405718	817.981017	147.638160	-817.981017	-433.125844	645.975730	100.461480	-645.975730	-80.466773	9.450817	
252	-8.545949	-23.131190	0.420160	494.802366	161.261509	-494.802366	-352.400749	675.596246	8.894561	-675.596246	-10.887955	9.338090	
253	-7.054545	-22.314151	0.428009	268.091662	170.474542	-268.091662	-245.954461	742.249340	-83.564322	-742.249340	50.336525	9.232761	
254	-5.327156	-20.690876	0.428393	151.129458	173.702546	-151.129458	-141.950700	837.435486	-162.815351	-837.435486	99.509329	9.119156	
255	-3.482744	-18.226378	0.420747	141.460732	169.330501	-141.460732	-67.360631	947.516426	-218.327667	-947.516426	133.994359	8.984646	
256	-1.652043	-15.012139	0.404941	223.027505	156.749537	-223.027505	-42.310692	1056.682730	-244.968951	-1056.682730	152.710558	8.820819	
257	0.038936	-11.252774	0.381394	370.016061	137.251044	-370.016061	-75.901250	1150.595598	-243.560885	-1150.595598	156.445710	8.623914	
258	1.485766	-7.230245	0.351172	551.660716	114.089730	-551.660716	-162.985958	1218.804877	-219.808567	-1218.804877	147.654648	8.394852	
259	2.605812	-3.279515	0.316199	737.654293	91.464281	-737.654293	-283.304184	1255.957450	-182.690865	-1255.957450	130.203047	8.138961	
260	3.346191	0.257479	0.279549	903.069178	72.942527	-903.069178	-407.214711	1262.067612	-142.188509	-1262.067612	108.835472	7.865170	
261	3.700766	3.101305	0.245711	1032.106386	60.244523	-1032.106386	-506.097537	1241.348767	-106.461405	-1241.348767	88.082561	7.584557	
262	3.720416	5.094258	0.220707	1119.600110	53.058884	-1119.600110	-561.458501	1200.046503	-79.883330	-1200.046503	71.121322	7.308605	
263	3.504413	6.226953	0.211070	1168.883002	49.847132	-1168.883002	-569.052656	1144.564968	-62.796058	-1144.564968	59.136720	7.047531	
264	3.175068	6.627120	0.220342	1186.984775	48.884575	-1186.984775	-536.992024	1080.356754	-52.790840	-1080.356754	51.498220	6.809014	
265	2.848961	6.508564	0.246099	1179.936928	48.947379	-1179.936928	-480.051407	1011.465856	-46.575989	-1011.465856	46.610193	6.597625	
266	2.613578	6.100331	0.282212	1150.890112	49.531435	-1150.890112	-414.022829	940.754986	-41.400556	-940.754986	42.845780	6.415014	
267	2.519626	5.598913	0.322778	1101.852472	50.655247	-1101.852472	-351.728723	870.410982	-35.611027	-870.410982	39.099050	6.260533	
268	2.588397	5.151802	0.363647	1036.503864	52.485186	-1036.503864	-300.659959	802.209152	-28.581717	-802.209152	34.904102	6.132025	
269	2.822890	4.853310	0.402170	961.030018	55.042965	-961.030018	-262.747673	737.483476	-20.411066	-737.483476	30.299011	6.026555	
270	3.211961	4.747323	0.436596	882.796482	58.126707	-882.796482	-236.166912	677.013460	-11.588093	-677.013460	25.582731	5.940979	
271	3.725471	4.834311	0.465771	808.554965	61.425978	-808.554965	-217.551797	621.119722	-2.747758	-621.119722	21.097956	5.872277	
272	4.311971	5.070191	0.489203	743.123039	64.630989	-743.123039	-203.293673	569.930436	5.466801	-569.930436	17.124327	5.817624	
273	4.908053	5.368219	0.507275	688.763670	67.474095	-688.763670	-190.389131	523.578969	12.531263	-523.578969	13.830494	5.774252	
274	5.457744	5.634991	0.521221	645.823235	69.809051	-645.823235	-177.169339	482.193375	18.135773	-482.193375	11.252315	5.739356	
275	5.924524	5.807534	0.532695	613.733448	71.657011	-613.733448	-163.236433	445.728830	22.182764	-445.728830	9.307372	5.710204	
276	6.287852	5.848069	0.543318	590.903759	73.110642	-590.903759	-148.986977	413.891829	24.781157	-413.891829	7.800452	5.684288	
277	6.541990	5.735051	0.554494	574.527583	74.152580	-574.527583	-135.193138	386.117743	26.188350	-386.117743	6.470465	5.659371	
278	6.696108	5.467181	0.567271	561.377091	74.616408	-561.377091	-122.645291	361.678168	26.673175	-361.678168	5.090714	5.633545	
279	6.768327	5.058508	0.582132	548.658755	74.346303	-548.658755	-112.153436	339.973054	26.494033	-339.973054	3.495884	5.605273	
280	6.783208	4.537190	0.598930	534.355292	73.295122	-534.355292	-104.468031	320.620459	25.893212	-320.620459	1.577406	5.573418	
281	6.765746	3.943452	0.617088	517.303642	71.506755	-517.303642	-99.874851	303.376524	25.025720	-303.376524	-0.712945	5.537290	
282	6.728984	3.315898	0.635805	497.076123	69.129080	-497.076123	-98.147705	288.153718	23.981128	-288.153718	-3.406381	5.496542	
283	6.673142	2.689929	0.654144	473.777892	66.443072	-473.777892	-98.869253	274.975621	22.827903	-274.975621	-6.530378	5.451010	
284	6.595918	2.099789	0.671125	447.742108	63.712020	-447.742108	-101.464060	263.722747	21.586917	-263.722747	-10.061817	5.400690	
285	6.498752	1.569109	0.685881	419.429343	61.040188	-419.429343	-105.070948	253.990478	20.205099	-253.990478	-13.892005	5.345800	
286	6.385062	1.112399	0.697770	389.577339	58.519611	-389.577339	-108.775576	245.276287	18.582896	-245.276287	-17.843004	5.286846	
287	6.253944	0.738892	0.706476	358.913251	56.332838	-358.913251	-112.008865	237.203775	16.670157	-237.203775	-21.747909	5.224584	
288	6.097860	0.446752	0.712060	327.920762	54.611370	-327.920762	-114.546031	229.538460	14.522280	-229.538460	-25.498438	5.159825	
289	5.910153	0.226232	0.714872	297.177932	53.281764	-297.177932	-116.173130	222.095275	12.250974	-222.095275	-29.007180	5.093340	
290	5.689018	0.062598	0.715384	267.525621	52.123965	-267.525621	-116.660701	214.734352	10.016486	-214.734352	-32.224726	5.025858	
291	5.431909	-0.068353	0.714064	239.905880	50.938972	-239.905880	-115.969574	207.370886	8.041711	-207.370886	-35.176640	4.957952	
292	5.139636	-0.187752	0.711306	215.092085	49.563248	-215.092085	-114.143718	199.884772	6.486056	-199.884772	-37.869446	4.889954	
293	4.823154	-0.299560	0.707437	193.397053	47.855512	-193.397053	-111.185156	192.142210	5.359362	-192.142210	-40.240240	4.822076	
294	4.493564	-0.406661	0.702749	174.752274	45.796658	-174.752274	-107.236168	184.145132	4.656679	-184.145132	-42.286782	4.754493	
295	4.154729	-0.528079	0.697459	159.089444	43.495182	-159.089444	-102.595602	176.009893	4.452801	-176.009893	-44.139826	4.687173	
296	3.812039	-0.679000	0.691741	146.372754	41.056531	-146.372754	-97.487433	167.840505	4.772237	-167.840505	-45.917232	4.619799	
297	3.478841	-0.842878	0.685774	136.102250	38.533243	-136.102250	-92.055217	159.723200	5.472712	-159.723200	-47.569346	4.552038	
298	3.169112	-0.987815	0.679715	127.284647	35.965094	-127.284647	-86.468141	151.725993	6.347023	-151.725993	-48.945741	4.483836	
299	2.888906	-1.100980	0.673611	119.162783	33.390129	-119.162783	-80.886458	143.879187	7.270224	-143.879187	-49.950878	4.415356	
300	2.638195	-1.188016	0.667332	111.472114	30.857085	-111.472114	-75.472203	136.224550	8.206052	-136.224550	-50.580177	4.346759	
301	2.416343	-1.256123	0.660639	104.062572	28.439138	-104.062572	-70.429155	128.802379	9.146938	-128.802379	-50.880822	4.278155	
302	2.222050	-1.314389	0.653351	96.836993	26.197040	-96.836993	-65.907770	121.598144	10.092399	-121.598144	-50.928752	4.209643	
303	2.049369	-1.378327	0.645388	89.969293	24.146336	-89.969293	-61.945625	114.595337	11.068026	-114.595337	-50.814272	4.141266	
304	1.890222	-1.461107	0.636712	83.767874	22.271572	-83.767874	-58.535505	107.827612	12.099339	-107.827612	-50.597677	4.072962	
305	1.742002	-1.564845	0.627299	78.416285	20.554377	-78.416285	-55.666600	101.349146	13.148105	-101.349146	-50.268390	4.004658	
306	1.607219	-1.680096	0.617118	73.925160	18.991549	-73.925160	-53.321052	95.221316	14.126749	-95.221316	-49.766976	3.936407	
307	1.486726	-1.789187	0.606110	70.087741	17.592139	-70.087741	-51.456457	89.492515	14.974313	-89.492515	-49.034760	3.868424	
308	1.373784	-1.880037	0.594286	66.594599	16.370917	-66.594599	-50.040398	84.157063	15.721846	-84.157063	-48.070544	3.801001	
309	1.256213	-1.957404	0.581926	63.333603	15.337315	-63.333603	-49.079733	79.176405	16.472397	-79.176405	-46.953928	3.734316	
310	1.127786	-2.029372	0.569472	60.313802	14.475717	-60.313802	-48.527301	74.506181	17.280669	-74.506181	-45.763087	3.668376	
311	0.991487	-2.093521	0.557182	57.394095	13.753872	-57.394095	-48.253601	70.090313	18.111676	-70.090313	-44.512520	3.603204	
312	0.850837	-2.146321	0.545112	54.411802	13.140312	-54.411802	-48.148159	65.879842	18.927948	-65.879842	-43.207433	3.538946	
313	0.704709	-2.190603	0.533328	51.318085	12.611929	-51.318085	-48.188877	61.862853	19.738188	-61.862853	-41.883457	3.475791	
314	0.549861	-2.229516	0.521896	48.027556	12.160811	-48.027556	-48.422264	58.061452	20.565953	-58.061452	-40.578790	3.413887	
315	0.384215	-2.266227	0.510776	44.531987	11.779396	-44.531987	-48.873026	54.493383	21.432076	-54.493383	-39.329891	3.353304	
316	0.205194	-2.309373	0.499809	41.112643	11.452966	-41.112643	-49.514753	51.155563	22.378056	-51.155563	-38.201845	3.293995	
317	0.009637	-2.366790	0.488820	38.064224	11.173819	-38.064224	-50.324491	48.071138	23.442249	-48.071138	-37.251303	3.235787	
318	-0.200291	-2.435661	0.477738	35.383281	10.935469	-35.383281	-51.260937	45.291619	24.597007	-45.291619	-36.454787	3.178483	
319	-0.419522	-2.509497	0.466606	32.871177	10.738728	-32.871177	-52.295375	42.819717	25.795873	-42.819717	-35.766716	3.122004	
320	-0.649210	-2.589651	0.455462	30.218313	10.616641	-30.218313	-53.537004	40.586769	27.059041	-40.586769	-35.214078	3.066315	
321	-0.894674	-2.683687	0.444231	27.023294	10.613464	-27.023294	-55.164055	38.505938	28.437228	-38.505938	-34.858539	3.011263	
322	-1.156519	-2.794388	0.432801	23.084683	10.736924	-23.084683	-57.219420	36.510724	29.936887	-36.510724	-34.720272	2.956580	
323	-1.430661	-2.916219	0.421148	18.664770	10.955780	-18.664770	-59.585664	34.560810	31.522723	-34.560810	-34.777767	2.902049	
324	-1.715376	-3.047317	0.409338	14.335839	11.237421	-14.335839	-62.119599	32.645957	33.157512	-32.645957	-35.007892	2.847508	
325	-2.011624	-3.192070	0.397403	10.587031	11.565077	-10.587031	-64.697390	30.798510	34.791720	-30.798510	-35.384241	2.792733	
326	-2.317901	-3.347593	0.385251	7.650160	11.930894	-7.650160	-67.160899	29.073564	36.341579	-29.073564	-35.853928	2.737474	
327	-2.629900	-3.502988	0.372749	5.625076	12.339331	-5.625076	-69.341906	27.479744	37.731797	-27.479744	-36.366087	2.681565	
328	-2.944989	-3.653064	0.359878	4.555089	12.808759	-4.555089	-71.157419	25.964378	38.948635	-25.964378	-36.914764	2.624916	
329	-3.265778	-3.801001	0.346767	4.345977	13.361867	-4.345977	-72.636368	24.489601	40.030937	-24.489601	-37.531215	2.567468	
330	-3.598219	-3.947688	0.333602	4.718625	14.022427	-4.718625	-73.860783	23.072188	41.024935	-23.072188	-38.243572	2.509155	
331	-3.947198	-4.092647	0.320532	5.335480	14.815998	-5.335480	-74.930826	21.737664	41.972033	-21.737664	-39.062917	2.449907	
332	-4.316103	-4.245407	0.307638	6.001256	15.759687	-6.001256	-75.974075	20.482755	42.926348	-20.482755	-40.000145	2.389605	
333	-4.704845	-4.417543	0.294987	6.681804	16.836707	-6.681804	-77.039459	19.301205	43.901916	-19.301205	-41.030159	2.327989	
334	-5.104891	-4.608996	0.282681	7.396937	17.985898	-7.396937	-77.991556	18.195264	44.818827	-18.195264	-42.050753	2.264758	
335	-5.506255	-4.820640	0.270821	8.144518	19.136502	-8.144518	-78.731979	17.134502	45.617902	-17.134502	-42.977112	2.199746	
336	-5.905863	-5.064944	0.259436	8.837371	20.233202	-8.837371	-79.364882	16.061509	46.333383	-16.061509	-43.802481	2.132843	
337	-6.299274	-5.348784	0.248452	9.313923	21.213903	-9.313923	-79.923386	14.958594	46.943356	-14.958594	-44.481696	2.063828	
338	-6.672848	-5.660230	0.237779	9.419986	22.002374	-9.419986	-80.169326	13.859935	47.279138	-13.859935	-44.865489	1.992426	
339	-7.007532	-5.977743	0.227453	9.112707	22.531128	-9.112707	-79.756788	12.799586	47.133789	-12.799586	-44.782229	1.918489	
340	-7.283637	-6.277588	0.217653	8.466833	22.751855	-8.466833	-78.417135	11.787964	46.362778	-11.787964	-44.108312	1.842091	
341	-7.479141	-6.530041	0.208582	7.596519	22.617008	-7.596519	-75.944237	10.825772	44.869516	-10.825772	-42.755586	1.763586	
342	-7.566866	-6.702730	0.200387	6.656712	22.067556	-6.656712	-72.152737	9.904540	42.582562	-9.904540	-40.656663	1.683661	
343	-7.517777	-6.768404	0.193124	5.791644	21.064176	-5.791644	-66.971740	8.996586	39.487718	-8.996586	-37.796852	1.603332	
344	-7.302726	-6.701317	0.186760	5.107923	19.601941	-5.107923	-60.464498	8.061589	35.638339	-8.061589	-34.224678	1.523864	
345	-6.887827	-6.469036	0.181230	4.706301	17.678165	-4.706301	-52.716258	7.053093	31.123653	-7.053093	-30.022435	1.446785	
346	-6.234679	-6.033794	0.176547	4.536402	15.284457	-4.536402	-43.856234	5.910132	26.071619	-5.910132	-25.302970	1.373960	
347	-5.309189	-5.363353	0.172810	4.330044	12.437038	-4.330044	-34.166132	4.559824	20.669992	-4.559824	-20.219924	1.307605	
348	-4.091574	-4.440862	0.170102	3.863379	9.195626	-3.863379	-24.019353	2.939410	15.134247	-2.939410	-14.942755	1.250206	
349	-2.584514	-3.269796	0.168420	3.189710	5.647897	-3.189710	-13.715554	1.019925	9.639520	-1.019925	-9.612215	1.204321	
350	-0.814735	-1.876130	0.167666	2.491963	1.868031	-2.491963	-3.367197	-1.192903	4.249288	1.192903	-4.285505	1.172312	
351	1.169531	-0.309055	0.167638	1.827748	-2.119184	-1.827748	7.158229	-3.678538	-1.126874	3.678538	1.107091	1.156156	
352	3.284028	1.353228	0.168102	1.115149	-6.305469	-1.115149	18.139622	-6.385445	-6.683287	6.385445	6.719203	1.157292	
353	5.403449	3.009112	0.169012	0.265929	-10.644443	-0.265929	29.835997	-9.206302	-12.632511	9.206302	12.705718	1.176321	
354	7.299733	4.483287	0.170605	-0.649199	-14.857839	0.649199	41.872675	-11.879581	-18.860626	11.879581	18.884127	1.212414	
355	8.824239	5.659951	0.173268	-1.537507	-18.725285	1.537507	53.780495	-14.214614	-25.168218	14.214614	25.014219	1.262965	
356	9.211999	5.944955	0.177194	-1.833087	-20.484785	1.833087	60.298407	-15.105714	-28.753230	15.105714	28.330340	1.321929	
357	9.691941	6.301391	0.182280	-2.434762	-22.588278	2.434762	67.940254	-16.166885	-33.000660	16.166885	32.259327	1.383365	
