kww	// User ID
28-6-2021	// Evaluation date
p29_warmup_014	26-6-2021	11:48:42:446	// Source file name and timestamp
357.143	// Sampling rate
0.978	// Data capture period

1.830000	// height
83.000000	// mass


Sample #	elbVar	shldrIR	LwristLinVelo	thorJFPd	thorSTPd	UaJFPp	UaSTPp	UaJFPd	UaSTPd	FaJFPp	FaSTPp	RwristLinVelo	
0	1.590199	-0.798433	1.181872	10.255315	5.534727	-10.255315	-32.185452	16.471723	16.046993	-16.471723	-27.537573	2.241221	
1	1.641730	-0.770310	1.182478	10.659623	5.365295	-10.659623	-32.368961	16.514260	16.481755	-16.514260	-27.782694	2.239792	
2	1.719563	-0.759639	1.182447	11.257985	5.313779	-11.257985	-33.141684	16.944535	17.176640	-16.944535	-28.473912	2.236008	
3	1.665758	-0.695963	1.182215	11.340828	4.874392	-11.340828	-31.249409	15.909669	16.531887	-15.909669	-26.998231	2.231355	
4	1.563823	-0.614188	1.182538	11.268593	4.331844	-11.268593	-28.443916	14.398404	15.380695	-14.398404	-24.821507	2.228439	
5	1.426549	-0.514189	1.183743	10.993085	3.703323	-10.993085	-25.023663	12.530472	13.832713	-12.530472	-22.132809	2.228595	
6	1.279899	-0.404766	1.186065	10.556446	3.042076	-10.556446	-21.487426	10.545418	12.141128	-10.545418	-19.322758	2.232826	
7	1.139113	-0.296155	1.189543	10.025642	2.395522	-10.025642	-18.136190	8.598381	10.477895	-8.598381	-16.636832	2.241648	
8	1.013915	-0.201471	1.194016	9.473973	1.827792	-9.473973	-15.241658	6.857259	8.986441	-6.857259	-14.274883	2.254999	
9	0.908496	-0.129937	1.199263	8.950116	1.373458	-8.950116	-12.931353	5.437712	7.751067	-5.437712	-12.348355	2.272233	
10	0.825305	-0.081575	1.205186	8.469467	1.022125	-8.469467	-11.195940	4.365819	6.800270	-4.365819	-10.887986	2.292428	
11	0.766007	-0.051142	1.211795	8.017853	0.752890	-8.017853	-9.980040	3.602220	6.125181	-3.602220	-9.873320	2.314730	
12	0.731132	-0.032791	1.219050	7.577743	0.554334	-7.577743	-9.224231	3.091109	5.700651	-3.091109	-9.263699	2.338472	
13	0.719847	-0.019599	1.226795	7.140525	0.406176	-7.140525	-8.837078	2.767850	5.485238	-2.767850	-8.992727	2.363190	
14	0.728916	-0.006931	1.234830	6.719957	0.281122	-6.719957	-8.701219	2.574332	5.431334	-2.574332	-8.985854	2.388620	
15	0.753653	0.005349	1.243026	6.321878	0.170091	-6.321878	-8.755279	2.488093	5.505095	-2.488093	-9.195088	2.414578	
16	0.792866	0.017931	1.251367	5.938288	0.074991	-5.938288	-9.005157	2.509659	5.701825	-2.509659	-9.619737	2.440775	
17	0.848951	0.033141	1.259879	5.623378	-0.009568	-5.623378	-9.437746	2.640829	6.043530	-2.640829	-10.303459	2.466717	
18	0.921006	0.051246	1.268579	5.468261	-0.082391	-5.468261	-10.007223	2.876519	6.535276	-2.876519	-11.263328	2.491731	
19	1.003256	0.071866	1.277540	5.491634	-0.136534	-5.491634	-10.665261	3.191298	7.135593	-3.191298	-12.430597	2.515111	
20	1.089135	0.093262	1.286955	5.631069	-0.171321	-5.631069	-11.375112	3.564752	7.792953	-3.564752	-13.710922	2.536289	
21	1.172425	0.111070	1.297072	5.839317	-0.178995	-5.839317	-12.113864	4.000672	8.475029	-4.000672	-15.043519	2.554887	
22	1.246631	0.122939	1.308086	6.121862	-0.147801	-6.121862	-12.836109	4.488535	9.143427	-4.488535	-16.355373	2.570704	
23	1.304546	0.126168	1.320123	6.446029	-0.071014	-6.446029	-13.489234	5.003070	9.741096	-5.003070	-17.536434	2.583711	
24	1.339745	0.116085	1.333260	6.716851	0.048925	-6.716851	-14.032354	5.511539	10.212920	-5.511539	-18.480319	2.594112	
25	1.352285	0.096155	1.347540	6.874956	0.181626	-6.874956	-14.395068	5.947885	10.525731	-5.947885	-19.119484	2.602424	
26	1.349041	0.076161	1.363042	6.927973	0.288883	-6.927973	-14.521819	6.261110	10.683118	-6.261110	-19.456462	2.609399	
27	1.334449	0.056973	1.379944	6.917077	0.374312	-6.917077	-14.439992	6.479901	10.718783	-6.479901	-19.561119	2.615735	
28	1.306467	0.027987	1.398418	6.927410	0.487897	-6.927410	-14.237938	6.696369	10.681001	-6.696369	-19.539388	2.621814	
29	1.263851	-0.019535	1.418473	7.087732	0.673706	-7.087732	-13.981556	6.990172	10.623091	-6.990172	-19.501088	2.627615	
30	1.212002	-0.079370	1.439843	7.515338	0.926032	-7.515338	-13.619819	7.340071	10.569170	-7.340071	-19.486050	2.632921	
31	1.159001	-0.136337	1.461967	8.260978	1.216329	-8.260978	-13.045146	7.656458	10.503769	-7.656458	-19.453789	2.637713	
32	1.109322	-0.184714	1.484121	9.293263	1.530896	-9.293263	-12.250294	7.904547	10.420397	-7.904547	-19.389499	2.642212	
33	1.065410	-0.227786	1.505592	10.543602	1.852349	-10.543602	-11.321288	8.114388	10.343671	-8.114388	-19.343056	2.646620	
34	1.032745	-0.263852	1.525755	12.007488	2.134719	-12.007488	-10.321787	8.314902	10.308906	-8.314902	-19.381989	2.650961	
35	1.015604	-0.289265	1.544128	13.754510	2.326999	-13.754510	-9.265231	8.526230	10.341724	-8.526230	-19.557794	2.655059	
36	1.012232	-0.305499	1.560495	15.784753	2.407477	-15.784753	-8.166652	8.761191	10.437873	-8.761191	-19.870687	2.658670	
37	1.020142	-0.314737	1.575007	17.984531	2.388123	-17.984531	-7.082076	9.023239	10.574988	-9.023239	-20.286482	2.661659	
38	1.036367	-0.322231	1.588170	20.248428	2.316162	-20.248428	-6.091700	9.340293	10.743687	-9.340293	-20.798521	2.663882	
39	1.055359	-0.333595	1.600729	22.563514	2.237102	-22.563514	-5.202901	9.732574	10.932273	-9.732574	-21.396990	2.665042	
40	1.076615	-0.341014	1.613444	25.012736	2.133080	-25.012736	-4.306349	10.156139	11.117978	-10.156139	-22.040201	2.664922	
41	1.104917	-0.333663	1.626904	27.660128	1.968993	-27.660128	-3.336872	10.571930	11.302164	-10.571930	-22.727062	2.663468	
42	1.140978	-0.316845	1.641541	30.399662	1.769066	-30.399662	-2.386003	11.000924	11.504208	-11.000924	-23.499191	2.660557	
43	1.179175	-0.305269	1.657784	33.037104	1.588814	-33.037104	-1.570366	11.474787	11.724768	-11.474787	-24.366993	2.655924	
44	1.210249	-0.309105	1.676046	35.459736	1.460720	-35.459736	-0.896937	11.997804	11.932923	-11.997804	-25.274210	2.649277	
45	1.227576	-0.326845	1.696601	37.634141	1.370229	-37.634141	-0.277153	12.532421	12.077788	-12.532421	-26.111701	2.640544	
46	1.233522	-0.347994	1.719587	39.530456	1.274512	-39.530456	0.360433	13.024098	12.132249	-13.024098	-26.805742	2.629955	
47	1.233446	-0.367481	1.745057	41.084273	1.161486	-41.084273	0.984247	13.457158	12.107864	-13.457158	-27.363468	2.617791	
48	1.229049	-0.388885	1.773006	42.233484	1.053994	-42.233484	1.520031	13.841735	12.019360	-13.841735	-27.805801	2.604221	
49	1.222523	-0.412051	1.803391	42.994467	0.955725	-42.994467	1.962551	14.167520	11.871447	-14.167520	-28.131036	2.589399	
50	1.217262	-0.430935	1.836161	43.441380	0.846010	-43.441380	2.367682	14.415910	11.668351	-14.415910	-28.333695	2.573578	
51	1.214133	-0.442191	1.871247	43.674188	0.722120	-43.674188	2.764700	14.604347	11.426394	-14.604347	-28.441281	2.557043	
52	1.212694	-0.444697	1.908500	43.856720	0.599817	-43.856720	3.153393	14.779371	11.173459	-14.779371	-28.512320	2.539836	
53	1.212610	-0.434918	1.947612	44.096112	0.477236	-44.096112	3.547982	14.950318	10.916792	-14.950318	-28.550287	2.521758	
54	1.213395	-0.411898	1.988166	44.297844	0.342575	-44.297844	3.942600	15.083528	10.645892	-15.083528	-28.513599	2.502770	
55	1.215463	-0.380330	2.029829	44.329146	0.201787	-44.329146	4.294317	15.164130	10.371213	-15.164130	-28.420376	2.483055	
56	1.220557	-0.340336	2.072476	44.249822	0.051689	-44.249822	4.603093	15.196911	10.113276	-15.196911	-28.312473	2.462714	
57	1.228473	-0.285524	2.116139	44.236226	-0.136675	-44.236226	4.936836	15.176460	9.868882	-15.176460	-28.163210	2.441757	
58	1.233702	-0.218264	2.160877	44.353353	-0.370247	-44.353353	5.345372	15.107503	9.619736	-15.107503	-27.917736	2.420289	
59	1.228400	-0.152780	2.206693	44.537928	-0.615330	-44.537928	5.819044	15.019916	9.355815	-15.019916	-27.562703	2.398493	
60	1.207373	-0.101881	2.253534	44.728186	-0.837907	-44.728186	6.335689	14.943495	9.075404	-14.943495	-27.109967	2.376530	
61	1.168038	-0.071445	2.301338	44.902006	-1.028461	-44.902006	6.898320	14.889597	8.776064	-14.889597	-26.561104	2.354551	
62	1.108040	-0.066580	2.350056	45.000205	-1.183256	-45.000205	7.511355	14.855777	8.452757	-14.855777	-25.906426	2.332778	
63	1.028014	-0.092322	2.399676	44.904537	-1.291724	-44.904537	8.144786	14.835186	8.110864	-14.835186	-25.165656	2.311561	
64	0.936237	-0.138154	2.450246	44.647545	-1.388219	-44.647545	8.806564	14.810633	7.772149	-14.810633	-24.397446	2.291201	
65	0.845894	-0.174264	2.501857	44.516863	-1.575640	-44.516863	9.602799	14.741508	7.459784	-14.741508	-23.646015	2.271735	
66	0.764460	-0.187979	2.554514	44.668104	-1.887952	-44.668104	10.562343	14.602870	7.198919	-14.602870	-22.953550	2.252921	
67	0.687350	-0.205812	2.607995	44.847567	-2.201970	-44.847567	11.523366	14.427091	7.016368	-14.427091	-22.383182	2.234334	
68	0.611411	-0.247063	2.661850	44.803093	-2.427442	-44.803093	12.365252	14.233788	6.918659	-14.233788	-21.948852	2.215552	
69	0.545766	-0.288634	2.715572	44.661700	-2.649485	-44.661700	13.187986	13.971115	6.887076	-13.971115	-21.585061	2.196391	
70	0.494302	-0.310252	2.768705	44.605628	-2.947540	-44.605628	14.122314	13.603373	6.900533	-13.603373	-21.224363	2.176954	
71	0.444660	-0.334323	2.820856	44.480771	-3.235345	-44.480771	15.104040	13.175994	6.960112	-13.175994	-20.879828	2.157427	
72	0.386730	-0.393135	2.871703	43.985612	-3.381414	-43.985612	15.947714	12.736306	7.089501	-12.736306	-20.635477	2.137805	
73	0.326367	-0.483914	2.921013	43.102733	-3.385504	-43.102733	16.597170	12.257979	7.301684	-12.257979	-20.535594	2.117762	
74	0.274105	-0.571159	2.968630	42.229148	-3.384222	-42.229148	17.257306	11.680389	7.565648	-11.680389	-20.493794	2.096892	
75	0.231929	-0.624045	3.014456	41.825147	-3.507041	-41.825147	18.212551	10.973638	7.829262	-10.973638	-20.370817	2.075147	
76	0.195479	-0.642121	3.058390	41.968990	-3.761552	-41.968990	19.536355	10.140562	8.070226	-10.140562	-20.119364	2.052862	
77	0.160264	-0.642940	3.100322	42.434262	-4.081533	-42.434262	21.115944	9.191423	8.293275	-9.191423	-19.773050	2.030439	
78	0.121988	-0.637215	3.140157	43.087895	-4.438393	-43.087895	22.905122	8.133449	8.486813	-8.133449	-19.334785	2.008279	
79	0.075718	-0.627053	3.177824	43.947618	-4.845667	-43.947618	24.960722	6.974555	8.619356	-6.974555	-18.770066	1.986904	
80	0.019898	-0.617355	3.213292	44.978948	-5.296182	-44.978948	27.262963	5.720193	8.679903	-5.720193	-18.095057	1.966852	
81	-0.040892	-0.611125	3.246594	46.181616	-5.776919	-46.181616	29.728186	4.364197	8.685178	-4.364197	-17.378205	1.948407	
82	-0.100132	-0.601098	3.277809	47.709895	-6.310605	-47.709895	32.347865	2.895298	8.654132	-2.895298	-16.675263	1.931555	
83	-0.153250	-0.582419	3.307039	49.532415	-6.905187	-49.532415	35.066790	1.309192	8.608533	-1.309192	-16.029810	1.916153	
84	-0.197651	-0.561691	3.334476	51.316536	-7.519010	-51.316536	37.685696	-0.384261	8.571542	0.384261	-15.477992	1.901987	
85	-0.231219	-0.542561	3.360481	52.875264	-8.122435	-52.875264	40.057019	-2.165876	8.551205	2.165876	-15.026217	1.888747	
86	-0.251015	-0.516136	3.385497	54.354045	-8.736327	-54.354045	42.203779	-4.024271	8.537094	4.024271	-14.647233	1.876056	
87	-0.256171	-0.471864	3.409905	55.926020	-9.401725	-55.926020	44.233324	-5.956692	8.497746	5.956692	-14.275466	1.863591	
88	-0.258013	-0.417054	3.433911	57.389211	-10.133048	-57.389211	46.235195	-7.932016	8.381379	7.932016	-13.813897	1.851339	
89	-0.277138	-0.374646	3.457542	58.189506	-10.913571	-58.189506	48.239640	-9.892921	8.141826	9.892921	-13.186321	1.839748	
90	-0.317101	-0.352487	3.480856	57.957160	-11.720855	-57.957160	50.167077	-11.836464	7.788882	11.836464	-12.419128	1.829511	
91	-0.363048	-0.338422	3.504139	56.758199	-12.528953	-56.758199	51.855905	-13.809219	7.380660	13.809219	-11.611601	1.821115	
92	-0.410421	-0.325753	3.527722	54.826982	-13.323984	-54.826982	53.249802	-15.814061	6.948911	15.814061	-10.803192	1.814660	
93	-0.464586	-0.315350	3.551714	52.310743	-14.112122	-52.310743	54.405367	-17.819268	6.496527	17.819268	-9.980130	1.810093	
94	-0.527168	-0.308198	3.575983	49.182184	-14.894902	-49.182184	55.369534	-19.821880	6.034172	19.821880	-9.144262	1.807414	
95	-0.604344	-0.315415	3.600239	45.244875	-15.665227	-45.244875	56.203198	-21.843401	5.561038	21.843401	-8.281372	1.806801	
96	-0.703397	-0.352620	3.624070	40.370714	-16.406529	-40.370714	56.953054	-23.905183	5.065309	23.905183	-7.365889	1.808652	
97	-0.819920	-0.423210	3.646903	34.745928	-17.088894	-34.745928	57.601354	-26.017602	4.558341	26.017602	-6.419391	1.813332	
98	-0.946240	-0.525710	3.667933	28.691672	-17.681346	-28.691672	58.120201	-28.172429	4.076827	28.172429	-5.507914	1.820907	
99	-1.078061	-0.659625	3.686193	22.430448	-18.166147	-22.430448	58.524276	-30.362235	3.642115	30.362235	-4.677099	1.831191	
100	-1.209984	-0.813460	3.700841	16.224452	-18.573353	-16.224452	58.969245	-32.613581	3.224612	32.613581	-3.903832	1.843923	
101	-1.335752	-0.965478	3.711455	10.442694	-18.976262	-10.442694	59.722769	-34.979519	2.780106	34.979519	-3.146340	1.858893	
102	-1.448140	-1.098604	3.717922	5.286647	-19.408899	-5.286647	60.902698	-37.492610	2.308824	37.492610	-2.418566	1.875972	
103	-1.541466	-1.206602	3.720131	0.685721	-19.859006	-0.685721	62.460513	-40.153665	1.842701	40.153665	-1.764237	1.895036	
104	-1.615093	-1.290680	3.717980	-3.483523	-20.321047	3.483523	64.351252	-42.949378	1.402612	42.949378	-1.201153	1.915946	
105	-1.670898	-1.357352	3.711394	-7.313789	-20.780782	7.313789	66.487362	-45.832152	0.992772	45.832152	-0.722544	1.938573	
106	-1.712962	-1.415252	3.700133	-10.935919	-21.212807	10.935919	68.730542	-48.727399	0.616677	48.727399	-0.321580	1.962760	
107	-1.745120	-1.470296	3.683813	-14.485727	-21.602886	14.485727	70.970448	-51.584587	0.290309	51.584587	-0.007208	1.988278	
108	-1.766933	-1.526437	3.662154	-18.031040	-21.939962	18.031040	73.102661	-54.376633	0.040704	54.376633	0.200348	2.014814	
109	-1.776691	-1.585668	3.635068	-21.593263	-22.213858	21.593263	75.016428	-57.070512	-0.104901	57.070512	0.284134	2.042001	
110	-1.773520	-1.644762	3.602574	-25.224088	-22.420960	25.224088	76.625528	-59.643284	-0.125056	59.643284	0.237647	2.069464	
111	-1.758076	-1.696277	3.564766	-28.972105	-22.578708	28.972105	77.937637	-62.107839	-0.021639	62.107839	0.081744	2.096828	
112	-1.733913	-1.734271	3.521851	-32.888290	-22.713765	32.888290	79.016475	-64.482254	0.174768	64.482254	-0.135628	2.123793	
113	-1.704629	-1.759420	3.474120	-37.156010	-22.818894	37.156010	79.821101	-66.756215	0.438463	66.756215	-0.377280	2.150193	
114	-1.672334	-1.776339	3.421890	-42.001008	-22.868019	42.001008	80.247683	-68.907387	0.766628	68.907387	-0.633049	2.175933	
115	-1.636990	-1.786961	3.365540	-47.535020	-22.849283	47.535020	80.246568	-70.931409	1.171690	70.931409	-0.908866	2.200916	
116	-1.595766	-1.791244	3.305535	-53.819154	-22.759129	53.819154	79.802172	-72.860492	1.662395	72.860492	-1.206836	2.225042	
117	-1.545844	-1.787744	3.242397	-60.843362	-22.609460	60.843362	78.961079	-74.762533	2.212074	74.762533	-1.499249	2.248248	
118	-1.485854	-1.775644	3.176750	-68.537906	-22.421126	68.537906	77.798454	-76.691057	2.777170	76.691057	-1.748306	2.270638	
119	-1.417077	-1.763266	3.109333	-76.906657	-22.194106	76.906657	76.289136	-78.609753	3.339801	78.609753	-1.941650	2.292463	
120	-1.342636	-1.754190	3.040898	-85.878727	-21.941113	85.878727	74.486714	-80.500748	3.881841	80.500748	-2.071045	2.314002	
121	-1.263961	-1.734345	2.972173	-95.270456	-21.710923	95.270456	72.647080	-82.504119	4.363579	82.504119	-2.116624	2.335592	
122	-1.181100	-1.697015	2.903905	-105.010603	-21.513522	105.010603	70.864545	-84.715569	4.769597	84.715569	-2.076831	2.357644	
123	-1.094158	-1.654990	2.836864	-115.026749	-21.297121	115.026749	68.945136	-87.016488	5.131540	87.016488	-1.977184	2.380456	
124	-1.002974	-1.620454	2.772011	-125.054789	-21.018869	125.054789	66.727560	-89.255094	5.490097	89.255094	-1.842774	2.404109	
125	-0.905962	-1.591224	2.710747	-134.808432	-20.676065	134.808432	64.238641	-91.419853	5.860105	91.419853	-1.680696	2.428558	
126	-0.798604	-1.557037	2.654887	-144.211047	-20.265689	144.211047	61.527921	-93.578138	6.251841	93.578138	-1.496288	2.453760	
127	-0.675495	-1.515854	2.606518	-153.272490	-19.755778	153.272490	58.531262	-95.726043	6.696307	95.726043	-1.304104	2.479693	
128	-0.536157	-1.474824	2.567888	-161.696839	-19.137723	161.696839	55.272436	-97.809284	7.212271	97.809284	-1.106565	2.506302	
129	-0.386095	-1.437951	2.541075	-168.951340	-18.452035	168.951340	51.979894	-99.835161	7.788088	99.835161	-0.886736	2.533522	
130	-0.231955	-1.405264	2.527549	-174.800642	-17.720155	174.800642	48.815426	-101.815744	8.411526	101.815744	-0.624618	2.561337	
131	-0.079567	-1.376547	2.527822	-179.462944	-16.925432	179.462944	45.769435	-103.709042	9.072335	103.709042	-0.298597	2.589752	
132	0.065302	-1.348905	2.541203	-183.260131	-16.070634	183.260131	42.866737	-105.496077	9.745322	105.496077	0.117209	2.618784	
133	0.199100	-1.316532	2.565805	-186.370161	-15.186040	186.370161	40.210262	-107.199505	10.407398	107.199505	0.640117	2.648511	
134	0.321411	-1.274253	2.598895	-188.968049	-14.298758	188.968049	37.855185	-108.843438	11.049907	108.843438	1.273565	2.679058	
135	0.431212	-1.218428	2.637360	-191.345187	-13.437224	191.345187	35.825756	-110.477612	11.661851	110.477612	2.019538	2.710576	
136	0.525674	-1.152078	2.678115	-193.700504	-12.614399	193.700504	34.119681	-112.101327	12.234546	112.101327	2.892008	2.743217	
137	0.605198	-1.094653	2.718407	-195.867076	-11.780618	195.867076	32.552895	-113.491493	12.791126	113.491493	3.917863	2.777034	
138	0.676968	-1.069831	2.755984	-197.496091	-10.859778	197.496091	30.797215	-114.328792	13.384703	114.328792	5.120188	2.811895	
139	0.751020	-1.083776	2.789027	-198.450112	-9.825702	198.450112	28.612897	-114.463154	14.061855	114.463154	6.506262	2.847550	
140	0.833884	-1.131103	2.816049	-198.728591	-8.704961	198.728591	25.921548	-113.892252	14.838137	113.892252	8.082847	2.883733	
141	0.926046	-1.206577	2.835974	-198.301834	-7.551982	198.301834	22.768937	-112.657316	15.690538	112.657316	9.868265	2.920233	
142	1.023375	-1.304264	2.848299	-197.121350	-6.433620	197.121350	19.296357	-110.809190	16.562630	110.809190	11.884747	2.956949	
143	1.120294	-1.420501	2.853195	-195.124566	-5.407632	195.124566	15.656359	-108.360748	17.390200	108.360748	14.161299	2.993888	
144	1.213591	-1.554304	2.851605	-192.340021	-4.512994	192.340021	11.931902	-105.318965	18.124387	105.318965	16.730233	3.031119	
145	1.304376	-1.700614	2.845202	-188.901801	-3.774669	188.901801	8.153357	-101.759355	18.731421	101.759355	19.593352	3.068760	
146	1.396241	-1.849569	2.835986	-184.980766	-3.202434	184.980766	4.323742	-97.780564	19.188147	97.780564	22.717253	3.106978	
147	1.489142	-1.995564	2.825849	-180.773718	-2.799349	180.773718	0.445701	-93.408146	19.461177	93.408146	26.092447	3.145964	
148	1.574112	-2.145622	2.816527	-176.341450	-2.586671	176.341450	-3.369784	-88.632287	19.464429	88.632287	29.759938	3.185934	
149	1.639033	-2.312513	2.809777	-171.506701	-2.597847	171.506701	-6.874536	-83.514776	19.081275	83.514776	33.751387	3.227166	
150	1.678563	-2.501550	2.807375	-166.063321	-2.843264	166.063321	-9.836253	-78.135352	18.238836	78.135352	38.058962	3.270002	
151	1.696342	-2.708872	2.810880	-159.950542	-3.301805	159.950542	-12.181691	-72.481043	16.929684	72.481043	42.661232	3.314803	
152	1.699488	-2.923508	2.821390	-153.278080	-3.943085	153.278080	-13.901117	-66.569602	15.168196	66.569602	47.517316	3.361893	
153	1.690010	-3.133489	2.839455	-146.253815	-4.744746	146.253815	-14.877410	-60.557121	12.936718	60.557121	52.575777	3.411583	
154	1.664024	-3.337847	2.865205	-138.992336	-5.700496	138.992336	-14.970319	-54.574374	10.187228	54.574374	57.815840	3.464214	
155	1.620409	-3.546001	2.898529	-131.401013	-6.826095	131.401013	-14.170176	-48.614360	6.897452	48.614360	63.233201	3.520133	
156	1.562177	-3.766909	2.939052	-123.151935	-8.150874	123.151935	-12.467103	-42.617047	3.074079	42.617047	68.806434	3.579635	
157	1.487816	-3.999185	2.986036	-113.965506	-9.685099	113.965506	-9.681575	-36.616046	-1.304818	36.616046	74.487483	3.642954	
158	1.393951	-4.230686	3.038469	-103.900783	-11.409520	103.900783	-5.659668	-30.756249	-6.251260	30.756249	80.192933	3.710287	
159	1.285377	-4.449841	3.095183	-93.046778	-13.313278	93.046778	-0.467061	-25.135834	-11.685660	25.135834	85.813481	3.781771	
160	1.170360	-4.649357	3.154891	-81.331956	-15.402074	81.331956	5.767606	-19.779757	-17.477412	19.779757	91.228913	3.857450	
161	1.051932	-4.825169	3.216262	-68.672692	-17.677126	68.672692	12.996342	-14.732372	-23.526296	14.732372	96.360935	3.937235	
162	0.930783	-4.975809	3.278038	-55.058910	-20.134796	55.058910	21.191531	-10.063711	-29.756970	10.063711	101.188426	4.020847	
163	0.810730	-5.092644	3.339084	-40.675579	-22.743714	40.675579	30.221955	-5.885016	-36.038065	5.885016	105.603070	4.107789	
164	0.699211	-5.157974	3.398462	-25.830435	-25.438673	25.830435	39.786073	-2.342175	-42.139576	2.342175	109.350866	4.197316	
165	0.606098	-5.161359	3.455559	-10.520208	-28.198019	10.520208	49.544823	0.501679	-47.803969	-0.501679	112.218597	4.288472	
166	0.540256	-5.114095	3.510151	5.943969	-31.115104	-5.943969	59.459400	2.739782	-52.880979	-2.739782	114.225465	4.380283	
167	0.504159	-5.039441	3.562394	24.496416	-34.348938	-24.496416	69.881967	4.502531	-57.373127	-4.502531	115.552131	4.472001	
168	0.495028	-4.950421	3.612806	45.479184	-38.018183	-45.479184	81.173149	5.813704	-61.305977	-5.813704	116.280455	4.563139	
169	0.510525	-4.847759	3.662160	68.665384	-42.192378	-68.665384	93.484008	6.611146	-64.646178	-6.611146	116.355512	4.653309	
170	0.547330	-4.732558	3.711350	93.636395	-46.943351	-93.636395	106.924706	6.817111	-67.403350	-6.817111	115.786662	4.742180	
171	0.599390	-4.602698	3.761368	119.614315	-52.305483	-119.614315	121.467821	6.336463	-69.620888	-6.336463	114.618780	4.829537	
172	0.665292	-4.437477	3.813202	145.349059	-58.184992	-145.349059	136.540783	5.034095	-71.185464	-5.034095	112.714435	4.915112	
173	0.751745	-4.211499	3.867636	169.767466	-64.460047	-169.767466	151.308966	2.827193	-71.875436	-2.827193	109.887046	4.998366	
174	0.864263	-3.927619	3.925197	192.777144	-71.209717	-192.777144	165.608744	-0.212873	-71.663372	0.212873	106.240304	5.078660	
175	0.999051	-3.613776	3.986193	215.035839	-78.690353	-215.035839	180.036572	-3.937889	-70.784973	3.937889	102.139694	5.155633	
176	1.146908	-3.295563	4.050678	237.040854	-87.140061	-237.040854	195.214529	-8.233461	-69.525654	8.233461	97.930834	5.229300	
177	1.298972	-2.988919	4.118456	258.435770	-96.716801	-258.435770	211.412393	-13.034813	-68.080021	13.034813	93.813465	5.299896	
178	1.448982	-2.704176	4.189201	277.838841	-107.495312	-277.838841	228.547688	-18.314394	-66.550454	18.314394	89.868506	5.367748	
179	1.595093	-2.444184	4.262558	293.658638	-119.443170	-293.658638	246.272354	-24.057104	-64.946822	24.057104	86.072275	5.433186	
180	1.736804	-2.206557	4.338153	304.976332	-132.438153	-304.976332	264.133394	-30.204212	-63.206151	30.204212	82.320133	5.496431	
181	1.873366	-1.990010	4.415630	311.316940	-146.342567	-311.316940	281.721604	-36.648425	-61.265501	36.648425	78.520065	5.557505	
182	2.007528	-1.792608	4.494630	312.260715	-161.061187	-312.260715	298.775969	-43.294040	-59.106463	43.294040	74.650664	5.616222	
183	2.145380	-1.602868	4.574666	307.639946	-176.466951	-307.639946	315.076260	-50.072187	-56.681434	50.072187	70.657366	5.672098	
184	2.294719	-1.400135	4.655109	297.603971	-192.316685	-297.603971	330.261905	-56.949659	-53.841358	56.949659	66.361954	5.724229	
185	2.463070	-1.170217	4.735356	282.427861	-208.322079	-282.427861	344.035172	-63.960570	-50.487999	63.960570	61.641143	5.771439	
186	2.652742	-0.915497	4.814917	262.613079	-224.248005	-262.613079	356.489467	-71.174481	-46.743732	71.174481	56.611327	5.812612	
187	2.861590	-0.645658	4.893371	238.946469	-239.939367	-238.946469	368.016932	-78.668529	-42.836583	78.668529	51.498248	5.846882	
188	3.090248	-0.361958	4.970292	212.139689	-255.270087	-212.139689	378.866937	-86.555813	-38.883143	86.555813	46.408267	5.873588	
189	3.343695	-0.054740	5.045253	182.641370	-270.034723	-182.641370	388.871984	-94.953714	-34.840350	94.953714	41.280979	5.892171	
190	3.625451	0.284024	5.117872	150.868790	-283.982160	-150.868790	397.736257	-103.935168	-30.610124	103.935168	35.997933	5.902074	
191	3.933044	0.651885	5.187865	117.375164	-296.959126	-117.375164	405.472614	-113.557331	-26.153154	113.557331	30.500959	5.902740	
192	4.257561	1.038840	5.255009	82.772609	-308.954782	-82.772609	412.430879	-123.877800	-21.534069	123.877800	24.842624	5.893718	
193	4.591359	1.438525	5.319001	47.371175	-320.117488	-47.371175	418.971474	-135.025233	-16.800464	135.025233	19.066126	5.874798	
194	4.939464	1.859335	5.379393	10.895881	-330.703916	-10.895881	425.149048	-147.341310	-11.825852	147.341310	13.042328	5.845988	
195	5.315253	2.318176	5.435717	-27.080465	-340.891265	27.080465	430.852471	-161.317113	-6.410026	161.317113	6.563916	5.807438	
196	5.725749	2.821378	5.487547	-66.631158	-350.733026	66.631158	436.317455	-177.371398	-0.524346	177.371398	-0.409138	5.759476	
197	6.168505	3.355397	5.534462	-107.663965	-360.340727	107.663965	442.415513	-195.807988	5.593980	195.807988	-7.649769	5.702799	
198	6.635180	3.893825	5.576119	-150.160865	-369.913208	150.160865	450.320956	-216.851128	11.604317	216.851128	-14.818253	5.638619	
199	7.114754	4.412433	5.612313	-194.065999	-379.540621	194.065999	460.888884	-240.584204	17.279966	240.584204	-21.669194	5.568535	
200	7.602589	4.900745	5.642904	-239.383808	-389.155898	239.383808	474.426442	-267.048115	22.554375	267.048115	-28.091025	5.494360	
201	8.100856	5.357609	5.667745	-286.375544	-398.622874	286.375544	490.868961	-296.350765	27.509682	296.350765	-34.088886	5.418149	
202	8.606121	5.780037	5.686673	-335.553593	-407.793598	335.553593	509.948450	-328.510417	32.395306	328.510417	-39.798617	5.342042	
203	9.107928	6.167893	5.699462	-387.797630	-416.504681	387.797630	531.014714	-363.376032	37.590620	363.376032	-45.465825	5.267905	
204	9.596103	6.531056	5.705829	-444.211503	-424.460342	444.211503	552.742909	-400.652702	43.499145	400.652702	-51.373986	5.197214	
205	10.061732	6.882737	5.705524	-505.657520	-431.273594	505.657520	573.392949	-439.882820	50.488591	439.882820	-57.810225	5.131078	
206	10.499069	7.236799	5.698393	-572.610217	-436.711797	572.610217	591.308014	-480.656167	58.980670	480.656167	-65.169303	5.070229	
207	10.910190	7.613729	5.684399	-645.089748	-440.714376	645.089748	604.935795	-522.844975	69.493847	522.844975	-74.004576	5.015074	
208	11.301335	8.035632	5.663607	-722.468921	-443.265893	722.468921	612.857495	-566.429070	82.423034	566.429070	-84.810772	4.965908	
209	11.676716	8.514685	5.636063	-803.462622	-444.464096	803.462622	614.231729	-611.311519	97.839812	611.311519	-97.821024	4.923099	
210	12.040301	9.054765	5.601720	-886.155986	-444.531884	886.155986	608.891491	-657.430143	115.552667	657.430143	-113.048566	4.887221	
211	12.395832	9.654749	5.560562	-968.077528	-443.728677	968.077528	597.147032	-704.722982	135.196052	704.722982	-130.348600	4.859165	
212	12.745387	10.304768	5.512655	-1046.719898	-442.441258	1046.719898	579.879139	-753.001873	156.256472	753.001873	-149.416105	4.840087	
213	13.093106	10.990169	5.458096	-1119.988307	-441.139758	1119.988307	558.299135	-801.982315	178.201980	801.982315	-169.875586	4.831300	
214	13.440277	11.698107	5.397013	-1186.134101	-440.138436	1186.134101	533.402270	-851.165596	200.601456	851.165596	-191.388096	4.834123	
215	13.782895	12.421117	5.329585	-1243.917619	-439.682405	1243.917619	506.060981	-899.977218	223.138870	899.977218	-213.696581	4.849619	
216	14.123135	13.160117	5.255987	-1292.726128	-440.066723	1292.726128	477.233106	-948.201350	245.641271	948.201350	-236.657674	4.878538	
217	14.470885	13.921198	5.176299	-1332.059492	-441.370243	1332.059492	447.627302	-995.866246	268.053331	995.866246	-260.187452	4.921632	
218	14.840952	14.715676	5.090489	-1361.523940	-443.414847	1361.523940	417.601393	-1043.177437	290.450974	1043.177437	-284.257982	4.979947	
219	15.254947	15.561905	4.998537	-1381.239972	-446.003905	1381.239972	387.347126	-1090.613370	313.087012	1090.613370	-308.944847	5.055030	
220	15.737699	16.479728	4.900644	-1391.491040	-448.948586	1391.491040	356.816174	-1138.676803	336.328589	1138.676803	-334.389534	5.148994	
221	16.318691	17.492464	4.797358	-1392.299295	-452.141883	1392.299295	325.738904	-1188.228071	360.741998	1188.228071	-360.914070	5.264487	
222	17.034609	18.633992	4.689406	-1383.616636	-455.719660	1383.616636	293.828735	-1240.994676	387.182631	1240.994676	-389.113897	5.404792	
223	17.921498	19.940886	4.577495	-1365.657424	-460.057639	1365.657424	260.930660	-1299.134019	416.561780	1299.134019	-419.609489	5.573850	
224	19.008265	21.439525	4.462360	-1338.515545	-465.516227	1338.515545	226.812763	-1364.360498	449.589049	1364.360498	-452.786028	5.775894	
225	20.319776	23.152770	4.344810	-1301.511269	-472.115406	1301.511269	190.704854	-1437.638555	486.796271	1437.638555	-488.834717	6.014915	
226	21.877716	25.108872	4.225597	-1253.435560	-479.614259	1253.435560	151.530289	-1519.400019	528.539215	1519.400019	-527.783624	6.294175	
227	23.690077	27.328585	4.105392	-1192.778033	-487.638071	1192.778033	108.474153	-1609.177361	574.668655	1609.177361	-569.203832	6.615717	
228	25.741388	29.814587	3.984836	-1117.578527	-495.531899	1117.578527	61.103865	-1704.900351	624.174179	1704.900351	-611.914860	6.979842	
229	27.988776	32.549600	3.864476	-1026.049024	-502.433938	1026.049024	9.662470	-1802.713160	674.915794	1802.713160	-653.814266	7.384815	
230	30.362840	35.486982	3.744784	-917.513537	-507.390069	917.513537	-44.609921	-1896.972453	723.454587	1896.972453	-691.846721	7.826929	
231	32.775842	38.549887	3.626209	-792.822249	-509.288323	792.822249	-99.654747	-1980.520994	765.225607	1980.520994	-722.334427	8.300797	
232	35.130454	41.645599	3.509037	-654.725262	-507.077447	654.725262	-152.623275	-2045.558192	794.898106	2045.558192	-741.427145	8.799828	
233	37.327875	44.674507	3.393251	-508.105969	-499.983640	508.105969	-199.880247	-2084.568687	806.816634	2084.568687	-745.573013	9.316882	
234	39.274001	47.528137	3.278544	-359.180472	-487.350079	359.180472	-237.482081	-2091.032342	795.552320	2091.032342	-731.993241	9.844913	
235	40.886822	50.087773	3.164470	-214.318823	-468.543433	214.318823	-261.741038	-2060.330215	756.721905	2060.330215	-699.197863	10.377466	
236	42.114739	52.234146	3.050694	-79.469455	-443.215512	79.469455	-269.481616	-1991.054570	688.226980	1991.054570	-647.824973	10.909090	
237	42.954973	53.869776	2.937287	41.036663	-411.535976	-41.036663	-258.118563	-1886.089236	591.224745	1886.089236	-581.371295	11.435599	
238	43.460388	54.942134	2.824697	145.653561	-374.229419	-145.653561	-225.717256	-1752.522031	470.166149	1752.522031	-506.372448	11.954047	
239	43.726222	55.451842	2.713399	233.659982	-333.161634	-233.659982	-169.922419	-1600.456775	331.685077	1600.456775	-431.663392	12.462434	
240	43.856781	55.438641	2.603807	303.130569	-291.607033	-303.130569	-86.868523	-1441.224280	182.742533	1441.224280	-366.677789	12.959224	
241	43.934120	54.961786	2.496364	352.714049	-253.148375	-352.714049	27.806341	-1285.344374	29.121201	1285.344374	-319.781412	13.442719	
242	43.987787	54.089605	2.391390	383.120076	-220.687579	-383.120076	177.513834	-1140.629787	-125.390922	1140.629787	-296.786590	13.910389	
243	43.954797	52.877045	2.288946	396.947363	-195.870609	-396.947363	363.137814	-1010.475850	-278.959533	1010.475850	-299.406780	14.358225	
244	43.654483	51.325886	2.188876	400.075131	-177.878197	-400.075131	579.366830	-892.113973	-429.893179	892.113973	-325.101401	14.779500	
245	42.801650	49.355768	2.090883	403.376273	-162.188151	-403.376273	810.068169	-775.147565	-573.113507	775.147565	-369.550485	15.162129	
246	41.076225	46.814395	1.994595	422.738224	-140.580697	-422.738224	1026.370385	-641.738667	-697.025775	641.738667	-431.172089	15.484202	
247	38.276928	43.552904	1.899627	477.093698	-103.640313	-477.093698	1192.677680	-470.996059	-784.483677	470.996059	-516.228645	15.708514	
248	34.507675	39.553997	1.805683	580.335027	-47.446420	-580.335027	1284.737313	-251.016395	-821.112622	251.016395	-638.332734	15.780347	
249	30.261363	35.042117	1.712735	720.926832	17.089973	-720.926832	1310.577105	2.562323	-807.806255	-2.562323	-800.950812	15.637421	
250	26.259595	30.435262	1.621087	838.250119	62.723136	-838.250119	1306.463435	237.051508	-762.807635	-237.051508	-964.149621	15.241412	
251	23.082894	26.063457	1.531236	835.173626	63.742676	-835.173626	1297.462428	385.251643	-703.387440	-385.251643	-1033.643140	14.625767	
252	20.994228	21.901936	1.443805	648.833183	20.611707	-648.833183	1272.905404	411.630335	-631.275032	-411.630335	-912.736526	13.925455	
253	20.132521	17.548986	1.359677	309.774783	-38.484453	-309.774783	1210.696685	334.918292	-545.536338	-334.918292	-574.976743	13.345901	
254	20.528874	12.380787	1.280042	-82.868044	-79.313498	82.868044	1099.001180	209.976800	-456.214663	-209.976800	-79.448038	13.070775	
255	21.743920	5.895293	1.206096	-416.941659	-80.867473	416.941659	932.340198	102.012775	-378.257416	-102.012775	459.603569	13.164305	
256	22.810400	-1.802716	1.138616	-587.113163	-42.662947	587.113163	718.161731	71.478291	-324.559946	-71.478291	902.877059	13.535896	
257	22.736075	-9.746837	1.077760	-508.132226	16.623814	508.132226	491.200082	158.809588	-302.544413	-158.809588	1124.817264	13.990044	
258	21.008552	-16.535475	1.023079	-157.944669	69.797771	157.944669	295.659832	362.396188	-300.520581	-362.396188	1073.014912	14.322250	
259	17.690744	-21.285559	0.973681	390.002832	98.154155	-390.002832	144.887597	628.213057	-280.447701	-628.213057	802.286361	14.401086	
260	13.181106	-24.123185	0.928493	996.565322	100.790073	-996.565322	17.410172	876.343573	-204.249024	-876.343573	433.899386	14.198797	
261	7.957925	-25.765642	0.886370	1519.380223	88.621101	-1519.380223	-110.303037	1047.611962	-67.680756	-1047.611962	80.378549	13.770325	
262	2.518536	-26.866375	0.846079	1856.174129	73.177767	-1856.174129	-241.249784	1127.644725	97.146189	-1127.644725	-192.356299	13.209212	
263	-2.618177	-27.767288	0.806476	1962.605222	61.005842	-1962.605222	-359.211001	1136.272584	245.334831	-1136.272584	-360.171780	12.609345	
264	-7.003049	-28.589399	0.766823	1851.995684	54.009048	-1851.995684	-438.134734	1104.102894	341.899979	-1104.102894	-425.488972	12.043890	
265	-10.352245	-29.336219	0.726930	1580.472603	51.545434	-1580.472603	-449.410863	1057.583264	369.607746	-1057.583264	-406.126757	11.558494	
266	-12.568280	-29.934169	0.687041	1227.742744	52.088076	-1227.742744	-369.240258	1014.988543	326.698150	-1014.988543	-326.712363	11.172767	
267	-13.724232	-30.247575	0.647599	880.247976	54.198945	-880.247976	-189.455053	987.703515	222.992658	-987.703515	-211.902023	10.885760	
268	-14.022457	-30.056281	0.609159	613.737260	56.756756	-613.737260	69.105800	983.746873	77.654923	-983.746873	-82.781881	10.682099	
269	-13.715512	-29.030977	0.572493	475.143541	58.796986	-475.143541	348.351706	1010.294730	-82.268894	-1010.294730	43.279288	10.536709	
270	-13.008540	-26.778276	0.538627	472.915957	59.537641	-472.915957	561.185475	1071.917846	-225.260029	-1071.917846	151.064970	10.418310	
271	-11.978827	-22.983120	0.508754	581.990952	58.471493	-581.990952	621.630205	1165.252795	-322.166777	-1165.252795	227.003180	10.293206	
272	-10.568564	-17.628068	0.484220	758.846912	55.404736	-758.846912	489.299927	1273.974660	-355.525865	-1273.974660	261.800974	10.131018	
273	-8.697144	-11.178147	0.466430	956.992530	50.761033	-956.992530	200.729426	1370.570266	-327.663643	-1370.570266	255.407077	9.912371	
274	-6.422626	-4.544104	0.456611	1137.015975	46.001770	-1137.015975	-144.604415	1428.291953	-260.702400	-1428.291953	219.436304	9.635107	
275	-4.001580	1.239956	0.455569	1271.452795	43.487755	-1271.452795	-440.059146	1434.961830	-185.007859	-1434.961830	172.457173	9.314305	
276	-1.791975	5.432087	0.463510	1347.504727	45.571008	-1347.504727	-625.053881	1396.753151	-123.712844	-1396.753151	130.676637	8.974990	
277	-0.085522	7.803814	0.479988	1368.404102	53.496895	-1368.404102	-697.386290	1330.564515	-85.240014	-1330.564515	101.829351	8.641835	
278	1.003985	8.577258	0.503962	1349.331439	66.820754	-1349.331439	-689.822440	1253.470272	-66.402603	-1253.470272	85.693512	8.331766	
279	1.539296	8.212029	0.533933	1307.530296	83.580660	-1307.530296	-640.886730	1176.534389	-59.600857	-1176.534389	78.133690	8.052137	
280	1.688911	7.206188	0.568215	1254.254273	101.042171	-1254.254273	-578.786331	1103.918522	-58.100342	-1103.918522	74.767163	7.803089	
281	1.646570	5.980999	0.605162	1193.554779	116.606980	-1193.554779	-518.921830	1035.290454	-57.811119	-1035.290454	72.607687	7.581287	
282	1.569055	4.831671	0.643335	1125.640292	128.499467	-1125.640292	-467.535002	969.092455	-56.917740	-969.092455	70.178979	7.382722	
283	1.554801	3.920730	0.681637	1050.775266	135.987198	-1050.775266	-425.712676	904.576910	-55.036048	-904.576910	67.149483	7.203882	
284	1.652227	3.304294	0.719367	971.250697	139.210057	-971.250697	-392.112838	842.124513	-52.485117	-842.124513	63.823467	7.041929	
285	1.869862	2.971296	0.756253	891.007463	138.908400	-891.007463	-364.672246	782.676000	-49.767681	-782.676000	60.652969	6.894577	
286	2.185435	2.872198	0.792445	814.220206	136.130012	-814.220206	-341.420245	727.229514	-47.331141	-727.229514	57.985837	6.759995	
287	2.556348	2.935887	0.828373	743.987125	131.913994	-743.987125	-320.772837	676.603864	-45.469098	-676.603864	55.971428	6.636729	
288	2.932343	3.089485	0.864507	681.534183	127.054554	-681.534183	-301.723397	631.201275	-44.275528	-631.201275	54.536390	6.523671	
289	3.264870	3.272597	0.901107	626.243413	122.005890	-626.243413	-283.800375	590.908007	-43.644709	-590.908007	53.411208	6.420037	
290	3.507933	3.436533	0.938144	576.400022	116.930210	-576.400022	-266.852581	555.214346	-43.279094	-555.214346	52.166312	6.325215	
291	3.619167	3.540053	0.975378	530.155570	111.881542	-530.155570	-251.018680	523.442981	-42.726176	-523.442981	50.274193	6.238412	
292	3.567291	3.547801	1.012413	486.362056	106.941113	-486.362056	-236.676124	494.972705	-41.477792	-494.972705	47.228561	6.158357	
293	3.337854	3.429732	1.048819	444.945191	102.129186	-444.945191	-224.089150	469.273054	-39.066164	-469.273054	42.653586	6.083216	
294	2.929875	3.162624	1.084299	406.722545	97.369514	-406.722545	-213.305624	445.891351	-35.071670	-445.891351	36.304096	6.010600	
295	2.354339	2.734414	1.118756	372.976639	92.602178	-372.976639	-204.329953	424.471289	-29.170411	-424.471289	28.084265	5.937601	
296	1.640116	2.147470	1.152210	344.977902	87.748089	-344.977902	-196.986425	404.657291	-21.301272	-404.657291	18.176203	5.861133	
297	0.830626	1.417480	1.184650	323.489979	82.703106	-323.489979	-190.921710	386.050592	-11.718832	-386.050592	7.044909	5.778478	
298	-0.029954	0.569239	1.215909	308.418489	77.521295	-308.418489	-186.017475	368.333698	-0.872400	-368.333698	-4.727980	5.687592	
299	-0.900575	-0.362727	1.245717	298.791278	72.398862	-298.791278	-182.328562	351.290015	10.635050	-351.290015	-16.510098	5.587129	
300	-1.740245	-1.330734	1.273883	292.980114	67.483176	-292.980114	-179.622124	334.695871	22.040094	-334.695871	-27.607472	5.476513	
301	-2.516076	-2.284178	1.300272	289.146929	62.905402	-289.146929	-177.508377	318.401615	32.607763	-318.401615	-37.415977	5.356043	
302	-3.212092	-3.183940	1.324746	285.759121	58.873472	-285.759121	-175.774739	302.451609	41.841912	-302.451609	-45.589399	5.226731	
303	-3.823573	-4.001976	1.347212	281.707016	55.560535	-281.707016	-174.223917	286.947779	49.461341	-286.947779	-51.996584	5.089985	
304	-4.351180	-4.720927	1.367667	276.233855	53.016985	-276.233855	-172.580513	271.925973	55.342205	-271.925973	-56.647337	4.947475	
305	-4.803525	-5.340953	1.386188	269.120562	51.242116	-269.120562	-170.716467	257.465230	59.552867	-257.465230	-59.706072	4.800999	
306	-5.196347	-5.874665	1.402852	260.617674	50.283068	-260.617674	-168.749984	243.766579	62.318797	-243.766579	-61.452469	4.652215	
307	-5.548398	-6.337678	1.417699	250.978543	50.204432	-250.978543	-166.873167	230.978121	63.942446	-230.978121	-62.211702	4.502443	
308	-5.875766	-6.746391	1.430755	240.415528	50.913309	-240.415528	-164.997650	219.020520	64.700778	-219.020520	-62.273018	4.352569	
309	-6.182822	-7.108156	1.442032	229.302737	52.131263	-229.302737	-162.639295	207.688822	64.712566	-207.688822	-61.775009	4.203117	
310	-6.463474	-7.419288	1.451645	218.066025	53.553437	-218.066025	-159.259984	196.809982	63.972591	-196.809982	-60.727004	4.054512	
311	-6.711259	-7.678384	1.459962	207.047142	54.933193	-207.047142	-154.539844	186.268734	62.487744	-186.268734	-59.128640	3.907191	
312	-6.920914	-7.886310	1.467469	196.520204	56.075481	-196.520204	-148.323981	176.004709	60.292377	-176.004709	-56.996324	3.761455	
313	-7.085368	-8.040197	1.474411	186.758577	56.802616	-186.758577	-140.515896	166.012042	57.415197	-166.012042	-54.340227	3.617402	
314	-7.197033	-8.136301	1.480724	177.988692	56.944165	-177.988692	-131.070635	156.300462	53.894710	-156.300462	-51.172248	3.474981	
315	-7.248718	-8.169362	1.486260	170.237124	56.394185	-170.237124	-120.063342	146.857559	49.791674	-146.857559	-47.515373	3.334075	
316	-7.229627	-8.125657	1.490924	163.266608	55.139488	-163.266608	-107.724871	137.653862	45.166077	-137.653862	-43.388766	3.194651	
317	-7.125714	-7.983573	1.494647	156.629545	53.236567	-156.629545	-94.476326	128.654834	40.104567	-128.654834	-38.834772	3.057012	
318	-6.929374	-7.728133	1.497311	149.856776	50.784122	-149.856776	-80.959808	119.840767	34.790668	-119.840767	-33.981645	2.921901	
319	-6.645652	-7.367130	1.498726	142.797816	47.888019	-142.797816	-67.879962	111.265005	29.482373	-111.265005	-29.033926	2.790313	
320	-6.289427	-6.926106	1.498723	135.630757	44.707520	-135.630757	-55.829339	103.063192	24.426084	-103.063192	-24.218039	2.663225	
321	-5.876856	-6.420253	1.497259	128.403422	41.515804	-128.403422	-45.342783	95.343737	19.811138	-95.343737	-19.739436	2.541476	
322	-5.421931	-5.853307	1.494409	120.930574	38.533093	-120.930574	-36.839448	88.089507	15.772532	-88.089507	-15.751770	2.425921	
323	-4.943880	-5.249676	1.490310	113.167554	35.758237	-113.167554	-30.349563	81.209303	12.387068	-81.209303	-12.347504	2.317519	
324	-4.466881	-4.648549	1.485158	105.221122	33.118502	-105.221122	-25.588266	74.634262	9.655401	-74.634262	-9.558443	2.217113	
325	-4.012296	-4.073961	1.479178	97.112383	30.625729	-97.112383	-22.285469	68.332378	7.528750	-68.332378	-7.370752	2.125274	
326	-3.597528	-3.537995	1.472565	88.837697	28.318454	-88.837697	-20.231536	62.306197	5.946746	-62.306197	-5.743049	2.042273	
327	-3.233477	-3.049071	1.465447	80.462525	26.211564	-80.462525	-19.201010	56.581478	4.834345	-56.581478	-4.604313	1.968083	
328	-2.919530	-2.607665	1.457859	72.082420	24.297634	-72.082420	-18.942635	51.162958	4.092134	-51.162958	-3.852883	1.902539	
329	-2.646654	-2.210429	1.449757	63.825020	22.535528	-63.825020	-19.153915	46.020585	3.612187	-46.020585	-3.379556	1.845525	
330	-2.407537	-1.858010	1.441097	55.817433	20.860911	-55.817433	-19.539381	41.120709	3.309558	-41.120709	-3.101130	1.796947	
331	-2.201161	-1.555204	1.431911	48.120542	19.209646	-48.120542	-19.907079	36.454855	3.134295	-36.454855	-2.969473	1.756546	
332	-2.025373	-1.304260	1.422300	40.744244	17.530749	-40.744244	-20.137930	32.015658	3.052076	-32.015658	-2.950899	1.723776	
333	-1.870397	-1.098583	1.412386	33.686566	15.794296	-33.686566	-20.135232	27.762434	3.031488	-27.762434	-3.013032	1.697939	
334	-1.722516	-0.923857	1.402291	26.941367	13.983576	-26.941367	-19.860527	23.645288	3.050868	-23.645288	-3.129673	1.678355	
335	-1.568012	-0.763028	1.392123	20.504990	12.071213	-20.504990	-19.369584	19.651673	3.097545	-19.651673	-3.282259	1.664426	
336	-1.394675	-0.600452	1.382024	14.428164	10.027311	-14.428164	-18.780042	15.831112	3.165029	-15.831112	-3.460434	1.655689	
337	-1.194781	-0.423248	1.372288	8.863550	7.852335	-8.863550	-18.216068	12.293691	3.254732	-12.293691	-3.663093	1.651743	
338	-0.960795	-0.225236	1.363378	4.071813	5.536398	-4.071813	-17.696611	9.171180	3.359888	-9.171180	-3.891789	1.652053	
339	-0.673003	-0.028275	1.355845	0.438127	2.991545	-0.438127	-16.811973	6.513721	3.438672	-6.513721	-4.143753	1.655751	
340	-0.299447	0.123058	1.350306	-1.702040	0.114684	1.702040	-14.825083	4.229538	3.428992	-4.229538	-4.414156	1.661366	
341	0.180143	0.225705	1.347432	-2.402428	-3.093317	2.402428	-11.620007	2.239982	3.312966	-2.239982	-4.695779	1.666946	
342	0.751499	0.329341	1.347856	-2.088538	-6.548082	2.088538	-7.975945	0.622472	3.138584	-0.622472	-4.965217	1.670784	
343	1.376725	0.465849	1.352092	-1.239810	-10.185875	1.239810	-4.623509	-0.542969	2.962362	0.542969	-5.187916	1.671836	
344	2.019852	0.633392	1.360577	-0.355420	-13.948150	0.355420	-1.696221	-1.409188	2.800446	1.409188	-5.325102	1.669551	
345	2.652395	0.843635	1.373635	-0.069205	-17.695210	0.069205	0.993789	-2.392691	2.617534	2.392691	-5.321538	1.664114	
346	3.224304	1.100301	1.391285	-0.865357	-21.114281	0.865357	3.700507	-3.894658	2.356231	3.894658	-5.138339	1.656914	
347	3.705669	1.356824	1.413071	-2.681144	-24.070539	2.681144	6.900316	-6.063013	1.978790	6.063013	-4.804808	1.649909	
348	3.887116	1.469580	1.437651	-4.062678	-25.262989	4.062678	10.130050	-7.991237	1.642156	7.991237	-4.350169	1.644303	
349	4.067776	1.585708	1.463348	-5.896123	-26.529708	5.896123	13.428601	-10.128465	1.298506	10.128465	-3.877010	1.640355	
