kww	// User ID
28-6-2021	// Evaluation date
p30_warmup_007	26-6-2021	12:13:28:934	// Source file name and timestamp
357.143	// Sampling rate
1.083	// Data capture period

1.850000	// height
83.100000	// mass


Sample #	elbVar	shldrIR	LwristLinVelo	thorJFPd	thorSTPd	UaJFPp	UaSTPp	UaJFPd	UaSTPd	FaJFPp	FaSTPp	RwristLinVelo	
0	3.142392	1.077898	2.313441	10.565438	0.645929	-10.565438	-9.831295	7.121794	6.347852	-7.121794	-15.541218	1.521443	
1	3.144119	1.046574	2.302279	11.337581	0.659271	-11.337581	-9.506189	7.310620	6.336553	-7.310620	-15.579183	1.515687	
2	3.193542	1.034772	2.289016	12.106492	0.724141	-12.106492	-9.430444	7.619714	6.414014	-7.619714	-15.821409	1.508117	
3	3.042437	0.938271	2.275484	12.778232	0.602503	-12.778232	-8.378158	7.438036	6.089245	-7.438036	-15.135413	1.499582	
4	2.825174	0.814458	2.264954	13.409421	0.423825	-13.409421	-7.038252	7.103619	5.638217	-7.103619	-14.184583	1.491461	
5	2.566838	0.671434	2.259071	13.962755	0.213925	-13.962755	-5.532482	6.662592	5.113435	-6.662592	-13.091545	1.484304	
6	2.299443	0.524651	2.258843	14.346046	0.002699	-14.346046	-4.047897	6.160358	4.578738	-6.160358	-11.979558	1.478688	
7	2.030920	0.370604	2.264583	14.588983	-0.185406	-14.588983	-2.630071	5.652252	4.050311	-5.652252	-10.895341	1.475130	
8	1.769223	0.211999	2.276140	14.749194	-0.346991	-14.749194	-1.285121	5.168210	3.542953	-5.168210	-9.877457	1.473939	
9	1.533691	0.070714	2.293099	14.789770	-0.496449	-14.789770	-0.082653	4.698559	3.092701	-4.698559	-8.971037	1.475229	
10	1.336512	-0.041883	2.314825	14.693005	-0.628480	-14.693005	0.915722	4.259610	2.721615	-4.259610	-8.208753	1.478835	
11	1.168248	-0.139947	2.340430	14.534693	-0.726476	-14.534693	1.760318	3.874838	2.408915	-3.874838	-7.573273	1.484451	
12	1.025771	-0.230536	2.368902	14.374520	-0.789897	-14.374520	2.486563	3.553076	2.146286	-3.553076	-7.067082	1.491891	
13	0.915742	-0.306468	2.399263	14.200532	-0.827049	-14.200532	3.067190	3.297648	1.946086	-3.297648	-6.716104	1.500941	
14	0.835723	-0.365549	2.430669	13.997479	-0.845601	-13.997479	3.512238	3.096038	1.803773	-3.096038	-6.506104	1.511198	
15	0.780777	-0.404783	2.462480	13.761429	-0.864546	-13.761429	3.859936	2.910558	1.709519	-2.910558	-6.393303	1.522268	
16	0.744061	-0.423700	2.494240	13.496058	-0.899456	-13.496058	4.161043	2.708431	1.649120	-2.708431	-6.322643	1.534022	
17	0.716071	-0.432150	2.525642	13.249517	-0.942465	-13.249517	4.475148	2.496548	1.603752	-2.496548	-6.265444	1.546519	
18	0.698659	-0.433426	2.556581	13.085773	-0.983241	-13.085773	4.800821	2.300570	1.579320	-2.300570	-6.258706	1.559656	
19	0.703200	-0.421521	2.587148	13.033557	-1.019111	-13.033557	5.075225	2.142175	1.602455	-2.142175	-6.367464	1.572988	
20	0.735751	-0.395823	2.617551	13.080122	-1.039486	-13.080122	5.240280	2.048106	1.688941	-2.048106	-6.630020	1.585817	
21	0.788768	-0.363705	2.647955	13.185072	-1.035506	-13.185072	5.300473	2.026170	1.824734	-2.026170	-7.020930	1.597401	
22	0.851679	-0.326950	2.678291	13.318607	-1.020533	-13.318607	5.299268	2.041325	1.987979	-2.041325	-7.477951	1.607189	
23	0.924166	-0.277678	2.708266	13.472134	-1.011318	-13.472134	5.235114	2.058921	2.178583	-2.058921	-7.973940	1.614935	
24	1.004936	-0.215865	2.737542	13.619797	-1.005579	-13.619797	5.101086	2.076458	2.393010	-2.076458	-8.495358	1.620654	
25	1.084107	-0.151421	2.765916	13.729962	-0.996980	-13.729962	4.940275	2.096861	2.607295	-2.096861	-8.999827	1.624518	
26	1.154813	-0.091190	2.793453	13.805373	-0.983118	-13.805373	4.779120	2.120760	2.804919	-2.120760	-9.458884	1.626693	
27	1.214811	-0.041521	2.820403	13.862085	-0.958549	-13.862085	4.628061	2.154154	2.980442	-2.154154	-9.871350	1.627293	
28	1.259631	-0.012191	2.846959	13.903768	-0.919269	-13.903768	4.537938	2.195640	3.122871	-2.195640	-10.226431	1.626493	
29	1.284070	-0.008531	2.873211	13.925782	-0.868180	-13.925782	4.560319	2.234783	3.219708	-2.234783	-10.502377	1.624605	
30	1.285677	-0.025443	2.899203	13.907349	-0.818007	-13.907349	4.711604	2.245245	3.264209	-2.245245	-10.672926	1.622083	
31	1.267478	-0.051760	2.924927	13.800586	-0.783569	-13.800586	4.972089	2.187393	3.260379	-2.187393	-10.723125	1.619518	
32	1.239338	-0.078695	2.950271	13.557690	-0.764895	-13.557690	5.271460	2.052563	3.228896	-2.052563	-10.686267	1.617459	
33	1.211021	-0.103377	2.975022	13.194818	-0.750427	-13.194818	5.539881	1.872768	3.194149	-1.872768	-10.627808	1.616083	
34	1.185980	-0.125655	2.998857	12.782714	-0.732855	-12.782714	5.761957	1.678278	3.167611	-1.678278	-10.590035	1.615110	
35	1.164398	-0.142528	3.021395	12.352609	-0.713117	-12.352609	5.940476	1.472435	3.150121	-1.472435	-10.573022	1.614105	
36	1.149480	-0.146460	3.042298	11.889231	-0.695604	-11.889231	6.059047	1.247576	3.146641	-1.247576	-10.573491	1.612782	
37	1.148186	-0.129569	3.061381	11.382795	-0.684162	-11.382795	6.095131	1.003564	3.170876	-1.003564	-10.611263	1.610941	
38	1.163937	-0.091784	3.078740	10.816801	-0.678648	-10.816801	6.046629	0.739954	3.228717	-0.739954	-10.694060	1.608359	
39	1.194647	-0.042440	3.094677	10.178051	-0.672765	-10.178051	5.932823	0.457710	3.314981	-0.457710	-10.815769	1.604902	
40	1.237567	0.010534	3.109411	9.489509	-0.661225	-9.489509	5.778021	0.161852	3.425068	-0.161852	-10.976664	1.600542	
41	1.287617	0.063366	3.123025	8.794470	-0.644490	-8.794470	5.617952	-0.152040	3.548783	0.152040	-11.155128	1.595295	
42	1.332857	0.106982	3.135617	8.131049	-0.622321	-8.131049	5.519651	-0.491012	3.661249	0.491012	-11.299606	1.589301	
43	1.360472	0.130824	3.147410	7.508966	-0.592820	-7.508966	5.554947	-0.851984	3.737525	0.851984	-11.369530	1.582900	
44	1.367825	0.132507	3.158638	6.914608	-0.555398	-6.914608	5.739701	-1.224674	3.775611	1.224674	-11.370996	1.576425	
45	1.361523	0.112368	3.169346	6.334735	-0.507623	-6.334735	6.025996	-1.600871	3.794235	1.600871	-11.343923	1.570012	
46	1.350350	0.070811	3.179449	5.752175	-0.446215	-5.752175	6.341347	-1.980035	3.815347	1.980035	-11.329083	1.563720	
47	1.341175	0.015871	3.188966	5.152968	-0.374405	-5.152968	6.636834	-2.366527	3.852147	2.366527	-11.346819	1.557598	
48	1.335230	-0.039095	3.198082	4.534102	-0.300990	-4.534102	6.912607	-2.769841	3.901454	2.769841	-11.379736	1.551607	
49	1.330349	-0.084889	3.207011	3.891060	-0.231698	-3.891060	7.185871	-3.198705	3.952143	3.198705	-11.396468	1.545711	
50	1.328759	-0.116915	3.215884	3.231263	-0.167176	-3.231263	7.448164	-3.643239	4.006415	3.643239	-11.406156	1.539904	
51	1.338231	-0.131977	3.224760	2.567915	-0.106711	-2.567915	7.653559	-4.079674	4.082014	4.079674	-11.453637	1.534049	
52	1.362776	-0.130447	3.233714	1.882851	-0.049775	-1.882851	7.755957	-4.501883	4.188003	4.501883	-11.552158	1.527849	
53	1.398095	-0.115332	3.242865	1.153841	0.003670	-1.153841	7.757922	-4.924934	4.314193	4.924934	-11.666665	1.521026	
54	1.436169	-0.091515	3.252336	0.385642	0.055282	-0.385642	7.704643	-5.362795	4.443443	5.362795	-11.754581	1.513351	
55	1.464519	-0.070734	3.262214	-0.423355	0.111981	0.423355	7.675596	-5.838819	4.549389	5.838819	-11.763435	1.504751	
56	1.469365	-0.066625	3.272474	-1.289958	0.183463	1.289958	7.756341	-6.385847	4.601438	6.385847	-11.640991	1.495578	
57	1.447804	-0.083850	3.282924	-2.222126	0.274978	2.222126	7.962391	-7.003626	4.593611	7.003626	-11.394300	1.486504	
58	1.408948	-0.116399	3.293377	-3.212202	0.384043	3.212202	8.246110	-7.663664	4.547167	7.663664	-11.081376	1.478065	
59	1.363445	-0.152700	3.303837	-4.244560	0.503817	4.244560	8.567331	-8.350703	4.484806	8.350703	-10.749665	1.470495	
60	1.315226	-0.186209	3.314346	-5.318336	0.629312	5.318336	8.904788	-9.055217	4.415500	9.055217	-10.418258	1.463868	
61	1.262534	-0.219965	3.324783	-6.457178	0.759928	6.457178	9.240763	-9.761682	4.338623	9.761682	-10.093547	1.458194	
62	1.205723	-0.253597	3.334982	-7.676592	0.895219	7.676592	9.562311	-10.469940	4.255079	10.469940	-9.778425	1.453429	
63	1.149747	-0.278807	3.344930	-8.975612	1.032364	8.975612	9.853319	-11.191938	4.172452	11.191938	-9.476536	1.449547	
64	1.100990	-0.296179	3.354707	-10.352221	1.169216	10.352221	10.075084	-11.917320	4.108007	11.917320	-9.207101	1.446552	
65	1.066908	-0.316610	3.364346	-11.781519	1.302711	11.781519	10.171574	-12.613611	4.088715	12.613611	-9.008577	1.444287	
66	1.053199	-0.343194	3.373943	-13.219029	1.427221	13.219029	10.125193	-13.271501	4.131542	13.271501	-8.900474	1.442381	
67	1.057608	-0.369389	3.383755	-14.636451	1.540170	14.636451	10.005157	-13.918562	4.225339	13.918562	-8.856819	1.440529	
68	1.071346	-0.391412	3.394036	-16.026368	1.645163	16.026368	9.923608	-14.586011	4.344484	14.586011	-8.836563	1.438729	
69	1.087825	-0.411057	3.404884	-17.390967	1.746920	17.390967	9.930603	-15.283955	4.474835	15.283955	-8.821196	1.437136	
70	1.106904	-0.428499	3.416197	-18.746621	1.845621	18.746621	9.992666	-16.007624	4.619080	16.007624	-8.813611	1.435782	
71	1.128488	-0.442274	3.427752	-20.134496	1.940831	20.134496	10.081665	-16.755193	4.776780	16.755193	-8.808626	1.434531	
72	1.148721	-0.456796	3.439394	-21.601869	2.035974	21.601869	10.196254	-17.524849	4.936671	17.524849	-8.786991	1.433262	
73	1.167115	-0.477107	3.451057	-23.162766	2.132078	23.162766	10.300765	-18.311239	5.096867	18.311239	-8.743105	1.431945	
74	1.188640	-0.499446	3.462685	-24.785908	2.223983	24.785908	10.342405	-19.116156	5.270045	19.116156	-8.689891	1.430550	
75	1.216315	-0.518046	3.474308	-26.428900	2.307947	26.428900	10.315174	-19.945003	5.463831	19.945003	-8.633745	1.429039	
76	1.249339	-0.532894	3.486148	-28.064975	2.385935	28.064975	10.246130	-20.794531	5.675416	20.794531	-8.569706	1.427449	
77	1.287497	-0.545436	3.498533	-29.669286	2.459216	29.669286	10.145133	-21.651089	5.903562	21.651089	-8.497691	1.425865	
78	1.331242	-0.554868	3.511721	-31.238562	2.527254	31.238562	10.011645	-22.507089	6.148432	22.507089	-8.419682	1.424320	
79	1.379806	-0.559707	3.525823	-32.820407	2.594040	32.820407	9.857669	-23.376079	6.405143	23.376079	-8.329216	1.422810	
80	1.431711	-0.558907	3.540808	-34.475991	2.666395	34.475991	9.700772	-24.276565	6.666142	24.276565	-8.216397	1.421390	
81	1.484835	-0.553591	3.556606	-36.231892	2.746420	36.231892	9.560649	-25.206960	6.922759	25.206960	-8.072980	1.420181	
82	1.538130	-0.548129	3.573325	-38.064668	2.826678	38.064668	9.438545	-26.139935	7.170195	26.139935	-7.896825	1.419301	
83	1.593752	-0.548622	3.591317	-39.948757	2.889039	39.948757	9.276221	-27.027207	7.415256	27.027207	-7.696909	1.418798	
84	1.653468	-0.562014	3.611028	-41.908729	2.913939	41.908729	8.993281	-27.824032	7.665893	27.824032	-7.480858	1.418615	
85	1.715687	-0.593630	3.632847	-43.973412	2.892954	43.973412	8.567434	-28.520565	7.917725	28.520565	-7.241581	1.418618	
86	1.778639	-0.645830	3.656931	-46.142263	2.822783	46.142263	8.016293	-29.120186	8.160859	29.120186	-6.966932	1.418691	
87	1.843645	-0.723355	3.683129	-48.421816	2.686852	48.421816	7.303166	-29.586040	8.392088	29.586040	-6.654520	1.418755	
88	1.912029	-0.831604	3.711124	-50.803954	2.462707	50.803954	6.386630	-29.867055	8.605449	29.867055	-6.302064	1.418704	
89	1.976808	-0.950496	3.740580	-53.184751	2.182095	53.184751	5.500573	-30.049080	8.758844	30.049080	-5.877177	1.418486	
90	2.026497	-1.026472	3.771154	-55.396248	1.949879	55.396248	5.101769	-30.381370	8.791373	30.381370	-5.334145	1.418405	
91	2.059339	-1.029038	3.802500	-57.354761	1.834198	57.354761	5.322084	-31.005513	8.698711	31.005513	-4.672591	1.419169	
92	2.081389	-0.986986	3.834263	-59.129346	1.800546	59.129346	5.870687	-31.822080	8.529803	31.822080	-3.929720	1.421461	
93	2.096134	-0.943196	3.866096	-60.865623	1.789281	60.865623	6.461447	-32.687162	8.320092	32.687162	-3.131542	1.425602	
94	2.105468	-0.916728	3.897700	-62.676565	1.767363	62.676565	6.965820	-33.537125	8.084102	33.537125	-2.288730	1.431639	
95	2.111138	-0.910398	3.928857	-64.587142	1.721167	64.587142	7.344567	-34.370161	7.830288	34.370161	-1.405538	1.439514	
96	2.111446	-0.920824	3.959397	-66.511909	1.661222	66.511909	7.646253	-35.223262	7.554867	35.223262	-0.480099	1.449173	
97	2.106226	-0.941121	3.989143	-68.331093	1.603374	68.331093	7.926878	-36.119667	7.262052	36.119667	0.479885	1.460631	
98	2.101862	-0.964374	4.017885	-70.045531	1.540586	70.045531	8.154328	-37.031375	6.980888	37.031375	1.453412	1.473933	
99	2.102601	-0.987586	4.045448	-71.729908	1.460656	71.729908	8.299967	-37.910722	6.727837	37.910722	2.430318	1.489087	
100	2.103248	-1.012566	4.071714	-73.354763	1.370424	73.354763	8.428293	-38.740795	6.478014	38.740795	3.422353	1.506090	
101	2.098420	-1.042944	4.096611	-74.819335	1.271916	74.819335	8.563836	-39.528583	6.205453	39.528583	4.441188	1.524936	
102	2.095942	-1.076786	4.120234	-76.090778	1.139794	76.090778	8.578955	-40.278463	5.940548	40.278463	5.469003	1.545555	
103	2.107455	-1.108399	4.142924	-77.188392	0.961103	77.188392	8.384661	-41.010905	5.733174	41.010905	6.473520	1.567810	
104	2.129871	-1.136001	4.165135	-78.163485	0.769274	78.163485	8.086635	-41.767632	5.575054	41.767632	7.444269	1.591606	
105	2.149764	-1.159120	4.187303	-79.143367	0.606501	79.143367	7.817476	-42.559441	5.415188	42.559441	8.388984	1.616906	
106	2.155916	-1.181349	4.209856	-80.155056	0.475621	80.155056	7.620548	-43.323896	5.206620	43.323896	9.325286	1.643656	
107	2.145941	-1.209147	4.233290	-81.040341	0.348296	81.040341	7.487599	-43.991363	4.931682	43.991363	10.274122	1.671715	
108	2.126797	-1.242569	4.258110	-81.739507	0.207771	81.739507	7.379329	-44.564017	4.613797	44.564017	11.235629	1.700896	
109	2.105714	-1.282195	4.284716	-82.313332	0.050448	82.313332	7.280098	-45.049118	4.281895	45.049118	12.202537	1.731032	
110	2.085891	-1.331825	4.313429	-82.728596	-0.143780	82.728596	7.191656	-45.416667	3.942189	45.416667	13.190969	1.762005	
111	2.069464	-1.388255	4.344374	-82.959815	-0.392106	82.959815	7.080143	-45.673477	3.593800	45.673477	14.218138	1.793714	
112	2.057032	-1.444611	4.377247	-83.108568	-0.690156	83.108568	6.906788	-45.842099	3.235660	45.842099	15.275837	1.826070	
113	2.046222	-1.502098	4.411462	-83.272434	-1.047221	83.272434	6.671467	-45.881601	2.853622	45.881601	16.360787	1.859015	
114	2.033120	-1.564451	4.446511	-83.487699	-1.478612	83.487699	6.403287	-45.742973	2.423601	45.742973	17.484453	1.892521	
115	2.017124	-1.625070	4.482051	-83.789884	-1.973876	83.789884	6.088543	-45.455553	1.944030	45.455553	18.631290	1.926544	
116	1.999851	-1.680366	4.517871	-84.203460	-2.532720	84.203460	5.693800	-45.074726	1.422205	45.074726	19.794653	1.961003	
117	1.983341	-1.742270	4.553800	-84.780245	-3.192228	84.780245	5.233682	-44.622855	0.851201	44.622855	21.026600	1.995871	
118	1.977618	-1.819675	4.589523	-85.599548	-4.014103	85.599548	4.678278	-44.118951	0.256237	44.118951	22.377630	2.031276	
119	1.994764	-1.907122	4.624612	-86.650072	-5.056657	86.650072	3.955384	-43.576188	-0.319873	43.576188	23.858662	2.067444	
120	2.036537	-1.995905	4.658700	-87.884485	-6.342148	87.884485	3.060132	-42.986818	-0.873825	42.986818	25.462511	2.104604	
121	2.097917	-2.083000	4.691448	-89.288360	-7.879331	89.288360	2.049241	-42.328167	-1.435674	42.328167	27.192298	2.142944	
122	2.173996	-2.168246	4.722478	-90.788781	-9.696183	90.788781	1.013754	-41.570149	-2.050845	41.570149	29.091940	2.182646	
123	2.264477	-2.249795	4.751514	-92.285391	-11.838503	92.285391	0.014580	-40.706710	-2.744197	40.706710	31.194554	2.223918	
124	2.376232	-2.323381	4.778471	-93.792427	-14.365513	93.792427	-0.986144	-39.781108	-3.481840	39.781108	33.441675	2.266998	
125	2.512624	-2.388523	4.803307	-95.362294	-17.313651	95.362294	-1.954569	-38.869322	-4.246484	38.869322	35.775614	2.312148	
126	2.662415	-2.452655	4.825888	-96.888993	-20.663543	96.888993	-2.645339	-38.015065	-5.122553	38.015065	38.257889	2.359642	
127	2.814202	-2.521275	4.846038	-98.128941	-24.409638	98.128941	-2.820884	-37.214879	-6.203205	37.214879	40.975747	2.409740	
128	2.968370	-2.595901	4.863637	-98.819689	-28.632413	98.819689	-2.375687	-36.461251	-7.513607	36.461251	43.960619	2.462655	
129	3.126963	-2.672985	4.878620	-98.797623	-33.404976	98.797623	-1.249108	-35.780290	-9.051174	35.780290	47.192162	2.518519	
130	3.289993	-2.738380	4.890895	-98.078695	-38.700778	98.078695	0.575390	-35.269802	-10.788500	35.269802	50.586203	2.577326	
131	3.457647	-2.782854	4.900283	-96.705990	-44.485038	96.705990	3.129096	-35.046359	-12.687501	35.046359	54.059330	2.638990	
132	3.625976	-2.813985	4.906552	-94.566728	-50.793705	94.566728	6.558302	-35.147985	-14.749103	35.147985	57.592297	2.703486	
133	3.785891	-2.842545	4.909516	-91.488962	-57.672513	91.488962	11.059322	-35.542373	-17.013496	35.542373	61.205020	2.770816	
134	3.928181	-2.871961	4.909105	-87.401010	-65.124804	87.401010	16.775525	-36.190221	-19.516562	36.190221	64.904048	2.840907	
135	4.043339	-2.905214	4.905373	-82.268581	-73.131373	82.268581	23.829437	-37.039017	-22.278446	37.039017	68.665786	2.913611	
136	4.118789	-2.955791	4.898492	-75.875197	-81.716936	75.875197	32.428925	-37.975823	-25.332109	37.975823	72.470570	2.988714	
137	4.148859	-3.045619	4.888797	-67.834012	-91.042492	67.834012	42.903731	-38.884466	-28.710091	38.884466	76.332233	3.065990	
138	4.141906	-3.178905	4.876777	-58.096624	-101.255590	58.096624	55.478479	-39.770452	-32.380899	39.770452	80.224240	3.145390	
139	4.105725	-3.328093	4.862939	-47.114049	-112.198497	47.114049	69.988858	-40.733074	-36.228479	40.733074	83.974070	3.226981	
140	4.042265	-3.459697	4.847677	-35.248555	-123.585439	35.248555	86.056638	-41.858773	-40.110240	41.858773	87.360643	3.310670	
141	3.957855	-3.555144	4.831364	-22.591246	-135.332483	22.591246	103.417193	-43.208177	-43.900941	43.208177	90.250797	3.396147	
142	3.860809	-3.607012	4.814396	-9.344521	-147.468401	9.344521	121.908231	-44.832976	-47.468157	44.832976	92.527912	3.482948	
143	3.759097	-3.611619	4.797030	4.082142	-159.994303	-4.082142	141.370130	-46.847745	-50.642023	46.847745	94.018424	3.570404	
144	3.662950	-3.564765	4.779329	17.241257	-172.897449	-17.241257	161.654634	-49.448268	-53.267089	49.448268	94.589390	3.657667	
145	3.582143	-3.462853	4.761313	29.700915	-186.172127	-29.700915	182.657664	-52.829178	-55.275125	52.829178	94.247492	3.743902	
146	3.523701	-3.307104	4.743082	40.935481	-199.801508	-40.935481	204.315408	-57.201852	-56.653480	57.201852	93.068540	3.828383	
147	3.487092	-3.108334	4.724810	50.373927	-213.710865	-50.373927	226.616630	-62.746764	-57.444664	62.746764	91.156795	3.910363	
148	3.466061	-2.885048	4.706668	57.668254	-227.851009	-57.668254	249.680598	-69.536952	-57.832492	69.536952	88.761070	3.989055	
149	3.467018	-2.644494	4.688725	62.613407	-242.281359	-62.613407	273.586992	-77.698613	-58.005509	77.698613	86.163202	4.063908	
150	3.515916	-2.371342	4.670943	64.840108	-257.055865	-64.840108	298.063413	-87.475147	-57.896846	87.475147	83.367677	4.134746	
151	3.633125	-2.052877	4.653290	63.937728	-272.090270	-63.937728	322.659636	-98.976225	-57.360953	98.976225	80.244958	4.201590	
152	3.812613	-1.699437	4.635699	59.763599	-287.144522	-59.763599	347.043399	-111.998746	-56.501793	111.998746	76.878738	4.264539	
153	4.036472	-1.324449	4.617872	52.390309	-301.926024	-52.390309	370.858690	-126.200686	-55.503169	126.200686	73.409928	4.323704	
154	4.294725	-0.931566	4.599394	41.913955	-316.236943	-41.913955	393.709141	-141.352792	-54.412168	141.352792	69.838482	4.379134	
155	4.587152	-0.530081	4.580006	28.554915	-330.089196	-28.554915	415.562505	-157.393190	-53.294660	157.393190	66.208376	4.430913	
156	4.918737	-0.138051	4.559569	12.741837	-343.722199	-12.741837	436.878547	-174.424249	-52.301944	174.424249	62.669915	4.479371	
157	5.292969	0.234342	4.537866	-5.175723	-357.359888	5.175723	458.040983	-192.633775	-51.509413	192.633775	59.295540	4.525098	
158	5.705816	0.591774	4.514504	-25.195779	-370.896133	25.195779	478.811902	-212.073145	-50.886542	212.073145	56.056979	4.568759	
159	6.147757	0.944037	4.488989	-47.601949	-383.936208	47.601949	498.547336	-232.582438	-50.416489	232.582438	52.961073	4.610939	
160	6.612089	1.297329	4.460867	-72.674325	-396.135680	72.674325	516.789849	-253.996718	-50.106578	253.996718	50.051990	4.652114	
161	7.098341	1.654756	4.429768	-100.358487	-407.372506	100.358487	533.476921	-276.294797	-49.886359	276.294797	47.295183	4.692656	
162	7.605604	2.019257	4.395401	-130.286079	-417.592716	130.286079	548.654763	-299.512294	-49.578667	299.512294	44.552754	4.732857	
163	8.128842	2.395068	4.357619	-162.221144	-426.657923	162.221144	562.199538	-323.668671	-48.992369	323.668671	41.686506	4.773017	
164	8.665962	2.792145	4.316450	-196.305789	-434.429199	196.305789	573.846546	-348.834198	-47.962717	348.834198	38.590399	4.813572	
165	9.223522	3.225513	4.272072	-232.696586	-440.957085	232.696586	583.503904	-375.249086	-46.312692	375.249086	35.134103	4.855131	
166	9.807195	3.699070	4.224687	-271.122754	-446.390619	271.122754	591.445616	-403.150411	-43.932347	403.150411	31.245242	4.898439	
167	10.407392	4.196190	4.174353	-310.964755	-450.646404	310.964755	597.987978	-432.343375	-40.862746	432.343375	27.011107	4.944250	
168	11.004686	4.695777	4.120991	-351.461199	-453.433344	351.461199	603.151223	-462.283414	-37.145600	462.283414	22.526263	4.993068	
169	11.585250	5.188609	4.064590	-391.745954	-454.557275	391.745954	606.745112	-492.540499	-32.687406	492.540499	17.743223	5.045037	
170	12.143948	5.672519	4.005333	-431.095516	-454.070569	431.095516	608.713301	-522.923589	-27.352558	522.923589	12.565753	5.100108	
171	12.679495	6.146255	3.943454	-469.157091	-452.256372	469.157091	609.249703	-553.361421	-20.944148	553.361421	6.843381	5.158192	
172	13.187439	6.612941	3.879053	-505.773609	-449.411997	505.773609	608.376806	-583.732968	-13.115802	583.732968	0.284311	5.219012	
173	13.655752	7.075234	3.812109	-540.722864	-445.579346	540.722864	605.693987	-613.700395	-3.606236	613.700395	-7.341732	5.282003	
174	14.070342	7.528937	3.742538	-573.676711	-440.596766	573.676711	600.707119	-642.811229	7.539405	642.811229	-16.008434	5.346509	
175	14.422680	7.967618	3.670219	-604.324632	-434.377722	604.324632	593.224547	-670.782374	20.071019	670.782374	-25.531311	5.412057	
176	14.709495	8.383376	3.595099	-632.571557	-427.005642	632.571557	583.489982	-697.491791	33.644868	697.491791	-35.666144	5.478506	
177	14.928932	8.763676	3.517297	-658.672199	-418.620193	658.672199	572.022429	-722.735280	47.846483	722.735280	-46.119733	5.546036	
178	15.080402	9.093353	3.437078	-682.954303	-409.317788	682.954303	559.371402	-746.184069	62.254726	746.184069	-56.601480	5.615050	
179	15.167435	9.358429	3.354764	-705.427682	-399.124392	705.427682	545.964227	-767.532196	76.512883	767.532196	-66.866726	5.686117	
180	15.202659	9.554629	3.270669	-725.845196	-388.124584	725.845196	532.089042	-786.824777	90.473054	786.824777	-76.821064	5.760075	
181	15.208139	9.695338	3.185144	-743.945077	-376.638875	743.945077	517.984020	-804.661500	104.379158	804.661500	-86.696168	5.838120	
182	15.204365	9.801832	3.098680	-759.515254	-365.059953	759.515254	503.789584	-821.638458	118.703645	821.638458	-96.935773	5.921589	
183	15.202901	9.887316	3.011875	-772.222141	-353.559600	772.222141	489.415745	-837.806965	133.775112	837.806965	-107.861968	6.011608	
184	15.211897	9.958786	2.925290	-781.535292	-342.125126	781.535292	474.523299	-852.966409	149.720310	852.966409	-119.601435	6.108999	
185	15.239236	10.028057	2.839387	-786.943095	-330.666830	786.943095	458.467379	-866.900795	166.617941	866.900795	-132.237678	6.214403	
186	15.288624	10.114598	2.754543	-787.847786	-318.970155	787.847786	440.247005	-879.257745	184.521450	879.257745	-145.888508	6.328251	
187	15.358853	10.237275	2.670958	-783.374033	-306.732082	783.374033	418.782817	-889.650553	203.342036	889.650553	-160.609638	6.450718	
188	15.445282	10.407738	2.588602	-772.921137	-293.819583	772.921137	393.438752	-897.921181	222.816728	897.921181	-176.314429	6.581879	
189	15.540170	10.638895	2.507312	-756.688190	-280.532820	756.688190	364.342199	-904.378607	242.616774	904.378607	-192.879783	6.721889	
190	15.635332	10.949481	2.426923	-735.496374	-267.514404	735.496374	332.307062	-909.766491	262.364330	909.766491	-210.182277	6.871054	
191	15.725801	11.355008	2.347302	-710.466652	-255.503563	710.466652	298.666733	-915.022294	281.574726	915.022294	-227.994315	7.029894	
192	15.809194	11.862150	2.268346	-682.747916	-245.277668	682.747916	265.189307	-921.200974	299.674673	921.200974	-245.948417	7.199197	
193	15.882827	12.466100	2.190031	-653.388271	-237.574436	653.388271	233.845700	-929.384878	316.052937	929.384878	-263.539800	7.379959	
194	15.945300	13.151288	2.112460	-623.310964	-232.885803	623.310964	206.386097	-940.456669	330.170928	940.456669	-280.188428	7.573229	
195	16.001338	13.901178	2.035898	-593.065699	-231.255197	593.065699	183.860651	-954.830005	341.711300	954.830005	-295.378123	7.779935	
196	16.066157	14.705973	1.960769	-562.457324	-232.194003	562.457324	166.337102	-972.389792	350.671237	972.389792	-308.764699	8.000709	
197	16.161498	15.558700	1.887596	-530.640315	-234.894588	530.640315	153.215737	-992.683748	357.280303	992.683748	-320.147457	8.235785	
198	16.300512	16.445499	1.816948	-496.802012	-238.573690	496.802012	143.895329	-1014.895767	361.679107	1014.895767	-329.255296	8.484919	
199	16.479811	17.343583	1.749484	-460.359345	-242.487806	460.359345	137.888423	-1037.633940	363.725911	1037.633940	-335.636378	8.747317	
200	16.687881	18.230525	1.685971	-420.713544	-245.811622	420.713544	134.550230	-1059.046395	363.172453	1059.046395	-338.856836	9.021614	
201	16.921006	19.099019	1.627108	-377.612654	-247.857638	377.612654	133.197495	-1077.528308	360.001491	1077.528308	-338.832042	9.305977	
202	17.188790	19.962918	1.573338	-331.368078	-248.224802	331.368078	133.184912	-1092.129143	354.492203	1092.129143	-335.893195	9.598277	
203	17.501300	20.844495	1.524700	-282.255780	-246.468373	282.255780	133.568506	-1101.837871	346.861359	1101.837871	-330.450621	9.896209	
204	17.862106	21.762815	1.480781	-230.271855	-241.936734	230.271855	133.057620	-1104.997173	337.055137	1104.997173	-322.789825	10.197315	
205	18.272229	22.733719	1.440989	-175.808144	-234.159852	175.808144	130.625659	-1099.821674	324.809108	1099.821674	-313.120455	10.499050	
206	18.727579	23.765850	1.404869	-119.969580	-223.090504	119.969580	125.996081	-1084.950918	309.597835	1084.950918	-301.518875	10.798858	
207	19.218076	24.850942	1.371983	-63.815209	-208.745813	63.815209	119.288072	-1059.237825	290.690276	1059.237825	-287.987673	11.094256	
208	19.733753	25.957795	1.341796	-7.691243	-190.905773	7.691243	110.627823	-1021.737158	267.445787	1021.737158	-272.801609	11.383031	
209	20.264903	27.035240	1.313916	48.529234	-169.395875	-48.529234	100.496248	-972.333034	239.482542	972.333034	-256.672311	11.663404	
210	20.800168	28.025778	1.288242	104.950694	-144.467139	-104.950694	90.124523	-912.181829	206.717184	912.181829	-240.658483	11.934116	
211	21.331025	28.883237	1.264750	161.311018	-116.871439	-161.311018	81.530047	-843.682276	169.464236	843.682276	-226.169680	12.194346	
212	21.855744	29.581352	1.243273	216.738099	-87.770313	-216.738099	77.511961	-770.132238	128.448350	770.132238	-214.982084	12.443485	
213	22.379267	30.112395	1.223523	269.825626	-58.640750	-269.825626	81.735016	-695.503871	84.650302	695.503871	-209.087455	12.680993	
214	22.905863	30.482518	1.205328	318.614449	-31.192174	-318.614449	98.841631	-624.268965	39.045947	624.268965	-210.349432	12.906419	
215	23.419794	30.701139	1.188665	360.420081	-7.198994	-360.420081	134.285328	-560.768475	-7.665541	560.768475	-219.962081	13.119409	
216	23.866833	30.764100	1.173487	392.671554	11.889823	-392.671554	193.280061	-508.421819	-55.013161	508.421819	-238.089743	13.319645	
217	24.158631	30.640218	1.159715	414.659070	25.567258	-414.659070	278.522820	-468.792185	-102.133154	468.792185	-264.280516	13.506531	
218	24.189676	30.258200	1.147333	428.726959	34.816849	-428.726959	387.222113	-440.228027	-146.870629	440.228027	-298.416418	13.678153	
219	23.850554	29.492831	1.136308	440.625869	42.380110	-440.625869	508.244486	-416.656547	-184.939672	416.656547	-341.767133	13.829375	
220	23.077590	28.207431	1.126457	459.495869	52.451205	-459.495869	621.514241	-387.021171	-210.643688	387.021171	-397.218933	13.949438	
221	21.942914	26.350719	1.117491	496.654839	69.492672	-496.654839	702.866069	-336.526771	-220.604716	336.526771	-467.724272	14.019820	
222	20.700232	24.010940	1.109143	561.111763	96.086721	-561.111763	734.169905	-252.115264	-218.148090	252.115264	-553.674268	14.014063	
223	19.731245	21.420283	1.101257	650.696665	129.910174	-650.696665	714.891898	-131.945595	-215.250748	131.945595	-647.646952	13.902548	
224	19.385839	18.913229	1.093734	742.531127	161.757167	-742.531127	666.928040	6.535039	-228.578445	-6.535039	-726.815786	13.664681	
225	19.757314	16.780565	1.086422	794.187685	178.328750	-794.187685	623.063303	129.051890	-267.049494	-129.051890	-753.520241	13.306701	
226	20.538845	15.094659	1.079103	764.603936	170.197425	-764.603936	604.772805	201.939934	-320.122451	-201.939934	-693.435391	12.875216	
227	21.119621	13.697364	1.071627	643.139224	138.723802	-643.139224	611.380083	213.706063	-361.994511	-213.706063	-541.880236	12.452433	
228	20.885457	12.350182	1.064076	459.895112	95.279420	-459.895112	628.205185	181.602693	-369.485407	-181.602693	-334.126639	12.128321	
229	19.506726	10.830998	1.056853	265.633602	53.738786	-265.633602	636.894516	137.650476	-334.875458	-137.650476	-127.377633	11.963509	
230	17.051479	8.897422	1.050606	99.695462	23.049828	-99.695462	617.109465	108.434987	-264.570784	-108.434987	30.206712	11.966572	
231	13.884471	6.242245	1.045851	-26.220370	4.981412	26.220370	546.072252	105.555019	-170.883990	-105.555019	117.543218	12.097890	
232	10.435289	2.552061	1.042621	-119.249783	-3.418801	119.249783	403.372550	129.954737	-66.244149	-129.954737	136.224687	12.291201	
233	6.995872	-2.317845	1.040617	-184.040597	-5.977730	184.040597	181.856951	181.576699	38.671756	-181.576699	95.788248	12.476112	
234	3.636657	-8.154348	1.039625	-207.833387	-4.764160	207.833387	-101.409030	263.630022	136.631086	-263.630022	6.044746	12.592381	
235	0.258433	-14.372521	1.039681	-164.154219	0.186512	164.154219	-405.174788	376.730532	225.938841	-376.730532	-119.458851	12.596899	
236	-3.262454	-20.244771	1.040956	-32.071475	9.484135	32.071475	-680.023350	510.220104	309.150842	-510.220104	-259.665285	12.467875	
237	-6.938328	-25.205781	1.043738	185.066675	23.254671	-185.066675	-890.193036	642.663678	387.514968	-642.663678	-389.947631	12.206647	
238	-10.620957	-29.014246	1.048575	453.961433	41.041397	-453.961433	-1024.801852	751.928328	456.553596	-751.928328	-489.270716	11.834948	
239	-14.037894	-31.703415	1.056141	719.383244	61.930638	-719.383244	-1092.696489	825.173760	507.158849	-825.173760	-544.427355	11.388170	
240	-16.872534	-33.416201	1.066767	921.416777	84.595098	-921.416777	-1109.578854	862.210461	530.604663	-862.210461	-551.264564	10.907089	
241	-18.855518	-34.283319	1.080360	1014.862316	107.539353	-1014.862316	-1088.477519	871.766493	523.379912	-871.766493	-514.235142	10.429891	
242	-19.831627	-34.405608	1.096788	982.939798	129.315123	-982.939798	-1035.550577	864.385037	488.373003	-864.385037	-444.237770	9.986093	
243	-19.778571	-33.883248	1.115997	842.167510	148.454066	-842.167510	-948.492067	846.831047	432.336624	-846.831047	-355.191320	9.593727	
244	-18.788452	-32.848888	1.137713	637.375186	163.255466	-637.375186	-816.969577	820.274373	362.233079	-820.274373	-260.465384	9.260096	
245	-17.038829	-31.479777	1.161211	427.055150	171.723386	-427.055150	-626.702079	782.192249	282.754874	-782.192249	-170.192256	8.985144	
246	-14.768462	-29.950874	1.185200	264.311386	171.821178	-264.311386	-368.907418	730.710664	196.200373	-730.710664	-90.033276	8.765491	
247	-12.246215	-28.350233	1.207746	181.056882	161.985058	-181.056882	-52.450003	668.671707	104.684707	-668.671707	-21.546746	8.597211	
248	-9.745047	-26.634149	1.226250	181.390778	142.028072	-181.390778	287.842742	605.396737	13.155428	-605.396737	36.125274	8.476267	
249	-7.548133	-24.640736	1.237634	246.309249	114.401483	-246.309249	591.200459	556.578886	-69.318438	-556.578886	84.020797	8.396366	
250	-5.945080	-22.117450	1.239227	346.704331	85.302599	-346.704331	780.298718	542.045397	-131.053025	-542.045397	120.972263	8.344837	
251	-5.157594	-18.771898	1.229631	458.342835	64.576185	-458.342835	782.596013	578.739265	-161.642406	-578.739265	141.877258	8.298937	
252	-5.220981	-14.412762	1.208252	571.454039	62.520098	-571.454039	565.875159	668.680541	-157.475035	-668.680541	139.324300	8.226937	
253	-5.912111	-9.129643	1.175878	687.134537	83.553352	-687.134537	169.925997	790.063402	-125.037758	-790.063402	109.589112	8.097077	
254	-6.796055	-3.345568	1.137132	802.012682	121.460148	-802.012682	-299.066924	902.494597	-77.785664	-902.494597	58.345014	7.891334	
255	-7.393538	2.307235	1.099073	898.054965	161.605432	-898.054965	-716.591846	966.533973	-29.276038	-966.533973	0.131758	7.615637	
256	-7.384324	7.206874	1.066033	951.332049	189.531681	-951.332049	-996.226068	963.933236	11.317583	-963.933236	-48.838604	7.299480	
257	-6.707671	10.949265	1.038319	950.112202	198.636180	-950.112202	-1115.613189	902.906499	39.655423	-902.906499	-78.555855	6.984657	
258	-5.513826	13.432535	1.014953	902.013203	191.062399	-902.013203	-1103.205492	807.356886	54.989140	-807.356886	-87.827077	6.709745	
259	-4.048420	14.784877	0.995188	826.154694	173.559479	-826.154694	-1007.436877	702.309683	58.937496	-702.309683	-81.620155	6.498654	
260	-2.545635	15.234044	0.978296	741.578061	152.990864	-741.578061	-872.735455	605.275393	54.478438	-605.275393	-66.890565	6.357399	
261	-1.169039	15.015800	0.963492	661.199913	133.962312	-661.199913	-730.130584	524.805503	45.027380	-524.805503	-49.726867	6.277829	
262	-0.002907	14.331329	0.950109	591.550408	118.503284	-591.550408	-597.361576	462.782594	33.691992	-462.782594	-34.309996	6.244218	
263	0.928574	13.334058	0.937566	534.668643	106.717205	-534.668643	-482.160233	417.198533	22.836432	-417.198533	-22.966636	6.239174	
264	1.636761	12.134946	0.925395	489.931640	97.649782	-489.931640	-386.073602	384.325487	13.964484	-384.325487	-16.557110	6.247402	
265	2.155755	10.821068	0.913463	455.278994	90.010785	-455.278994	-307.667388	360.143530	7.808602	-360.143530	-14.901402	6.257406	
266	2.527897	9.464606	0.901905	428.045235	82.647582	-428.045235	-244.399390	341.149358	4.520642	-341.149358	-17.181375	6.261771	
267	2.786607	8.122923	0.890819	405.565534	74.816706	-405.565534	-193.666119	324.717042	3.918201	-324.717042	-22.260933	6.256591	
268	2.949107	6.845613	0.880192	385.605177	66.350043	-385.605177	-153.444564	309.238415	5.691400	-309.238415	-28.944448	6.240525	
269	3.010136	5.667157	0.869876	366.711672	57.711197	-366.711672	-122.529841	294.159626	9.603313	-294.159626	-36.250538	6.213815	
270	2.948726	4.596845	0.859572	348.326055	49.701304	-348.326055	-100.211628	279.606121	15.502749	-279.606121	-43.533341	6.177432	
271	2.757049	3.633517	0.848974	330.610920	42.913509	-330.610920	-85.464949	265.736825	23.024283	-265.736825	-50.316624	6.132570	
272	2.454702	2.775891	0.837902	314.216159	37.485558	-314.216159	-76.635441	252.541587	31.476138	-252.541587	-56.187679	6.080491	
273	2.065470	2.012057	0.826358	299.937253	33.361654	-299.937253	-72.154230	240.132817	40.170029	-240.132817	-60.936204	6.022441	
274	1.602938	1.317592	0.814585	288.294548	30.493773	-288.294548	-70.964683	228.765948	48.612458	-228.765948	-64.591706	5.959492	
275	1.089544	0.669737	0.803010	279.280181	28.727914	-279.280181	-72.156224	218.522012	56.349144	-218.522012	-67.244987	5.892475	
276	0.559100	0.054565	0.792147	272.387839	27.832634	-272.387839	-74.923165	209.294028	62.963667	-209.294028	-68.970962	5.822045	
277	0.036316	-0.533480	0.782536	266.869117	27.663411	-266.869117	-78.769264	201.010726	68.229860	-201.010726	-69.888317	5.748752	
278	-0.466125	-1.086259	0.774601	262.000684	28.122609	-262.000684	-83.268709	193.632161	72.080253	-193.632161	-70.132076	5.673063	
279	-0.938287	-1.587046	0.768377	257.145241	29.030448	-257.145241	-87.869535	187.004635	74.524086	-187.004635	-69.805503	5.595426	
280	-1.373319	-2.033150	0.763438	251.685641	30.162410	-251.685641	-92.186554	180.905812	75.684737	-180.905812	-69.030080	5.516328	
281	-1.763364	-2.437249	0.759218	245.078583	31.324279	-245.078583	-96.077844	175.127924	75.738767	-175.127924	-67.907087	5.436224	
282	-2.094279	-2.804310	0.755358	237.037475	32.352255	-237.037475	-99.358954	169.479191	74.805960	-169.479191	-66.435458	5.355464	
283	-2.358318	-3.129521	0.751664	227.582996	33.143438	-227.582996	-101.829259	163.853161	73.028953	-163.853161	-64.612997	5.274319	
284	-2.559214	-3.410008	0.747980	216.927652	33.645394	-216.927652	-103.371395	158.231453	70.603309	-158.231453	-62.493142	5.193041	
285	-2.704002	-3.642132	0.744168	205.429997	33.804424	-205.429997	-103.866192	152.620210	67.691415	-152.620210	-60.121312	5.111931	
286	-2.803210	-3.822872	0.740058	193.557746	33.601526	-193.557746	-103.297609	147.079568	64.450246	-147.079568	-57.565940	5.031318	
287	-2.868614	-3.957929	0.735449	181.813592	33.076175	-181.813592	-101.796573	141.732268	61.045847	-141.732268	-54.926075	4.951431	
288	-2.908184	-4.055914	0.730122	170.694742	32.276064	-170.694742	-99.461967	136.695752	57.598324	-136.695752	-52.273229	4.872357	
289	-2.929212	-4.120494	0.723849	160.616193	31.246315	-160.616193	-96.375635	132.038637	54.206154	-132.038637	-49.670500	4.794154	
290	-2.938246	-4.150934	0.716364	151.841360	30.029419	-151.841360	-92.645425	127.754019	50.951750	-127.754019	-47.173954	4.716977	
291	-2.936319	-4.141445	0.707245	144.457661	28.640171	-144.457661	-88.336847	123.760006	47.849477	-123.760006	-44.782077	4.641076	
292	-2.922210	-4.084583	0.695935	138.365263	27.105021	-138.365263	-83.596078	119.985156	44.890664	-119.985156	-42.476707	4.566709	
293	-2.897439	-3.978688	0.681968	133.334868	25.496601	-133.334868	-78.711952	116.412063	42.109460	-116.412063	-40.282024	4.494052	
294	-2.861751	-3.830486	0.665666	129.143828	23.870199	-129.143828	-73.866937	112.990678	39.535653	-112.990678	-38.218042	4.423224	
295	-2.808919	-3.654333	0.649329	125.680780	22.224766	-125.680780	-68.994883	109.597736	37.146323	-109.597736	-36.259079	4.354376	
296	-2.732680	-3.465171	0.636482	122.915127	20.553443	-122.915127	-63.988860	106.142286	34.902848	-106.142286	-34.374359	4.287708	
297	-2.633993	-3.273411	0.628752	120.794773	18.887428	-120.794773	-58.898677	102.640201	32.799138	-102.640201	-32.570657	4.223389	
298	-2.518936	-3.087553	0.624969	119.189201	17.276973	-119.189201	-53.834370	99.129594	30.851895	-99.129594	-30.877589	4.161461	
299	-2.392251	-2.910193	0.623170	117.871328	15.751080	-117.871328	-48.839966	95.580279	29.065976	-95.580279	-29.312147	4.101862	
300	-2.256595	-2.734121	0.622013	116.558691	14.321046	-116.558691	-43.984443	91.951497	27.437847	-91.951497	-27.877556	4.044529	
301	-2.116553	-2.551170	0.620800	115.010465	13.012634	-115.010465	-39.463851	88.272194	25.982739	-88.272194	-26.587272	3.989461	
302	-1.977839	-2.361072	0.619177	113.069885	11.857000	-113.069885	-35.472015	84.588958	24.722613	-84.588958	-25.459462	3.936734	
303	-1.841528	-2.169130	0.617012	110.656204	10.856745	-110.656204	-32.036199	80.898923	23.646787	-80.898923	-24.485520	3.886494	
304	-1.709296	-1.981568	0.614377	107.758697	10.010767	-107.758697	-29.159318	77.219411	22.747595	-77.219411	-23.663508	3.838841	
305	-1.589821	-1.803167	0.611530	104.411516	9.343723	-104.411516	-26.962785	73.641337	22.056163	-73.641337	-23.030142	3.793702	
306	-1.486914	-1.629299	0.608797	100.657419	8.850152	-100.657419	-25.499337	70.234566	21.554190	-70.234566	-22.571903	3.750847	
307	-1.394194	-1.444994	0.606445	96.547936	8.469933	-96.547936	-24.649225	66.989693	21.139043	-66.989693	-22.186756	3.710010	
308	-1.307922	-1.242799	0.604698	92.184441	8.158744	-92.184441	-24.275418	63.887911	20.738066	-63.887911	-21.801678	3.670983	
309	-1.234852	-1.033516	0.603784	87.706913	7.937157	-87.706913	-24.359932	60.973179	20.383007	-60.973179	-21.454250	3.633602	
310	-1.186860	-0.834696	0.603923	83.206977	7.858984	-83.206977	-24.967929	58.320168	20.151746	-58.320168	-21.231227	3.597675	
311	-1.169734	-0.659775	0.605252	78.707291	7.947764	-78.707291	-26.078252	55.937675	20.084899	-55.937675	-21.179573	3.562979	
312	-1.175753	-0.515498	0.607609	74.229996	8.163832	-74.229996	-27.484977	53.739175	20.158064	-53.739175	-21.278545	3.529226	
313	-1.186722	-0.398069	0.610418	69.810924	8.418355	-69.810924	-28.865597	51.593345	20.282405	-51.593345	-21.438994	3.496102	
314	-1.188932	-0.298064	0.612991	65.439876	8.641138	-65.439876	-29.996561	49.412618	20.362956	-49.412618	-21.561637	3.463429	
315	-1.181620	-0.210171	0.614944	61.048730	8.838936	-61.048730	-30.920444	47.206493	20.383753	-47.206493	-21.627150	3.431141	
316	-1.165936	-0.132432	0.616228	56.579785	9.056073	-56.579785	-31.799844	45.017083	20.386852	-45.017083	-21.677812	3.399085	
317	-1.138762	-0.064373	0.616941	52.045545	9.305554	-52.045545	-32.672151	42.846296	20.394431	-42.846296	-21.736466	3.367061	
318	-1.101514	-0.007845	0.617212	47.496188	9.570917	-47.496188	-33.471346	40.676672	20.397681	-40.676672	-21.791145	3.335008	
319	-1.064563	0.036222	0.617154	42.973610	9.852523	-42.973610	-34.220865	38.536693	20.400989	-38.536693	-21.839470	3.302991	
320	-1.038400	0.069789	0.616826	38.538648	10.160859	-38.538648	-35.000142	36.478596	20.419323	-36.478596	-21.889773	3.271036	
321	-1.022662	0.094343	0.616248	34.302450	10.461516	-34.302450	-35.725873	34.501326	20.429215	-34.501326	-21.914855	3.239097	
322	-1.007600	0.111190	0.615387	30.355611	10.685049	-30.355611	-36.193453	32.557555	20.376823	-32.557555	-21.860332	3.207139	
323	-0.986017	0.124430	0.614120	26.707214	10.794531	-26.707214	-36.320468	30.626778	20.239185	-30.626778	-21.704917	3.175202	
324	-0.961279	0.134645	0.612249	23.334243	10.803895	-23.334243	-36.183135	28.735311	20.049563	-28.735311	-21.483524	3.143380	
325	-0.947145	0.134014	0.609565	20.241628	10.756002	-20.241628	-35.920728	26.937312	19.880691	-26.937312	-21.267661	3.111720	
326	-0.959065	0.115797	0.605931	17.446315	10.706557	-17.446315	-35.700339	25.294755	19.808756	-25.294755	-21.131206	3.080105	
327	-0.999046	0.082328	0.601341	14.946012	10.685567	-14.946012	-35.611602	23.827921	19.851210	-23.827921	-21.093525	3.048280	
328	-1.054242	0.038971	0.595955	12.723692	10.675911	-12.723692	-35.598716	22.501308	19.954180	-22.501308	-21.105746	3.015970	
329	-1.111270	-0.013944	0.590024	10.756526	10.652883	-10.756526	-35.587539	21.274051	20.065609	-21.274051	-21.119169	2.982924	
330	-1.162808	-0.078285	0.583769	9.030558	10.602214	-9.030558	-35.542326	20.116278	20.169383	-20.116278	-21.119234	2.948950	
331	-1.203643	-0.151201	0.577333	7.557794	10.494706	-7.557794	-35.374089	18.988153	20.237943	-18.988153	-21.079981	2.914040	
332	-1.230338	-0.227110	0.570822	6.325155	10.306644	-6.325155	-35.008944	17.858246	20.233829	-17.858246	-20.966835	2.878384	
333	-1.249335	-0.303978	0.564342	5.250006	10.069234	-5.250006	-34.556986	16.746446	20.186483	-16.746446	-20.812717	2.842201	
334	-1.273471	-0.381665	0.557954	4.264703	9.830314	-4.264703	-34.169728	15.694631	20.158612	-15.694631	-20.682483	2.805608	
335	-1.303878	-0.455223	0.551601	3.389736	9.578833	-3.389736	-33.780388	14.692911	20.127591	-14.692911	-20.555059	2.768645	
336	-1.331255	-0.514433	0.545123	2.672553	9.274805	-2.672553	-33.219764	13.699492	20.023994	-13.699492	-20.363232	2.731379	
337	-1.353634	-0.552873	0.538272	2.127974	8.921084	-2.127974	-32.469323	12.713268	19.849632	-12.713268	-20.111363	2.693940	
338	-1.378719	-0.574147	0.530830	1.749354	8.554066	-1.749354	-31.617268	11.766185	19.655953	-11.766185	-19.853853	2.656442	
339	-1.412282	-0.585513	0.522805	1.513292	8.206360	-1.513292	-30.711703	10.877940	19.462594	-10.877940	-19.613757	2.618993	
340	-1.453090	-0.590119	0.514405	1.386265	7.906650	-1.386265	-29.757786	10.054415	19.254078	-10.054415	-19.377827	2.581787	
341	-1.497597	-0.589235	0.505832	1.345357	7.675589	-1.345357	-28.741576	9.291284	19.008293	-9.291284	-19.124268	2.545107	
342	-1.542799	-0.590471	0.497187	1.366995	7.512287	-1.366995	-27.689194	8.572648	18.729411	-8.572648	-18.856086	2.509207	
343	-1.584507	-0.607311	0.488508	1.399134	7.400445	-1.399134	-26.729886	7.885420	18.465232	-7.885420	-18.618001	2.474186	
344	-1.617605	-0.646502	0.479850	1.349521	7.319371	-1.349521	-25.998948	7.220992	18.260066	-7.220992	-18.449482	2.439925	
345	-1.642644	-0.700216	0.471312	1.114478	7.260422	-1.114478	-25.543075	6.581127	18.126415	-6.581127	-18.357259	2.406185	
346	-1.670024	-0.754848	0.462924	0.665687	7.239021	-0.665687	-25.355670	5.992993	18.071653	-5.992993	-18.342427	2.372695	
347	-1.709464	-0.805462	0.454575	0.101939	7.261927	-0.101939	-25.384109	5.480462	18.095641	-5.480462	-18.398339	2.339134	
348	-1.760500	-0.856070	0.446132	-0.443384	7.300673	0.443384	-25.520422	5.031309	18.173849	-5.031309	-18.494344	2.305145	
349	-1.818687	-0.910301	0.437522	-0.902979	7.318953	0.902979	-25.653991	4.618852	18.267968	-4.618852	-18.587530	2.270459	
350	-1.882178	-0.969844	0.428595	-1.246988	7.299377	1.246988	-25.716354	4.232178	18.341798	-4.232178	-18.639726	2.234925	
351	-1.949421	-1.038497	0.419151	-1.438485	7.234405	1.438485	-25.668604	3.866855	18.363989	-3.866855	-18.621048	2.198450	
352	-2.015944	-1.122559	0.409219	-1.455352	7.113111	1.455352	-25.487948	3.506498	18.313052	-3.506498	-18.514785	2.160986	
353	-2.079418	-1.228690	0.399089	-1.334474	6.947134	1.334474	-25.248287	3.146008	18.215886	-3.146008	-18.354803	2.122572	
354	-2.147340	-1.363376	0.389102	-1.152456	6.789481	1.152456	-25.149748	2.812688	18.167227	-2.812688	-18.243767	2.083281	
355	-2.232159	-1.531877	0.379535	-0.951529	6.688886	0.951529	-25.346993	2.533472	18.258102	-2.533472	-18.280571	2.043138	
356	-2.338666	-1.733617	0.370551	-0.712288	6.644348	0.712288	-25.787872	2.305622	18.483344	-2.305622	-18.468851	2.002147	
357	-2.461001	-1.958385	0.362179	-0.379366	6.615866	0.379366	-26.243695	2.107291	18.746781	-2.107291	-18.723294	1.960340	
358	-2.590986	-2.192691	0.354388	0.074312	6.567884	-0.074312	-26.495112	1.919949	18.953052	-1.919949	-18.957666	1.917718	
359	-2.726688	-2.429689	0.347179	0.583358	6.504696	-0.583358	-26.502407	1.746683	19.072786	-1.746683	-19.146124	1.874166	
360	-2.871301	-2.665289	0.340577	1.028667	6.458836	-1.028667	-26.342767	1.607663	19.116662	-1.607663	-19.298501	1.829407	
361	-3.024854	-2.891238	0.334579	1.363877	6.448581	-1.363877	-26.032139	1.514484	19.080941	-1.514484	-19.405945	1.783114	
362	-3.184774	-3.100437	0.329145	1.669828	6.466731	-1.669828	-25.506372	1.464172	18.951560	-1.464172	-19.445954	1.735081	
363	-3.354734	-3.293315	0.324159	2.041403	6.510994	-2.041403	-24.747337	1.459581	18.731092	-1.459581	-19.417923	1.685239	
364	-3.540802	-3.473267	0.319450	2.443146	6.596195	-2.443146	-23.822070	1.511210	18.410409	-1.511210	-19.319520	1.633549	
365	-3.738979	-3.637585	0.314853	2.739936	6.723258	-2.739936	-22.766096	1.609282	17.942778	-1.609282	-19.110247	1.580036	
366	-3.937068	-3.779470	0.310187	2.826762	6.866529	-2.826762	-21.546696	1.718849	17.285638	-1.718849	-18.741763	1.524917	
367	-4.123808	-3.894377	0.305239	2.661252	6.997791	-2.661252	-20.147544	1.806089	16.426966	-1.806089	-18.188206	1.468648	
368	-4.287232	-3.975934	0.299816	2.250839	7.089502	-2.250839	-18.561567	1.841098	15.358784	-1.841098	-17.427780	1.411936	
369	-4.413131	-4.012051	0.293769	1.625415	7.108638	-1.625415	-16.773976	1.789159	14.083775	-1.789159	-16.447911	1.355792	
370	-4.492959	-3.991490	0.287072	0.794653	7.039494	-0.794653	-14.876235	1.641119	12.668025	-1.641119	-15.287125	1.301428	
371	-4.521665	-3.911132	0.279973	-0.200572	6.884796	0.200572	-13.081615	1.438648	11.233927	-1.438648	-14.017776	1.249939	
372	-4.486453	-3.772750	0.272906	-1.256584	6.634085	1.256584	-11.540408	1.229175	9.876526	-1.229175	-12.680420	1.202047	
373	-4.364695	-3.568649	0.266229	-2.268215	6.248695	2.268215	-10.185356	0.990115	8.607526	-0.990115	-11.262050	1.158248	
374	-4.124434	-3.279738	0.260165	-3.156512	5.675750	3.156512	-8.833061	0.643994	7.405026	-0.643994	-9.738368	1.119258	
375	-3.732002	-2.898681	0.254881	-3.859936	4.887346	3.859936	-7.428619	0.168282	6.303377	-0.168282	-8.145540	1.086006	
376	-3.169372	-2.432712	0.250471	-4.306928	3.899575	4.306928	-6.050255	-0.375828	5.364232	0.375828	-6.581767	1.059085	
377	-2.434392	-1.881704	0.246947	-4.400069	2.739273	4.400069	-4.718859	-0.924786	4.583303	0.924786	-5.124981	1.038484	
378	-1.525564	-1.240900	0.244322	-4.056721	1.411081	4.056721	-3.332636	-1.458941	3.894808	1.458941	-3.792703	1.023826	
379	-0.444955	-0.522824	0.242708	-3.212867	-0.088469	3.212867	-1.785447	-1.950993	3.232046	1.950993	-2.573566	1.014533	
380	0.789876	0.244646	0.242244	-1.827682	-1.754016	1.827682	-0.042619	-2.347289	2.541782	2.347289	-1.434798	1.009729	
381	2.153527	1.053222	0.242967	-0.016517	-3.593449	0.016517	1.992593	-2.697662	1.761896	2.697662	-0.283654	1.008527	
382	3.602704	1.907060	0.244815	1.926248	-5.609349	-1.926248	4.493582	-3.170613	0.827953	3.170613	1.022256	1.010741	
383	5.055907	2.776931	0.247746	3.719136	-7.748855	-3.719136	7.544549	-3.885650	-0.307698	3.885650	2.621119	1.017142	
384	6.349194	3.566501	0.251740	5.135760	-9.817055	-5.135760	10.974962	-4.819398	-1.622075	4.819398	4.530655	1.028902	
385	7.342908	4.187387	0.256686	6.075061	-11.602180	-6.075061	14.469345	-5.855621	-3.028382	5.855621	6.644905	1.046958	
386	7.532412	4.311240	0.262061	6.200985	-12.262049	-6.200985	16.556919	-6.519151	-3.932504	6.519151	8.076701	1.069933	
