kww	// User ID
28-6-2021	// Evaluation date
p31_warmup_045	28-6-2021	17:34:03:970	// Source file name and timestamp
357.143	// Sampling rate
0.853	// Data capture period

1.960000	// height
90.100000	// mass


Sample #	elbVar	shldrIR	LwristLinVelo	thorJFPd	thorSTPd	UaJFPp	UaSTPp	UaJFPd	UaSTPd	FaJFPp	FaSTPp	RwristLinVelo	
0	3.922028	0.542914	1.521227	40.555838	0.194981	-40.555838	15.681804	-6.317157	17.018452	6.317157	-35.118873	1.932430	
1	3.811687	0.436906	1.504835	38.424632	0.486700	-38.424632	14.205538	-6.059241	16.801787	6.059241	-34.696805	1.936716	
2	3.802221	0.377021	1.488621	37.158557	0.763791	-37.158557	12.968990	-5.897622	16.970082	5.897622	-35.005462	1.939294	
3	3.404577	0.129372	1.473782	33.311660	1.085298	-33.311660	10.373500	-4.659295	15.547262	4.659295	-32.346425	1.941011	
4	2.894285	-0.173998	1.462378	29.137169	1.384699	-29.137169	7.493860	-2.990951	13.649895	2.990951	-28.869888	1.943235	
5	2.315194	-0.488720	1.455289	24.968019	1.633544	-24.968019	4.663474	-1.139113	11.451929	1.139113	-24.874844	1.946413	
6	1.724391	-0.788997	1.452972	21.010475	1.835888	-21.010475	2.055274	0.695207	9.178139	-0.695207	-20.746641	1.951077	
7	1.153590	-1.068217	1.455380	17.355414	2.029625	-17.355414	-0.360699	2.476224	6.962173	-2.476224	-16.730091	1.957723	
8	0.637258	-1.315640	1.462074	14.186781	2.236152	-14.186781	-2.529255	4.142390	4.956250	-4.142390	-13.118101	1.966440	
9	0.187422	-1.544048	1.472281	11.376155	2.452905	-11.376155	-4.444321	5.649306	3.219300	-5.649306	-10.013623	1.976845	
10	-0.202357	-1.771311	1.485035	8.699452	2.680890	-8.699452	-6.154887	7.001055	1.722424	-7.001055	-7.349267	1.988505	
11	-0.532875	-1.991811	1.499350	6.247905	2.926619	-6.247905	-7.617964	8.193709	0.452304	-8.193709	-5.106016	2.001137	
12	-0.793035	-2.185989	1.514382	4.248927	3.180843	-4.248927	-8.736339	9.187074	-0.558393	-9.187074	-3.359238	2.014386	
13	-0.981006	-2.340770	1.529561	2.728649	3.421813	-2.728649	-9.491833	9.943314	-1.319366	-9.943314	-2.083267	2.027867	
14	-1.113921	-2.465682	1.544646	1.564786	3.647647	-1.564786	-9.959319	10.504739	-1.903064	-10.504739	-1.142054	2.041407	
15	-1.210829	-2.585760	1.559570	0.649228	3.877375	-0.649228	-10.234350	10.980268	-2.375190	-10.980268	-0.450053	2.054896	
16	-1.279380	-2.711115	1.574194	-0.080009	4.115507	0.080009	-10.356251	11.420601	-2.770025	-11.420601	0.020980	2.068100	
17	-1.323298	-2.826805	1.588294	-0.697107	4.333737	0.697107	-10.286608	11.769095	-3.123261	-11.769095	0.350359	2.080913	
18	-1.347003	-2.906742	1.601698	-1.231852	4.487417	1.231852	-9.949965	11.932505	-3.463863	-11.932505	0.638944	2.093648	
19	-1.348961	-2.929920	1.614300	-1.528175	4.549339	1.528175	-9.303157	11.883710	-3.769620	-11.883710	0.873957	2.106808	
20	-1.330383	-2.902118	1.626014	-1.436252	4.537076	1.436252	-8.424627	11.704733	-4.011180	-11.704733	1.002453	2.120650	
21	-1.301686	-2.852198	1.636790	-1.031703	4.500581	1.031703	-7.498625	11.512314	-4.202994	-11.512314	1.051255	2.135136	
22	-1.269362	-2.794025	1.646685	-0.450393	4.472989	0.450393	-6.667126	11.361251	-4.361751	-11.361251	1.061383	2.150130	
23	-1.234717	-2.725368	1.655886	0.271072	4.453571	-0.271072	-5.940765	11.255255	-4.488720	-11.255255	1.042323	2.165531	
24	-1.202905	-2.654752	1.664619	1.151921	4.433890	-1.151921	-5.246887	11.202323	-4.599305	-11.202323	1.012791	2.181285	
25	-1.180593	-2.594818	1.673065	2.146765	4.411062	-2.146765	-4.536368	11.202309	-4.718399	-11.202309	1.019221	2.197346	
26	-1.168095	-2.543697	1.681369	3.151771	4.372916	-3.151771	-3.804435	11.208565	-4.848492	-11.208565	1.097628	2.213689	
27	-1.160084	-2.494931	1.689691	4.117860	4.304432	-4.117860	-3.047942	11.172279	-4.971751	-11.172279	1.231308	2.230295	
28	-1.154680	-2.460413	1.698203	4.982305	4.218953	-4.982305	-2.264392	11.126900	-5.091521	-11.126900	1.373433	2.247083	
29	-1.154586	-2.456043	1.707089	5.639158	4.136846	-5.639158	-1.439554	11.138970	-5.233910	-11.138970	1.508827	2.263920	
30	-1.158965	-2.477882	1.716539	6.028978	4.059970	-6.028978	-0.568336	11.228134	-5.406793	-11.228134	1.643276	2.280636	
31	-1.161052	-2.510022	1.726676	6.177233	3.994683	-6.177233	0.291715	11.378389	-5.593578	-11.378389	1.747372	2.296928	
32	-1.151519	-2.528483	1.737540	6.308792	3.943225	-6.308792	1.060855	11.529854	-5.762755	-11.529854	1.770617	2.312493	
33	-1.122078	-2.508581	1.749162	6.777055	3.889210	-6.777055	1.699713	11.628290	-5.875788	-11.628290	1.664032	2.327266	
34	-1.070872	-2.445671	1.761506	7.779375	3.826055	-7.779375	2.203122	11.712184	-5.918259	-11.712184	1.389086	2.341292	
35	-1.000730	-2.352425	1.774425	9.298867	3.763678	-9.298867	2.581020	11.857158	-5.901106	-11.857158	0.925569	2.354421	
36	-0.913518	-2.244364	1.787794	11.146972	3.704338	-11.146972	2.869100	12.087007	-5.834372	-12.087007	0.272489	2.366258	
37	-0.815120	-2.137257	1.801621	13.033698	3.641877	-13.033698	3.134515	12.387430	-5.737143	-12.387430	-0.509650	2.376435	
38	-0.714144	-2.042535	1.815913	14.761038	3.576434	-14.761038	3.429419	12.745639	-5.636770	-12.745639	-1.334322	2.384922	
39	-0.612240	-1.962102	1.830482	16.251056	3.511468	-16.251056	3.756922	13.150513	-5.543377	-13.150513	-2.179216	2.391951	
40	-0.505893	-1.896706	1.844942	17.464344	3.451916	-17.464344	4.108739	13.605539	-5.460691	-13.605539	-3.079171	2.397719	
41	-0.391052	-1.849178	1.858907	18.442239	3.405628	-18.442239	4.490903	14.137428	-5.398500	-14.137428	-4.084179	2.402235	
42	-0.264035	-1.818063	1.872174	19.296303	3.376508	-19.296303	4.907604	14.768688	-5.361348	-14.768688	-5.229902	2.405406	
43	-0.122422	-1.801593	1.884735	20.151941	3.368582	-20.151941	5.366660	15.536864	-5.358525	-15.536864	-6.544505	2.407077	
44	0.035223	-1.800856	1.896649	21.209598	3.389553	-21.209598	5.888125	16.528492	-5.415171	-16.528492	-8.067215	2.406848	
45	0.208986	-1.818475	1.907961	22.729513	3.449946	-22.729513	6.495598	17.847584	-5.561145	-17.847584	-9.824159	2.403924	
46	0.397362	-1.854755	1.918666	24.819827	3.556969	-24.819827	7.197543	19.528446	-5.808427	-19.528446	-11.790837	2.397197	
47	0.594110	-1.904873	1.928663	27.332457	3.698872	-27.332457	7.974176	21.501797	-6.141161	-21.501797	-13.854491	2.385675	
48	0.783228	-1.970285	1.937839	30.074787	3.855801	-30.074787	8.817725	23.692458	-6.550344	-23.692458	-15.820466	2.368953	
49	0.945910	-2.057745	1.946225	33.034306	4.020057	-33.034306	9.743757	26.068484	-7.043286	-26.068484	-17.496572	2.347302	
50	1.074357	-2.162973	1.954024	36.367416	4.188601	-36.367416	10.739387	28.597337	-7.610138	-28.597337	-18.789260	2.321304	
51	1.172206	-2.270141	1.961483	40.295343	4.350456	-40.295343	11.748164	31.234385	-8.222334	-31.234385	-19.705828	2.291452	
52	1.246327	-2.363950	1.968733	44.946986	4.491310	-44.946986	12.705182	33.904397	-8.848413	-33.904397	-20.288502	2.258071	
53	1.302335	-2.437710	1.975839	50.182808	4.602042	-50.182808	13.577254	36.497800	-9.465163	-36.497800	-20.578161	2.221455	
54	1.343941	-2.492757	1.982959	55.693301	4.676807	-55.693301	14.368939	38.933505	-10.069662	-38.933505	-20.614623	2.181973	
55	1.376879	-2.531353	1.990314	61.303862	4.712790	-61.303862	15.090102	41.196245	-10.675895	-41.196245	-20.466421	2.139955	
56	1.407066	-2.545982	1.998138	66.996160	4.703547	-66.996160	15.690418	43.282301	-11.282378	-43.282301	-20.195714	2.095628	
57	1.435989	-2.521684	2.006713	72.710509	4.632758	-72.710509	16.048898	45.151274	-11.857470	-45.151274	-19.820847	2.049372	
58	1.470276	-2.452582	2.016309	78.278444	4.497325	-78.278444	16.076223	46.750393	-12.375727	-46.750393	-19.421941	2.001680	
59	1.522856	-2.342937	2.027083	83.414790	4.313963	-83.414790	15.751185	48.030550	-12.828301	-48.030550	-19.133986	1.952746	
60	1.597601	-2.199424	2.039069	87.779901	4.099363	-87.779901	15.073481	48.976324	-13.217094	-48.976324	-19.002687	1.902449	
61	1.689359	-2.036837	2.052230	91.150039	3.880257	-91.150039	14.112123	49.662835	-13.597016	-49.662835	-19.009906	1.850633	
62	1.796172	-1.870954	2.066480	93.492273	3.692015	-93.492273	12.987290	50.207909	-14.053773	-50.207909	-19.164085	1.797109	
63	1.916836	-1.700288	2.081709	94.854642	3.545060	-94.854642	11.715446	50.677495	-14.609516	-50.677495	-19.450990	1.741604	
64	2.040703	-1.518503	2.097948	95.257212	3.434804	-95.257212	10.264956	51.082987	-15.236728	-51.082987	-19.770222	1.683922	
65	2.152481	-1.332665	2.115403	94.757708	3.368290	-94.757708	8.720237	51.398124	-15.926279	-51.398124	-19.993235	1.624022	
66	2.240865	-1.155979	2.134300	93.513948	3.348613	-93.513948	7.218237	51.568740	-16.669567	-51.568740	-20.021453	1.561879	
67	2.301603	-0.995206	2.154696	91.683469	3.359034	-91.683469	5.815152	51.521815	-17.405176	-51.521815	-19.807722	1.497519	
68	2.344261	-0.845927	2.176398	89.361456	3.374004	-89.361456	4.499119	51.131203	-18.018788	-51.131203	-19.411999	1.431124	
69	2.382753	-0.705025	2.199037	86.650089	3.383204	-86.650089	3.322408	50.276918	-18.439540	-50.276918	-18.930059	1.362970	
70	2.416232	-0.583977	2.222227	83.713828	3.405392	-83.713828	2.459067	48.972972	-18.715305	-48.972972	-18.354081	1.293320	
71	2.436324	-0.493715	2.245710	80.739437	3.463780	-80.739437	2.048959	47.312402	-18.915923	-47.312402	-17.619043	1.222345	
72	2.443363	-0.426940	2.269348	77.787135	3.548660	-77.787135	2.021452	45.319915	-18.998097	-45.319915	-16.714206	1.150156	
73	2.444853	-0.370900	2.292922	74.839743	3.635663	-74.839743	2.232618	42.987564	-18.879652	-42.987564	-15.687673	1.077052	
74	2.441960	-0.325024	2.316164	72.060226	3.728832	-72.060226	2.677113	40.418188	-18.580783	-40.418188	-14.560789	1.003549	
75	2.420318	-0.297546	2.338976	69.647580	3.846391	-69.647580	3.369302	37.804666	-18.163496	-37.804666	-13.265494	0.930263	
76	2.361853	-0.300028	2.361477	67.517783	3.994274	-67.517783	4.295685	35.286073	-17.665529	-35.286073	-11.730991	0.858000	
77	2.263360	-0.336787	2.383883	65.482427	4.169367	-65.482427	5.468287	32.930265	-17.133150	-32.930265	-9.988041	0.787708	
78	2.134392	-0.390754	2.406346	63.573228	4.362343	-63.573228	6.773285	30.797090	-16.589104	-30.797090	-8.133110	0.720163	
79	1.983863	-0.438522	2.428828	61.943416	4.565265	-61.943416	8.030254	28.918980	-16.021730	-28.918980	-6.247704	0.655834	
80	1.814378	-0.469345	2.451144	60.657911	4.781464	-60.657911	9.187661	27.293670	-15.444175	-27.293670	-4.366088	0.594977	
81	1.625847	-0.476846	2.473137	59.699725	5.018598	-59.699725	10.241201	25.923369	-14.895153	-25.923369	-2.493845	0.537681	
82	1.422112	-0.461896	2.494767	58.926587	5.274194	-58.926587	11.212001	24.775528	-14.401959	-24.775528	-0.644281	0.483897	
83	1.212328	-0.454089	2.516115	58.054372	5.536416	-58.054372	12.328652	23.761722	-14.008482	-23.761722	1.169599	0.433590	
84	1.007351	-0.486202	2.537317	56.883803	5.794136	-56.883803	13.830807	22.826345	-13.767802	-22.826345	2.955609	0.386773	
85	0.815916	-0.543890	2.558527	55.380886	6.037181	-55.380886	15.585628	21.958337	-13.651848	-21.958337	4.708214	0.343571	
86	0.643537	-0.590857	2.579951	53.470900	6.254997	-53.470900	17.316251	21.109309	-13.579550	-21.109309	6.391255	0.304692	
87	0.494648	-0.621652	2.601851	50.993285	6.444012	-50.993285	18.990819	20.209586	-13.534743	-20.209586	7.985078	0.271728	
88	0.374125	-0.649738	2.624424	47.944985	6.612896	-47.944985	20.722621	19.230730	-13.560059	-19.230730	9.504482	0.246955	
89	0.287246	-0.682589	2.647833	44.618801	6.771258	-44.618801	22.573553	18.165544	-13.673795	-18.165544	10.961698	0.232819	
90	0.233675	-0.725265	2.672309	41.380591	6.921292	-41.380591	24.527433	17.008020	-13.852408	-17.008020	12.353411	0.231046	
91	0.198131	-0.781453	2.698096	38.378264	7.071837	-38.378264	26.529013	15.777307	-14.080160	-15.777307	13.688703	0.241829	
92	0.160091	-0.854692	2.725317	35.509950	7.243947	-35.509950	28.575718	14.519791	-14.393134	-14.519791	15.012630	0.263877	
93	0.110425	-0.945599	2.753963	32.578565	7.455534	-32.578565	30.713766	13.275819	-14.844078	-13.275819	16.378977	0.295170	
94	0.047972	-1.042798	2.784033	29.427815	7.708036	-29.427815	32.929142	12.027156	-15.430471	-12.027156	17.782696	0.333674	
95	-0.024645	-1.138177	2.815659	26.102850	7.985388	-26.102850	35.157863	10.701797	-16.100629	-10.701797	19.161180	0.377651	
96	-0.102114	-1.234082	2.849014	22.882234	8.269640	-22.882234	37.347137	9.230563	-16.804957	-9.230563	20.461913	0.425760	
97	-0.182466	-1.328299	2.884101	19.987243	8.553905	-19.987243	39.438694	7.558748	-17.505170	-7.558748	21.656581	0.477039	
98	-0.261549	-1.424258	2.920789	17.515665	8.834925	-17.515665	41.398386	5.672624	-18.175466	-5.672624	22.737271	0.530747	
99	-0.331778	-1.533024	2.959020	15.501341	9.107898	-15.501341	43.243971	3.628163	-18.811912	-3.628163	23.723157	0.586213	
100	-0.394787	-1.647376	2.998929	13.759385	9.370806	-13.759385	44.958342	1.473036	-19.400743	-1.473036	24.601794	0.642825	
101	-0.455230	-1.748542	3.040820	12.039791	9.623515	-12.039791	46.489494	-0.786086	-19.912353	0.786086	25.324857	0.700030	
102	-0.504744	-1.831155	3.085049	10.195003	9.864623	-10.195003	47.874362	-3.094345	-20.365439	3.094345	25.922379	0.757386	
103	-0.533195	-1.894273	3.131857	8.115978	10.090478	-8.115978	49.185020	-5.378101	-20.797759	5.378101	26.459148	0.814645	
104	-0.546540	-1.932487	3.181304	5.857278	10.300977	-5.857278	50.415202	-7.645534	-21.187982	7.645534	26.904682	0.871706	
105	-0.555749	-1.946900	3.233321	3.415634	10.497179	-3.415634	51.536260	-9.941816	-21.511142	9.941816	27.218534	0.928518	
106	-0.557077	-1.939873	3.287707	0.388912	10.666513	-0.388912	52.542822	-12.270358	-21.794982	12.270358	27.445396	0.985067	
107	-0.539883	-1.914200	3.344009	-3.464831	10.800866	3.464831	53.542894	-14.577667	-22.108760	14.577667	27.684222	1.041407	
108	-0.502209	-1.879592	3.401647	-7.819998	10.911567	7.819998	54.755557	-16.819607	-22.528870	16.819607	28.030399	1.097757	
109	-0.447081	-1.839743	3.460206	-12.259547	11.006644	12.259547	56.294466	-19.038359	-23.083939	19.038359	28.518343	1.154451	
110	-0.381978	-1.795999	3.519391	-16.554389	11.085416	16.554389	58.170900	-21.305450	-23.771109	21.305450	29.142323	1.211744	
111	-0.314256	-1.757963	3.578788	-20.649714	11.138447	20.649714	60.384650	-23.680127	-24.586006	23.680127	29.900566	1.269851	
112	-0.240896	-1.732489	3.637918	-24.538141	11.154938	24.538141	62.939970	-26.242694	-25.518645	26.242694	30.801170	1.329059	
113	-0.159480	-1.718141	3.696352	-28.078314	11.139675	28.078314	65.882244	-29.070629	-26.551090	29.070629	31.839212	1.389666	
114	-0.067390	-1.708626	3.753699	-31.177711	11.093001	31.177711	69.219229	-32.204923	-27.659608	32.204923	33.005559	1.451927	
115	0.044847	-1.699181	3.809605	-33.906344	11.008966	33.906344	72.938861	-35.644388	-28.855229	35.644388	34.350404	1.516056	
116	0.174479	-1.690105	3.863874	-36.431604	10.882602	36.431604	76.959877	-39.387131	-30.119244	39.387131	35.876555	1.582215	
117	0.307135	-1.680883	3.916560	-38.984234	10.690996	38.984234	80.980423	-43.474802	-31.318359	43.474802	37.436547	1.650479	
118	0.439403	-1.666528	3.967982	-41.808293	10.415440	41.808293	84.699532	-47.944426	-32.328666	47.944426	38.908512	1.720809	
119	0.581708	-1.640071	4.018718	-45.163642	10.063644	45.163642	88.038657	-52.785756	-33.138798	52.785756	40.317525	1.793069	
120	0.746403	-1.599310	4.069620	-49.129249	9.649338	49.129249	91.029737	-57.959497	-33.783939	57.959497	41.746393	1.867137	
121	0.940499	-1.543570	4.121825	-53.631142	9.179776	53.631142	93.607881	-63.411702	-34.251286	63.411702	43.224020	1.943003	
122	1.168364	-1.466377	4.176630	-58.723181	8.675575	58.723181	95.680276	-69.078946	-34.514007	69.078946	44.767046	2.020703	
123	1.427761	-1.368740	4.235196	-64.391859	8.178403	64.391859	97.373554	-74.888116	-34.617158	74.888116	46.468641	2.100259	
124	1.704237	-1.271093	4.298301	-70.187940	7.710876	70.187940	98.851243	-80.727016	-34.591886	80.727016	48.380513	2.181760	
125	1.986276	-1.195544	4.366341	-75.491889	7.276672	75.491889	100.118362	-86.486972	-34.416643	86.486972	50.488509	2.265391	
126	2.271427	-1.136507	4.439448	-80.478921	6.885130	80.478921	101.116666	-92.207472	-34.097325	92.207472	52.818083	2.351311	
127	2.552871	-1.070557	4.517518	-86.094421	6.528187	86.094421	101.726897	-98.018371	-33.639613	98.018371	55.358701	2.439498	
128	2.821689	-0.994099	4.600158	-92.741792	6.196132	92.741792	101.920674	-103.935164	-33.051593	103.935164	58.077981	2.529777	
129	3.075285	-0.923442	4.686671	-100.122412	5.912594	100.122412	101.899240	-109.879144	-32.404708	109.879144	61.053925	2.622024	
130	3.314624	-0.875052	4.776124	-108.045766	5.708883	108.045766	101.822013	-115.783571	-31.787890	115.783571	64.420196	2.716234	
131	3.540119	-0.854748	4.867494	-116.544028	5.591809	116.544028	101.578386	-121.588634	-31.216062	121.588634	68.197212	2.812424	
132	3.748572	-0.850666	4.959838	-125.832209	5.548807	125.832209	100.910981	-127.236543	-30.634131	127.236543	72.244489	2.910520	
133	3.937191	-0.854676	5.052451	-136.041900	5.563918	136.041900	99.610190	-132.667517	-29.999710	132.667517	76.415161	3.010396	
134	4.109015	-0.886176	5.144927	-146.704121	5.612152	146.704121	97.604437	-137.794000	-29.329348	137.794000	80.711514	3.112050	
135	4.266671	-0.975369	5.237140	-157.116658	5.640698	157.116658	94.889496	-142.541958	-28.667756	142.541958	85.220197	3.215639	
136	4.407014	-1.146043	5.329136	-166.781663	5.565610	166.781663	91.427370	-146.892288	-28.038622	146.892288	89.981816	3.321407	
137	4.527621	-1.413861	5.420854	-175.257872	5.283380	175.257872	87.188395	-150.858450	-27.440144	150.858450	95.012605	3.429731	
138	4.631606	-1.777876	5.511988	-182.362964	4.683102	182.362964	82.177226	-154.493761	-26.870546	154.493761	100.350383	3.541175	
139	4.720233	-2.227189	5.602174	-188.221851	3.646839	188.221851	76.442650	-157.891559	-26.337784	157.891559	106.003477	3.656337	
140	4.789075	-2.755080	5.691187	-192.769585	2.045125	192.769585	70.122462	-161.084176	-25.852817	161.084176	111.905348	3.775675	
141	4.831718	-3.349327	5.778938	-195.864543	-0.243688	195.864543	63.415044	-164.017398	-25.440165	164.017398	117.911915	3.899464	
142	4.839463	-3.979938	5.865419	-197.825912	-3.282496	197.825912	56.557001	-166.676405	-25.150486	166.676405	123.811979	4.027704	
143	4.805882	-4.609954	5.950615	-199.213471	-7.066766	199.213471	49.839797	-169.067766	-25.047718	169.067766	129.394934	4.160022	
144	4.734913	-5.216284	6.034467	-200.219488	-11.602723	200.219488	43.623554	-171.128650	-25.196012	171.128650	134.557783	4.295755	
145	4.638519	-5.789790	6.116897	-200.719202	-16.948870	200.719202	38.303575	-172.801958	-25.658536	172.801958	139.312506	4.434190	
146	4.525998	-6.318111	6.197908	-200.800415	-23.148969	200.800415	34.185495	-174.073121	-26.483343	174.073121	143.644543	4.574629	
147	4.398253	-6.786651	6.277623	-200.791225	-30.184106	200.791225	31.443847	-174.922219	-27.686992	174.922219	147.445323	4.716293	
148	4.253115	-7.189312	6.356187	-200.888475	-38.011586	200.888475	30.187678	-175.313320	-29.260734	175.313320	150.604682	4.858262	
149	4.088723	-7.524594	6.433665	-201.134146	-46.586002	201.134146	30.445092	-175.179673	-31.174304	175.179673	153.034420	4.999480	
150	3.900356	-7.792278	6.509995	-201.464411	-55.849252	201.464411	32.125345	-174.405005	-33.372048	174.405005	154.614856	5.138754	
151	3.679810	-7.996030	6.584895	-201.709270	-65.732776	201.709270	35.047927	-172.813631	-35.784092	172.813631	155.197695	5.274781	
152	3.419543	-8.143287	6.657878	-201.757173	-76.160869	201.757173	38.993519	-170.199471	-38.355542	170.199471	154.686812	5.406189	
153	3.118144	-8.242980	6.728419	-201.465165	-87.095803	201.465165	43.725992	-166.361387	-41.051850	166.361387	153.070270	5.531629	
154	2.778414	-8.305448	6.795952	-200.458989	-98.577679	200.458989	49.018653	-161.103250	-43.840204	161.103250	150.359181	5.649903	
155	2.403152	-8.348584	6.859845	-198.335263	-110.741550	198.335263	54.796616	-154.344839	-46.737916	154.344839	146.697095	5.760129	
156	2.001942	-8.393027	6.919565	-194.983397	-123.858349	194.983397	61.182854	-146.241884	-49.831510	146.241884	142.446613	5.861982	
157	1.594172	-8.449550	6.974777	-190.556870	-138.315045	190.556870	68.393645	-137.124248	-53.185533	137.124248	137.979370	5.955787	
158	1.198334	-8.523019	7.025163	-185.323109	-154.520654	185.323109	76.798806	-127.480468	-56.830928	127.480468	133.575626	6.042469	
159	0.830387	-8.610613	7.070202	-179.847207	-172.761376	179.847207	86.900892	-118.039959	-60.773369	118.039959	129.459658	6.123495	
160	0.522364	-8.674578	7.109216	-175.242809	-193.008860	175.242809	98.923321	-109.745755	-64.779335	109.745755	125.596440	6.200613	
161	0.319730	-8.638276	7.141500	-172.944074	-214.765750	172.944074	112.527723	-103.550885	-68.214634	103.550885	121.474001	6.275364	
162	0.239715	-8.436784	7.166326	-174.070183	-237.161684	174.070183	127.235188	-100.144382	-70.369461	100.144382	116.388354	6.348595	
163	0.267453	-8.052220	7.182958	-179.054728	-259.453538	179.054728	143.013032	-100.031315	-70.821149	100.031315	109.952514	6.420213	
164	0.394747	-7.489937	7.190821	-187.770887	-281.373148	187.770887	160.170995	-103.746420	-69.281915	103.746420	102.031965	6.489409	
165	0.622828	-6.754581	7.189543	-199.711531	-302.906804	199.711531	178.938630	-111.652231	-65.400286	111.652231	92.395473	6.554922	
166	0.946754	-5.859786	7.178803	-214.113277	-324.162481	214.113277	199.582116	-123.828207	-58.915974	123.828207	80.821263	6.615137	
167	1.355199	-4.840172	7.158380	-230.163589	-345.575139	230.163589	222.807671	-140.235403	-49.857581	140.235403	67.345429	6.668336	
168	1.829845	-3.744394	7.128383	-247.185012	-367.966397	247.185012	249.736594	-160.731027	-38.529861	160.731027	52.225875	6.712957	
169	2.347992	-2.621290	7.089242	-264.803523	-392.382183	264.803523	281.583399	-185.091675	-25.388735	185.091675	35.831884	6.747662	
170	2.891726	-1.510776	7.041364	-283.516493	-419.855607	283.516493	319.265985	-213.174550	-10.946196	213.174550	18.604719	6.771393	
171	3.452694	-0.439841	6.984813	-305.495561	-451.190530	305.495561	363.005785	-245.055959	4.276190	245.055959	1.022677	6.783543	
172	4.031671	0.581880	6.919185	-334.766676	-486.757913	334.766676	411.990731	-281.056534	19.856509	281.056534	-16.527745	6.784117	
173	4.634428	1.563096	6.843698	-376.464783	-526.272742	376.464783	464.165737	-321.601910	35.580052	321.601910	-33.869398	6.773695	
174	5.265788	2.517806	6.757535	-435.580325	-568.934494	435.580325	516.692581	-367.117171	51.337227	367.117171	-50.928170	6.753281	
175	5.930857	3.456127	6.660092	-516.069744	-613.924963	516.069744	566.789762	-418.126745	67.043327	418.126745	-67.645787	6.724240	
176	6.636317	4.385500	6.550912	-620.226610	-660.578556	620.226610	612.145403	-475.219731	82.662022	475.219731	-83.996930	6.688250	
177	7.384552	5.305548	6.429606	-747.665816	-708.230691	747.665816	651.233937	-538.767625	98.117619	538.767625	-99.897523	6.647212	
178	8.174601	6.209678	6.295782	-894.905666	-756.178530	894.905666	683.527055	-608.779967	113.293638	608.779967	-115.203919	6.603197	
179	9.007470	7.093441	6.149037	-1056.229777	-803.740973	1056.229777	709.374968	-684.945856	128.140942	684.945856	-129.826445	6.558346	
180	9.883164	7.947661	5.989217	-1225.238379	-850.376305	1225.238379	730.010514	-766.677636	142.665398	766.677636	-143.717051	6.514691	
181	10.798302	8.756802	5.816629	-1396.178576	-895.713594	1396.178576	747.281388	-853.195088	156.965142	853.195088	-156.900156	6.473982	
182	11.749390	9.517018	5.631914	-1564.181697	-939.320958	1564.181697	762.787189	-943.597559	171.393698	943.597559	-169.656782	6.437515	
183	12.732643	10.243829	5.435756	-1725.049134	-980.477102	1725.049134	777.317581	-1036.813496	186.560687	1036.813496	-182.580622	6.406016	
184	13.741172	10.960097	5.228683	-1875.455125	-1018.226058	1875.455125	790.982558	-1131.601847	203.126338	1131.601847	-196.406267	6.379576	
185	14.767326	11.686540	5.011182	-2013.154931	-1051.644136	2013.154931	803.529924	-1226.781389	221.658636	1226.781389	-211.848914	6.357630	
186	15.809104	12.442417	4.783976	-2136.870067	-1080.094053	2136.870067	814.527952	-1321.558059	242.660981	1321.558059	-229.587667	6.339213	
187	16.871897	13.246661	4.548125	-2246.014704	-1103.302204	2246.014704	823.394615	-1415.662451	266.635280	1415.662451	-250.281098	6.323509	
188	17.965511	14.120812	4.305034	-2340.433043	-1121.330137	2340.433043	829.397139	-1509.372952	294.168436	1509.372952	-274.632433	6.310332	
189	19.101342	15.094293	4.056545	-2419.855167	-1134.428410	2419.855167	831.641879	-1603.534666	326.030856	1603.534666	-303.501389	6.300355	
190	20.289723	16.199272	3.804957	-2483.227797	-1142.768068	2483.227797	829.011372	-1699.317263	363.068209	1699.317263	-337.784047	6.295297	
191	21.537165	17.458706	3.552823	-2528.767281	-1146.370778	2528.767281	820.258260	-1797.776994	405.971204	1797.776994	-378.130823	6.298123	
192	22.838580	18.881225	3.302677	-2554.392154	-1145.262592	2554.392154	804.304824	-1899.407904	455.162897	1899.407904	-424.842497	6.312974	
193	24.173755	20.469307	3.057055	-2558.013904	-1139.680389	2558.013904	780.477708	-2004.183409	510.892610	2004.183409	-478.051001	6.344646	
194	25.520100	22.235884	2.818666	-2537.921750	-1130.240132	2537.921750	748.536440	-2112.377585	573.425562	2112.377585	-537.958189	6.398145	
195	26.860294	24.198880	2.590353	-2492.984262	-1117.861106	2492.984262	708.780981	-2224.686693	642.735255	2224.686693	-604.483701	6.478701	
196	28.177619	26.357960	2.374877	-2422.323876	-1103.507216	2422.323876	662.217386	-2341.291573	717.939300	2341.291573	-676.624200	6.591886	
197	29.464333	28.703489	2.174810	-2324.947757	-1088.102223	2324.947757	610.360757	-2461.881984	797.558428	2461.881984	-752.669811	6.743513	
198	30.733723	31.241737	1.992577	-2199.899907	-1072.679202	2199.899907	555.113284	-2586.416229	880.089656	2586.416229	-830.780366	6.939430	
199	32.008461	33.987775	1.830544	-2046.670007	-1058.347749	2046.670007	499.013394	-2714.629100	963.770098	2714.629100	-908.806946	7.185162	
200	33.302989	36.944853	1.690839	-1865.781021	-1046.094430	1865.781021	445.350496	-2844.925568	1046.035078	2844.925568	-983.846612	7.485410	
201	34.626058	40.099482	1.574855	-1659.633849	-1036.828451	1659.633849	398.099437	-2974.150920	1123.496089	2974.150920	-1052.328447	7.843483	
202	35.984446	43.424599	1.482756	-1432.955101	-1031.358425	1432.955101	361.558001	-3097.623082	1192.148136	3097.623082	-1110.438593	8.260652	
203	37.368275	46.873901	1.413244	-1192.869045	-1030.174910	1192.869045	339.782153	-3208.920754	1247.250440	3208.920754	-1154.333720	8.735626	
204	38.745408	50.366581	1.363638	-948.429285	-1033.231242	948.429285	335.871172	-3300.363283	1283.382349	3300.363283	-1180.281176	9.264408	
205	40.075128	53.781709	1.330266	-708.789509	-1039.294375	708.789509	350.445732	-3363.897036	1295.229155	3363.897036	-1185.109396	9.840539	
206	41.311343	56.970064	1.308949	-481.169011	-1045.260561	481.169011	380.364037	-3391.335885	1278.417202	3391.335885	-1166.604758	10.455544	
207	42.404093	59.779967	1.295382	-269.591478	-1046.282173	269.591478	418.878423	-3374.801984	1230.218049	3374.801984	-1123.875193	11.099392	
208	43.327155	62.091742	1.285397	-74.169742	-1036.611931	74.169742	456.808064	-3308.486587	1150.641319	3308.486587	-1058.275618	11.761098	
209	44.105401	63.837443	1.275211	108.332455	-1010.829667	-108.332455	484.897082	-3190.516910	1043.062986	3190.516910	-974.255732	12.429497	
210	44.813071	65.002174	1.261643	282.581395	-965.151359	-282.581395	496.934860	-3023.640514	913.471377	3023.640514	-879.166018	13.093906	
211	45.560391	65.627702	1.242056	452.052868	-898.466350	-452.052868	492.217557	-2815.147348	768.903386	2815.147348	-782.331410	13.744608	
212	46.480850	65.807153	1.214121	616.842134	-812.583965	-616.842134	476.292218	-2575.767731	615.726869	2575.767731	-693.940706	14.373245	
213	47.711243	65.660722	1.175883	772.951842	-712.020849	-772.951842	460.448338	-2317.894921	458.027807	2317.894921	-623.765883	14.973071	
214	49.354923	65.311959	1.125932	912.330385	-604.001094	-912.330385	461.073505	-2054.459898	296.237347	2054.459898	-579.324997	15.539186	
215	51.440583	64.882715	1.063416	1023.161842	-498.258028	-1023.161842	498.091074	-1798.299747	126.423329	1798.299747	-563.680723	16.068955	
216	53.891678	64.491099	0.988205	1091.523738	-406.229906	-1091.523738	591.817822	-1561.255801	-59.338476	1561.255801	-573.461670	16.562521	
217	56.495043	64.218269	0.901208	1104.871442	-339.326871	-1104.871442	757.839540	-1351.931230	-271.033033	1351.931230	-597.630939	17.023031	
218	58.894124	64.045442	0.804656	1057.258958	-305.377083	-1057.258958	998.598556	-1170.869346	-516.038947	1170.869346	-619.187161	17.455651	
219	60.631460	63.788865	0.702652	956.928347	-303.432512	-956.928347	1293.666705	-1004.188063	-792.126825	1004.188063	-620.949887	17.864044	
220	61.223702	63.061115	0.602805	835.849973	-318.653500	-835.849973	1595.010709	-819.007316	-1080.310009	819.007316	-594.242876	18.243540	
221	60.292115	61.314341	0.519294	757.403670	-320.010123	-757.403670	1836.263145	-565.551933	-1341.194423	565.551933	-550.268199	18.571777	
222	57.735931	58.043942	0.475198	811.381339	-265.913464	-811.381339	1964.214776	-193.035087	-1522.264804	193.035087	-528.065992	18.800540	
223	53.880146	53.135357	0.493909	1079.845611	-122.286666	-1079.845611	1983.617968	317.156964	-1581.183293	-317.156964	-584.613751	18.855832	
224	49.508734	47.097764	0.578072	1567.141449	109.805174	-1567.141449	1974.921443	912.026513	-1515.220004	-912.026513	-753.504290	18.655113	
225	45.653005	40.726424	0.709894	2132.419122	375.576078	-2132.419122	2035.148683	1455.347178	-1367.131912	-1455.347178	-982.346196	18.147068	
226	43.177834	34.113126	0.870401	2513.557987	583.747985	-2513.557987	2162.532354	1781.204204	-1187.945650	-1781.204204	-1111.294116	17.364353	
227	42.453316	25.930939	1.046773	2476.459692	656.447708	-2476.459692	2206.767670	1793.079316	-993.710806	-1793.079316	-952.348247	16.458569	
228	43.304612	14.183835	1.230931	1987.663060	568.154409	-1987.663060	1978.286353	1529.502341	-776.960085	-1529.502341	-425.262688	15.677133	
229	45.086414	-1.551032	1.417464	1280.354111	346.851757	-1280.354111	1469.036629	1151.933903	-569.539065	-1151.933903	365.216528	15.254298	
230	46.700945	-18.183453	1.602334	744.201670	62.119893	-744.201670	971.484356	875.751207	-471.934713	-875.751207	1169.864205	15.252599	
231	46.778337	-30.417766	1.782283	659.836104	-192.383142	-659.836104	826.712875	863.382607	-559.206385	-863.382607	1720.663037	15.503287	
232	44.308366	-35.156925	1.954603	1011.433854	-344.238179	-1011.433854	1025.434535	1121.629811	-751.356054	-1121.629811	1874.756459	15.739487	
233	39.341305	-33.728924	2.116909	1581.643078	-381.932316	-1581.643078	1268.187107	1509.493324	-876.862347	-1509.493324	1686.353485	15.775113	
234	32.861160	-29.633054	2.266991	2159.665179	-343.061883	-2159.665179	1333.888735	1862.406874	-849.289918	-1862.406874	1327.841705	15.564650	
235	25.995604	-25.685588	2.402873	2629.823443	-273.628746	-2629.823443	1206.225936	2091.077225	-701.899448	-2091.077225	952.694672	15.159731	
236	19.517719	-23.198015	2.523000	2946.772703	-202.950188	-2946.772703	971.905369	2185.377224	-510.412045	-2185.377224	640.706917	14.646954	
237	13.851917	-22.410359	2.626390	3097.265302	-143.718543	-3097.265302	725.751483	2174.861460	-337.064325	-2174.861460	416.970289	14.108825	
238	9.254118	-23.025172	2.712742	3088.409743	-99.984767	-3088.409743	540.353736	2098.145765	-219.031489	-2098.145765	281.509188	13.608579	
239	5.900056	-24.531056	2.782433	2948.938345	-71.715175	-2948.938345	461.604425	1990.218636	-172.705293	-1990.218636	224.556189	13.187419	
240	3.846617	-26.379053	2.836376	2725.763135	-56.623696	-2725.763135	505.746684	1879.472385	-198.372246	-1879.472385	231.242959	12.865662	
241	2.994693	-28.063202	2.875861	2473.581570	-51.354003	-2473.581570	658.974234	1788.139288	-284.470245	-1788.139288	284.105845	12.645045	
242	3.135745	-29.135906	2.902424	2244.812181	-52.516116	-2244.812181	882.667508	1733.485589	-411.762741	-1733.485589	365.847293	12.512282	
243	4.033110	-29.206989	2.917722	2082.750417	-57.544653	-2082.750417	1121.149027	1728.302619	-556.458457	-1728.302619	460.943234	12.443622	
244	5.458575	-27.992430	2.923473	2015.452637	-64.813385	-2015.452637	1312.078593	1779.175861	-692.868214	-1779.175861	555.831957	12.409411	
245	7.174572	-25.397628	2.921470	2049.581329	-72.589484	-2049.581329	1399.632027	1884.194378	-796.155362	-1884.194378	638.187861	12.377708	
246	8.906110	-21.563192	2.913612	2166.962339	-77.641875	-2166.962339	1347.249220	2032.173174	-845.945574	-2032.173174	696.347876	12.316746	
247	10.368318	-16.853604	2.901893	2329.059511	-75.050515	-2329.059511	1149.953484	2202.468241	-832.333508	-2202.468241	721.008822	12.197142	
248	11.374278	-11.794794	2.888371	2490.446912	-59.807155	-2490.446912	842.122128	2365.648473	-760.989025	-2365.648473	708.809591	11.995469	
249	11.921803	-6.961751	2.875152	2614.989193	-29.475167	-2614.989193	490.370430	2488.144447	-652.149433	-2488.144447	665.052964	11.699422	
250	12.161009	-2.838550	2.864308	2684.968809	13.631874	-2684.968809	168.005485	2542.471717	-532.622163	-2542.471717	603.039955	11.312233	
251	12.278440	0.296300	2.857741	2698.331754	62.787548	-2698.331754	-76.136811	2518.116573	-424.565149	-2518.116573	538.472671	10.853028	
252	12.399469	2.410457	2.857051	2660.607462	109.963933	-2660.607462	-231.968165	2424.243098	-338.688884	-2424.243098	482.437615	10.351755	
253	12.561012	3.670438	2.863387	2579.583156	149.401006	-2579.583156	-318.661820	2282.301516	-275.482592	-2282.301516	438.622455	9.840930	
254	12.737174	4.341030	2.877265	2464.133087	179.399074	-2464.133087	-365.568056	2115.832199	-230.322480	-2115.832199	405.079159	9.348336	
255	12.891943	4.696556	2.898531	2324.111932	201.536471	-2324.111932	-397.519756	1943.734057	-197.742867	-1943.734057	377.524489	8.893231	
256	13.025654	4.978825	2.926459	2168.920414	218.278155	-2168.920414	-428.688817	1777.833916	-173.451872	-1777.833916	351.992616	8.486135	
257	13.187982	5.383680	2.959799	2005.922174	230.789360	-2005.922174	-462.707626	1623.245203	-154.749479	-1623.245203	326.173263	8.130889	
258	13.466412	6.046945	2.996789	1840.146922	237.906090	-1840.146922	-495.271141	1480.232912	-140.423927	-1480.232912	299.795090	7.827508	
259	13.961236	7.016153	3.035317	1674.976390	236.510820	-1674.976390	-517.518409	1346.942024	-130.606805	-1346.942024	274.418616	7.574606	
260	14.747608	8.236141	3.073158	1513.337692	223.308604	-1513.337692	-519.972633	1221.738152	-126.368680	-1221.738152	252.516252	7.370567	
261	15.834462	9.570507	3.108233	1358.781695	196.926383	-1358.781695	-496.188281	1104.173296	-129.005241	-1104.173296	236.241821	7.213359	
262	17.145045	10.840462	3.138856	1215.554336	158.992756	-1215.554336	-445.189880	995.108940	-139.243321	-995.108940	226.644464	7.099755	
263	18.536806	11.878268	3.163880	1087.698098	113.891363	-1087.698098	-371.920972	896.213397	-156.541493	-896.213397	223.403967	7.024866	
264	19.842362	12.563830	3.182729	977.769876	67.381287	-977.769876	-285.334639	808.991492	-178.857596	-808.991492	224.976435	6.982263	
265	20.902166	12.823326	3.195342	885.938211	24.930024	-885.938211	-195.810946	734.154243	-202.978298	-734.154243	228.989430	6.964535	
266	21.582715	12.626769	3.201966	809.898922	-9.305633	-809.898922	-113.427237	671.534556	-225.124602	-671.534556	232.677695	6.964053	
267	21.788372	11.988430	3.202913	745.573728	-32.766447	-745.573728	-46.825694	620.359404	-241.643173	-620.359404	233.326962	6.973599	
268	21.470792	10.953920	3.198437	688.275891	-44.528223	-688.275891	-2.058218	579.445219	-249.641084	-579.445219	228.677544	6.986512	
269	20.635456	9.580141	3.188703	633.819818	-45.302648	-633.819818	18.366708	547.212762	-247.449297	-547.212762	217.255489	6.996500	
270	19.345574	7.935630	3.173801	579.285156	-37.055016	-579.285156	15.388965	521.911608	-234.873355	-521.911608	198.655265	6.997660	
271	17.711637	6.107552	3.153809	523.211365	-22.380491	-523.211365	-7.379549	501.807042	-213.098337	-501.807042	173.611184	6.984902	
272	15.863545	4.178166	3.128797	465.427629	-3.994698	-465.427629	-44.542918	485.167279	-184.190286	-485.167279	143.701007	6.954378	
273	13.929731	2.211819	3.098790	406.749526	15.652363	-406.749526	-89.984805	470.318945	-150.588633	-470.318945	110.969151	6.903623	
274	12.029577	0.273055	3.063798	348.490294	34.608035	-348.490294	-137.820722	455.764465	-114.832984	-455.764465	77.663729	6.831589	
275	10.261898	-1.565690	3.023908	292.077450	51.535920	-292.077450	-183.098444	440.312994	-79.301314	-440.312994	45.930538	6.738643	
276	8.700935	-3.217989	2.979336	238.901829	65.684812	-238.901829	-222.105910	423.181254	-46.071183	-423.181254	17.618095	6.626525	
277	7.406615	-4.585833	2.930397	190.417947	76.688922	-190.417947	-252.316890	404.026938	-16.893849	-404.026938	-5.782579	6.498470	
278	6.412859	-5.614400	2.877398	148.382608	84.467243	-148.382608	-272.557324	382.898460	7.206778	-382.898460	-23.479133	6.359034	
279	5.707003	-6.320159	2.820607	114.547887	89.278164	-114.547887	-283.171224	360.127907	26.194263	-360.127907	-35.597166	6.213238	
280	5.243840	-6.740813	2.760359	90.032022	91.632751	-90.032022	-285.489994	336.221884	40.568134	-336.221884	-42.806470	6.065771	
281	4.970629	-6.913698	2.697154	75.076703	92.115826	-75.076703	-281.227752	311.745209	50.938678	-311.745209	-45.955013	5.920710	
282	4.832226	-6.891824	2.631624	68.990066	91.378804	-68.990066	-272.475640	287.299416	57.985834	-287.299416	-46.000883	5.781356	
283	4.765196	-6.733748	2.564441	70.228003	90.149657	-70.228003	-261.655441	263.529974	62.453084	-263.529974	-44.001056	5.650014	
284	4.702004	-6.495845	2.496255	76.653392	89.063384	-76.653392	-250.990717	240.990114	65.047174	-240.990114	-41.034631	5.527819	
285	4.589524	-6.238437	2.427646	85.615619	88.478696	-85.615619	-241.994149	220.003381	66.275810	-220.003381	-37.989142	5.414722	
286	4.401474	-6.011109	2.359175	94.064008	88.438491	-94.064008	-235.353855	200.690964	66.353112	-200.690964	-35.362132	5.309819	
287	4.131805	-5.834142	2.291449	99.101860	88.705529	-99.101860	-231.084964	183.004539	65.326927	-183.004539	-33.323338	5.211879	
288	3.779684	-5.719236	2.225142	98.467535	88.864417	-98.467535	-228.886074	166.671398	63.325673	-166.671398	-31.956706	5.119509	
289	3.351564	-5.681455	2.160939	90.865597	88.439466	-90.865597	-228.152546	151.279590	60.513834	-151.279590	-31.247611	5.031061	
290	2.873901	-5.699252	2.099520	76.459955	86.899085	-76.459955	-227.487249	136.462962	56.827156	-136.462962	-30.873881	4.944945	
291	2.387448	-5.709790	2.041655	56.691282	83.710402	-56.691282	-224.870147	121.927154	52.057788	-121.927154	-30.309726	4.860178	
292	1.936631	-5.659006	1.988257	33.608373	78.565178	-33.608373	-218.426296	107.367934	46.119600	-107.367934	-29.065172	4.776654	
293	1.560649	-5.509058	1.940348	10.039523	71.478362	-10.039523	-206.546664	92.512010	39.072544	-92.512010	-26.788936	4.695343	
294	1.271070	-5.210947	1.899014	-10.284634	62.620528	10.284634	-187.703031	77.294726	31.177042	-77.294726	-23.409324	4.617967	
295	1.049891	-4.723752	1.865457	-24.018813	52.232034	24.018813	-160.884216	61.794820	22.978874	-61.794820	-19.137800	4.546005	
296	0.869448	-4.058681	1.841027	-29.454528	40.749203	29.454528	-126.171188	45.945783	15.179615	-45.945783	-14.319375	4.480194	
297	0.688079	-3.269822	1.827126	-26.811462	28.819456	26.811462	-84.935666	29.550685	8.516470	-29.550685	-9.438059	4.420571	
298	0.453635	-2.403062	1.825100	-18.570383	17.027980	18.570383	-39.612284	12.376424	3.600785	-12.376424	-5.006404	4.366456	
299	0.132147	-1.491308	1.836154	-9.314073	5.686006	9.314073	6.824738	-5.978938	0.691343	5.978938	-1.320431	4.316710	
300	-0.281946	-0.591459	1.861088	-4.366721	-5.018503	4.366721	51.223538	-26.033128	-0.304696	26.033128	1.536753	4.270240	
301	-0.767296	0.195329	1.899888	-8.117493	-14.588840	8.117493	89.719280	-47.654978	0.351086	47.654978	3.491477	4.226422	
302	-1.272916	0.773036	1.951129	-22.007577	-22.395527	22.007577	118.997615	-69.800392	2.217046	69.800392	4.555046	4.185027	
303	-1.659790	0.965032	2.011936	-42.145709	-26.511395	42.145709	132.241888	-87.076490	4.683919	87.076490	4.395649	4.145814	
304	-1.902606	0.901365	2.075627	-62.091975	-27.924573	62.091975	134.967013	-99.250281	7.061718	99.250281	3.545655	4.106224	
