kww	// User ID
28-6-2021	// Evaluation date
p31_warmup_027	28-6-2021	17:27:10:608	// Source file name and timestamp
357.143	// Sampling rate
0.817	// Data capture period

1.960000	// height
90.100000	// mass


Sample #	elbVar	shldrIR	LwristLinVelo	thorJFPd	thorSTPd	UaJFPp	UaSTPp	UaJFPd	UaSTPd	FaJFPp	FaSTPp	RwristLinVelo	
0	4.006780	2.075894	1.788402	66.054501	-2.494698	-66.054501	12.227004	6.788194	12.079268	-6.788194	-34.450326	2.274010	
1	3.889801	1.846864	1.773337	62.799357	-2.167344	-62.799357	12.347914	6.059982	11.789149	-6.059982	-34.244115	2.267602	
2	3.893913	1.717073	1.757549	60.761507	-1.917621	-60.761507	12.305402	5.401577	11.901365	-5.401577	-34.879295	2.258649	
3	3.410307	1.183530	1.742131	54.810697	-1.289643	-54.810697	11.767222	5.365068	10.442020	-5.365068	-32.074585	2.248348	
4	2.776738	0.527601	1.729001	48.097993	-0.542127	-48.097993	10.847954	5.818391	8.479940	-5.818391	-28.315125	2.238862	
5	2.044380	-0.214195	1.719072	41.080693	0.298611	-41.080693	9.658517	6.718597	6.159616	-6.718597	-23.994036	2.231051	
6	1.301310	-0.962689	1.712979	34.535929	1.155411	-34.535929	8.448234	7.885846	3.745254	-7.885846	-19.652147	2.225333	
7	0.592180	-1.672519	1.711029	28.727860	1.973308	-28.727860	7.435349	9.148451	1.362920	-9.148451	-15.496876	2.221846	
8	-0.047097	-2.309702	1.713174	23.728588	2.708431	-23.728588	6.763022	10.368342	-0.883150	-10.368342	-11.696230	2.220572	
9	-0.592689	-2.851399	1.718942	19.600598	3.335356	-19.600598	6.489898	11.456090	-2.918534	-11.456090	-8.361047	2.221278	
10	-1.032542	-3.284795	1.727648	16.408558	3.843921	-16.408558	6.595539	12.381515	-4.697808	-12.381515	-5.566075	2.223590	
11	-1.369356	-3.602594	1.738686	14.251993	4.224151	-14.251993	7.049396	13.155169	-6.208439	-13.155169	-3.299020	2.227137	
12	-1.621445	-3.810552	1.751593	13.085148	4.469987	-13.085148	7.805339	13.794414	-7.469877	-13.794414	-1.420930	2.231748	
13	-1.808611	-3.941421	1.765952	12.514078	4.606457	-12.514078	8.737374	14.324435	-8.515145	-14.324435	0.174794	2.237477	
14	-1.936384	-4.025885	1.781300	12.320248	4.674301	-12.320248	9.724311	14.793474	-9.365205	-14.793474	1.433103	2.244274	
15	-2.006114	-4.063793	1.797109	12.683624	4.689285	-12.683624	10.723887	15.260133	-10.032029	-15.260133	2.302908	2.251795	
16	-2.027033	-4.043540	1.812836	13.712830	4.643863	-13.712830	11.700131	15.754357	-10.524679	-15.754357	2.859886	2.259608	
17	-2.011467	-3.962897	1.828023	15.451958	4.540931	-15.451958	12.579904	16.288968	-10.848780	-16.288968	3.200110	2.267372	
18	-1.970919	-3.842481	1.842427	17.849419	4.416732	-17.849419	13.292153	16.885827	-11.030656	-16.885827	3.353531	2.274807	
19	-1.913163	-3.722974	1.856073	20.542087	4.317171	-20.542087	13.833501	17.550949	-11.124013	-17.550949	3.297105	2.281601	
20	-1.842969	-3.637863	1.869064	23.157468	4.266579	-23.157468	14.286357	18.291520	-11.194771	-18.291520	3.020431	2.287354	
21	-1.765252	-3.603360	1.881441	25.417106	4.272131	-25.417106	14.757197	19.123193	-11.310973	-19.123193	2.555691	2.291609	
22	-1.680036	-3.622551	1.893184	27.134754	4.330401	-27.134754	15.336674	20.033895	-11.523366	-20.033895	1.917437	2.293955	
23	-1.579882	-3.680863	1.904289	28.484045	4.425104	-28.484045	16.085084	21.012539	-11.850316	-21.012539	1.074116	2.294054	
24	-1.455983	-3.753627	1.914857	29.824463	4.538971	-29.824463	17.008584	22.090216	-12.288106	-22.090216	-0.016859	2.291563	
25	-1.309916	-3.829923	1.925037	31.233016	4.665391	-31.233016	18.103737	23.306154	-12.844448	-23.306154	-1.318963	2.286085	
26	-1.157275	-3.912149	1.934925	32.472904	4.789339	-32.472904	19.378779	24.642945	-13.528954	-24.642945	-2.650088	2.277478	
27	-1.008611	-4.002924	1.944590	33.364259	4.890866	-33.364259	20.834899	26.048455	-14.329368	-26.048455	-3.876506	2.266049	
28	-0.860150	-4.100751	1.954110	34.047963	4.975551	-34.047963	22.484517	27.536284	-15.241264	-27.536284	-5.046351	2.252131	
29	-0.710398	-4.189938	1.963569	34.920593	5.057540	-34.920593	24.274169	29.212837	-16.258562	-29.212837	-6.186548	2.235752	
30	-0.565864	-4.244286	1.973124	36.386578	5.125939	-36.386578	26.014176	31.161292	-17.323839	-31.161292	-7.206072	2.216742	
31	-0.431851	-4.234418	1.983029	38.712597	5.140380	-38.712597	27.392373	33.326039	-18.296976	-33.326039	-7.994445	2.194987	
32	-0.305998	-4.140915	1.993546	41.961554	5.071584	-41.961554	28.119250	35.561373	-19.018297	-35.561373	-8.556782	2.170620	
33	-0.178629	-3.990442	2.004881	45.858139	4.957229	-45.858139	28.284860	37.728582	-19.486112	-37.728582	-9.083988	2.143857	
34	-0.042563	-3.840648	2.017211	50.005332	4.871540	-50.005332	28.323035	39.716000	-19.857351	-39.716000	-9.761874	2.114604	
35	0.099163	-3.719574	2.030668	54.256631	4.847921	-54.256631	28.506044	41.456731	-20.250463	-41.456731	-10.574015	2.082441	
36	0.243403	-3.616678	2.045275	58.589812	4.870223	-58.589812	28.789930	42.908535	-20.672245	-42.908535	-11.434657	2.046910	
37	0.399391	-3.512664	2.060931	62.875497	4.907935	-62.875497	29.031964	43.975568	-21.067573	-43.975568	-12.378606	2.007678	
38	0.577319	-3.401988	2.077454	66.936502	4.948425	-66.936502	29.189515	44.560127	-21.407766	-44.560127	-13.462173	1.964422	
39	0.771163	-3.295973	2.094644	70.559167	5.002139	-70.559167	29.365606	44.678011	-21.749779	-44.678011	-14.579169	1.916746	
40	0.965221	-3.196192	2.112315	73.460915	5.058184	-73.460915	29.567204	44.413834	-22.122020	-44.413834	-15.506359	1.864451	
41	1.150043	-3.073624	2.130282	75.578148	5.065581	-75.578148	29.471481	43.840887	-22.402393	-43.840887	-16.088261	1.807827	
42	1.322551	-2.897061	2.148377	77.068258	4.980106	-77.068258	28.672531	43.028016	-22.425401	-43.028016	-16.300190	1.747571	
43	1.478290	-2.675509	2.166531	77.824856	4.801749	-77.824856	27.158636	42.032776	-22.171924	-42.032776	-16.175303	1.684591	
44	1.611904	-2.445963	2.184832	77.468131	4.557286	-77.468131	25.275903	40.859532	-21.747575	-40.859532	-15.743586	1.619841	
45	1.720094	-2.230384	2.203465	75.752941	4.264562	-75.752941	23.273705	39.469918	-21.214580	-39.469918	-15.029791	1.554209	
46	1.798395	-2.032639	2.222616	72.771703	3.940341	-72.771703	21.224613	37.889440	-20.593036	-37.889440	-14.043271	1.488549	
47	1.839760	-1.856445	2.242453	68.885635	3.622647	-68.885635	19.230184	36.250666	-19.962105	-36.250666	-12.770423	1.423777	
48	1.841465	-1.700407	2.263139	64.563716	3.349802	-64.563716	17.367979	34.666133	-19.407641	-34.666133	-11.233387	1.360911	
49	1.812028	-1.555405	2.284763	60.227138	3.139291	-60.227138	15.633949	33.122926	-18.938627	-33.122926	-9.543449	1.300983	
50	1.772400	-1.416251	2.307284	56.146902	2.999702	-56.146902	14.091699	31.514175	-18.515321	-31.514175	-7.883277	1.244786	
51	1.745582	-1.278755	2.330613	52.494031	2.934063	-52.494031	12.817531	29.743228	-18.082027	-29.743228	-6.419123	1.192606	
52	1.741991	-1.134665	2.354700	49.388703	2.937107	-49.388703	11.782227	27.815364	-17.600448	-27.815364	-5.209372	1.144308	
53	1.760006	-0.978699	2.379443	46.944610	3.007272	-46.944610	10.968578	25.826153	-17.095668	-25.826153	-4.202676	1.099584	
54	1.799507	-0.803025	2.404666	45.333261	3.141490	-45.333261	10.327049	23.854928	-16.589649	-23.854928	-3.340929	1.058041	
55	1.868459	-0.595025	2.430181	44.650643	3.325347	-44.650643	9.710988	21.915908	-16.035362	-21.915908	-2.628866	1.019119	
56	1.967445	-0.355029	2.455809	44.775321	3.547580	-44.775321	9.097343	20.045360	-15.418762	-20.045360	-2.020942	0.982217	
57	2.082371	-0.094898	2.481436	45.455176	3.809551	-45.455176	8.613835	18.350199	-14.822957	-18.350199	-1.368028	0.947115	
58	2.204951	0.176060	2.507029	46.370109	4.107204	-46.370109	8.372379	16.888490	-14.306895	-16.888490	-0.566869	0.914045	
59	2.335216	0.445728	2.532590	47.161946	4.407897	-47.161946	8.421945	15.572415	-13.815075	-15.572415	0.392795	0.883434	
60	2.465056	0.704212	2.558193	47.710485	4.666986	-47.710485	8.662194	14.275601	-13.249805	-14.275601	1.498948	0.855825	
61	2.573392	0.966278	2.583930	48.127685	4.858658	-48.127685	8.733824	12.988992	-12.561851	-12.988992	2.734240	0.831912	
62	2.628073	1.263988	2.609759	48.204737	4.962786	-48.204737	8.192750	11.782955	-11.773280	-11.782955	4.070366	0.812583	
63	2.608536	1.605345	2.635485	47.523282	4.961355	-47.523282	7.044762	10.654293	-10.970886	-10.654293	5.454523	0.798727	
64	2.531513	1.955857	2.660924	46.226114	4.874898	-46.226114	5.973830	9.512433	-10.267073	-9.512433	6.823550	0.790637	
65	2.433576	2.269334	2.686058	44.911545	4.760326	-44.911545	5.795482	8.295290	-9.751591	-8.295290	8.158544	0.787796	
66	2.334052	2.519036	2.710890	43.903824	4.664842	-43.903824	6.902773	7.025255	-9.488096	-7.025255	9.509384	0.789439	
67	2.223406	2.695455	2.735347	43.041731	4.599206	-43.041731	9.269874	5.745917	-9.514124	-5.745917	10.942896	0.795101	
68	2.088889	2.796220	2.759461	41.990325	4.546643	-41.990325	12.652138	4.432824	-9.791138	-4.432824	12.436421	0.804540	
69	1.941823	2.824440	2.783362	40.605137	4.489781	-40.605137	16.722933	3.018365	-10.203399	-3.018365	13.876872	0.817312	
70	1.799767	2.784021	2.807055	38.982660	4.433806	-38.982660	21.234663	1.505192	-10.686883	-1.505192	15.220079	0.832776	
71	1.664771	2.675828	2.830502	37.261173	4.401148	-37.261173	26.065804	-0.038104	-11.266539	0.038104	16.531938	0.850525	
72	1.541874	2.506484	2.853830	35.481106	4.403024	-35.481106	31.023729	-1.587278	-11.913034	1.587278	17.828913	0.870534	
73	1.448696	2.293277	2.877195	33.593393	4.431173	-33.593393	35.771996	-3.174366	-12.516147	3.174366	19.035559	0.892870	
74	1.391057	2.054204	2.900593	31.505553	4.467999	-31.505553	39.998035	-4.829030	-13.005893	4.829030	20.097292	0.917536	
75	1.345671	1.797012	2.923941	29.085164	4.490923	-29.085164	43.565454	-6.569501	-13.400501	6.569501	21.027627	0.944564	
76	1.282580	1.518894	2.947153	26.215938	4.483886	-26.215938	46.513957	-8.412111	-13.746436	8.412111	21.864234	0.973982	
77	1.198937	1.222412	2.970154	22.822378	4.442156	-22.822378	48.877987	-10.363617	-14.041109	10.363617	22.608665	1.005714	
78	1.111972	0.925719	2.993010	18.810290	4.362048	-18.810290	50.630092	-12.412806	-14.247842	12.412806	23.232957	1.039598	
79	1.038342	0.649220	3.016029	14.131126	4.247111	-14.131126	51.812788	-14.524033	-14.360221	14.524033	23.745835	1.075489	
80	0.996776	0.405544	3.039663	8.871598	4.116227	-8.871598	52.517358	-16.639405	-14.403096	16.639405	24.207612	1.113299	
81	1.005469	0.201208	3.064363	3.286339	3.992590	-3.286339	52.802375	-18.695007	-14.408632	18.695007	24.692824	1.152952	
82	1.066401	0.033697	3.090511	-2.247333	3.888968	2.247333	52.706310	-20.649716	-14.400683	20.649716	25.247702	1.194353	
83	1.161492	-0.108273	3.118348	-7.437379	3.804566	7.437379	52.294843	-22.515037	-14.381808	22.515037	25.860904	1.237331	
84	1.262528	-0.234355	3.147910	-12.280493	3.731312	12.280493	51.690218	-24.350618	-14.342211	24.350618	26.468172	1.281503	
85	1.351641	-0.344018	3.179119	-17.069940	3.663276	17.069940	50.982418	-26.200490	-14.272516	26.200490	26.993599	1.326325	
86	1.440981	-0.425979	3.211998	-22.112068	3.609857	22.112068	50.188979	-28.020121	-14.181195	28.020121	27.431977	1.371319	
87	1.550821	-0.469313	3.246806	-27.424093	3.592517	27.424093	49.397449	-29.729781	-14.111858	29.729781	27.862822	1.416285	
88	1.676562	-0.480423	3.283946	-32.707690	3.630902	32.707690	48.842847	-31.318510	-14.127781	31.318510	28.372227	1.461297	
89	1.801129	-0.475785	3.323743	-37.611395	3.736048	37.611395	48.764593	-32.836205	-14.273269	32.836205	29.004119	1.506560	
90	1.914613	-0.460674	3.366381	-42.091372	3.900392	42.091372	49.194523	-34.365272	-14.537739	34.365272	29.724512	1.552321	
91	2.018310	-0.436028	3.412007	-46.274353	4.107820	46.274353	49.987438	-35.967695	-14.878402	35.967695	30.470897	1.598750	
92	2.121307	-0.412737	3.460732	-50.085493	4.353828	50.085493	51.059810	-37.638501	-15.283123	37.638501	31.257122	1.645936	
93	2.221789	-0.399421	3.512569	-53.498801	4.635596	53.498801	52.431333	-39.401499	-15.764630	39.401499	32.109969	1.694029	
94	2.306784	-0.393215	3.567515	-56.736156	4.944005	56.736156	54.110263	-41.342079	-16.324455	41.342079	33.004240	1.743198	
95	2.379585	-0.394817	3.625563	-59.802752	5.274622	59.802752	56.071324	-43.497832	-16.957895	43.497832	33.954494	1.793578	
96	2.454409	-0.414166	3.686525	-62.428127	5.625946	62.428127	58.268964	-45.855745	-17.656618	45.855745	35.013963	1.845355	
97	2.526595	-0.453444	3.749888	-64.682722	5.991223	64.682722	60.630226	-48.444814	-18.412292	48.444814	36.189812	1.898813	
98	2.588310	-0.504905	3.814890	-66.959228	6.352074	66.959228	62.973369	-51.307266	-19.216364	51.307266	37.476916	1.954208	
99	2.651320	-0.574440	3.880710	-69.162573	6.683062	69.162573	65.050637	-54.405308	-20.040677	54.405308	38.908033	2.011697	
100	2.724821	-0.684040	3.946654	-70.732959	6.971449	70.732959	66.768046	-57.668467	-20.848959	57.668467	40.528094	2.071554	
101	2.803396	-0.838385	4.012235	-71.678660	7.210932	71.678660	68.101172	-61.079837	-21.600740	61.079837	42.338949	2.134275	
102	2.884513	-1.016889	4.077162	-72.598289	7.399618	72.598289	69.023368	-64.636501	-22.259522	64.636501	44.320234	2.200240	
103	2.971592	-1.202225	4.141323	-73.751792	7.559021	73.751792	69.681210	-68.322181	-22.828847	68.322181	46.496036	2.269507	
104	3.063578	-1.379727	4.204814	-75.223552	7.703173	75.223552	70.165533	-72.128340	-23.310010	72.128340	48.856438	2.341994	
105	3.157371	-1.527484	4.267987	-77.389145	7.816220	77.389145	70.339344	-76.012230	-23.676569	76.012230	51.327012	2.417503	
106	3.250917	-1.637232	4.331405	-80.514852	7.883788	80.514852	70.113673	-79.893863	-23.927073	79.893863	53.873540	2.495666	
107	3.340005	-1.720520	4.395750	-84.456522	7.893926	84.456522	69.450133	-83.681497	-24.066825	83.681497	56.466246	2.576061	
108	3.429326	-1.794222	4.461678	-88.634057	7.838912	88.634057	68.303398	-87.259581	-24.095346	87.259581	59.095815	2.658378	
109	3.534809	-1.871386	4.529619	-92.421640	7.734036	92.421640	66.750759	-90.528333	-24.052339	90.528333	61.881996	2.742541	
110	3.660454	-1.957969	4.599679	-95.699268	7.584158	95.699268	64.869461	-93.418817	-23.981503	93.418817	64.919538	2.828642	
111	3.792945	-2.054343	4.671763	-98.611747	7.359816	98.611747	62.645795	-95.877727	-23.885039	95.877727	68.129260	2.916712	
112	3.917657	-2.151922	4.745688	-101.278711	7.026147	101.278711	60.116823	-97.924541	-23.760316	97.924541	71.370850	3.006614	
113	4.025352	-2.240208	4.821174	-103.822474	6.563016	103.822474	57.409559	-99.660507	-23.627376	99.660507	74.564791	3.098097	
114	4.115089	-2.330421	4.897837	-106.086703	5.947096	106.086703	54.627093	-101.147645	-23.516006	101.147645	77.736680	3.190919	
115	4.191071	-2.450146	4.975259	-107.686613	5.122310	107.686613	51.778453	-102.378550	-23.448985	102.378550	80.961205	3.285008	
116	4.245197	-2.606759	5.053154	-108.690992	4.022183	108.690992	48.851570	-103.399799	-23.435302	103.399799	84.203339	3.380416	
117	4.255232	-2.786052	5.131474	-109.584629	2.621326	109.584629	45.901032	-104.286357	-23.474855	104.286357	87.309161	3.477083	
118	4.208833	-2.988017	5.210357	-110.391471	0.908464	110.391471	43.043356	-105.001414	-23.567697	105.001414	90.190244	3.574735	
119	4.116333	-3.227912	5.290017	-110.671045	-1.178381	110.671045	40.365892	-105.433976	-23.722352	105.433976	92.901935	3.673070	
120	3.996455	-3.512440	5.370671	-110.201193	-3.742628	110.201193	37.917387	-105.526593	-23.963815	105.526593	95.556183	3.771941	
121	3.859863	-3.835205	5.452390	-109.058533	-6.871676	109.058533	35.809533	-105.282449	-24.319801	105.282449	98.190336	3.871327	
122	3.711939	-4.178653	5.534989	-107.410217	-10.610752	107.410217	34.184351	-104.699861	-24.799845	104.699861	100.707924	3.971136	
123	3.562665	-4.522622	5.618154	-105.408021	-14.999560	105.408021	33.160185	-103.786943	-25.413112	103.786943	103.001361	4.071107	
124	3.424720	-4.854896	5.701607	-103.236768	-20.102226	103.236768	32.869010	-102.616486	-26.187953	102.616486	105.059985	4.170918	
125	3.305619	-5.167466	5.785118	-101.237628	-25.966504	101.237628	33.463213	-101.302856	-27.153554	101.302856	106.897365	4.270290	
126	3.204512	-5.449402	5.868439	-99.711966	-32.574362	99.711966	35.112136	-99.938161	-28.310241	99.938161	108.437411	4.368948	
127	3.112815	-5.686331	5.951250	-98.774046	-39.831110	98.774046	37.936477	-98.555911	-29.617199	98.555911	109.486938	4.466542	
128	3.019026	-5.864979	6.033159	-98.494557	-47.589870	98.494557	41.921242	-97.132164	-31.007705	97.132164	109.823465	4.562573	
129	2.915052	-5.977237	6.113716	-98.862834	-55.703492	98.862834	46.941791	-95.617824	-32.404017	95.617824	109.278312	4.656310	
130	2.795722	-6.023631	6.192386	-99.648929	-64.056564	99.648929	52.866970	-93.970072	-33.736413	93.970072	107.777557	4.746823	
131	2.653567	-6.016174	6.268663	-100.457486	-72.565376	100.457486	59.633300	-92.149430	-34.974166	92.149430	105.365283	4.833110	
132	2.478987	-5.969264	6.342245	-100.917524	-81.154889	100.917524	67.176282	-90.077090	-36.097443	90.077090	102.092520	4.914197	
133	2.271715	-5.887605	6.413034	-100.850679	-89.777426	100.850679	75.366524	-87.687185	-37.060387	87.687185	97.991952	4.989221	
134	2.048810	-5.771857	6.481027	-100.283273	-98.515934	100.283273	84.164969	-85.101821	-37.840113	85.101821	93.258891	5.057566	
135	1.833895	-5.628129	6.546236	-99.384833	-107.592548	99.384833	93.759530	-82.685957	-38.470979	82.685957	88.242177	5.119045	
136	1.648803	-5.461672	6.608592	-98.540784	-117.266492	98.540784	104.444640	-80.966046	-38.980011	80.966046	83.233589	5.174056	
137	1.516213	-5.268168	6.667811	-98.431667	-127.771436	98.431667	116.475968	-80.545155	-39.325216	80.545155	78.378058	5.223554	
138	1.455194	-5.036671	6.723299	-99.854991	-139.232821	99.854991	130.060082	-82.021318	-39.434766	82.021318	73.735112	5.268770	
139	1.481221	-4.750862	6.774193	-103.518329	-151.621892	103.518329	145.312919	-85.969821	-39.237184	85.969821	69.325639	5.310985	
140	1.611711	-4.388101	6.819427	-110.007327	-164.830089	110.007327	162.206849	-92.921104	-38.603994	92.921104	65.062747	5.351463	
141	1.857670	-3.927356	6.857855	-119.673897	-178.692664	119.673897	180.596986	-103.209210	-37.358824	103.209210	60.723849	5.391316	
142	2.214303	-3.355841	6.888422	-132.490025	-192.968463	132.490025	200.226692	-116.845029	-35.365489	116.845029	56.041593	5.431211	
143	2.659074	-2.679101	6.910209	-148.102112	-207.476365	148.102112	220.892208	-133.520072	-32.584590	133.520072	50.786618	5.471194	
144	3.157015	-1.929452	6.922391	-165.937527	-222.323033	165.937527	242.792542	-152.733044	-29.098241	152.733044	44.847071	5.510785	
145	3.672948	-1.152821	6.924308	-185.223398	-237.944204	185.223398	266.593764	-173.949172	-25.068948	173.949172	38.250905	5.549183	
146	4.173198	-0.396113	6.915656	-204.901203	-254.972700	204.901203	293.269859	-196.623321	-20.665657	196.623321	31.104943	5.585376	
147	4.629700	0.299347	6.896435	-223.760270	-274.175171	223.760270	323.965587	-220.328595	-16.033658	220.328595	23.584457	5.618240	
148	5.034345	0.907530	6.866741	-240.986583	-296.463889	240.986583	359.811923	-245.013840	-11.291852	245.013840	15.937185	5.646845	
149	5.395610	1.420499	6.826643	-256.555430	-322.725400	256.555430	401.564692	-270.948585	-6.486303	270.948585	8.377726	5.670702	
150	5.728387	1.854070	6.776045	-271.654928	-353.427906	271.654928	448.902588	-298.530155	-1.495309	298.530155	0.943145	5.689716	
151	6.052582	2.243185	6.714501	-289.214583	-388.474758	289.214583	500.178131	-328.255780	3.879473	328.255780	-6.437524	5.704068	
152	6.387807	2.620402	6.641221	-313.526748	-427.386794	313.526748	552.935870	-360.653734	9.765208	360.653734	-13.809687	5.714225	
153	6.751235	3.013477	6.555288	-349.443179	-469.478422	349.443179	604.256389	-396.243120	16.351019	396.243120	-21.314296	5.720899	
154	7.161195	3.453040	6.456003	-401.633290	-513.964896	401.633290	651.039716	-435.618090	23.948333	435.618090	-29.236919	5.724913	
155	7.632536	3.961202	6.343160	-473.249709	-559.935344	473.249709	690.591108	-479.292574	32.764338	479.292574	-37.784582	5.727116	
156	8.170661	4.541035	6.217125	-564.995315	-606.407959	564.995315	721.144688	-527.452293	42.790140	527.452293	-46.964674	5.728397	
157	8.779343	5.190671	6.078763	-675.225440	-652.572673	675.225440	741.995536	-580.157945	53.964108	580.157945	-56.734212	5.729707	
158	9.468680	5.914253	5.929165	-800.141222	-697.882865	800.141222	753.452181	-637.642798	66.286398	637.642798	-67.104493	5.732163	
159	10.247969	6.710894	5.769282	-934.305855	-742.080029	934.305855	756.953076	-700.177846	79.753920	700.177846	-78.064697	5.737174	
160	11.119322	7.573783	5.599927	-1071.821218	-785.185314	1071.821218	754.824316	-767.866227	94.418649	767.866227	-89.648522	5.746375	
161	12.082678	8.502720	5.422018	-1207.386485	-827.341275	1207.386485	749.615558	-840.731192	110.519302	840.731192	-102.099719	5.761380	
162	13.136818	9.499842	5.236553	-1336.671144	-868.652632	1336.671144	743.721666	-918.714566	128.327363	918.714566	-115.732260	5.783696	
163	14.268801	10.553190	5.044520	-1456.216900	-908.952582	1456.216900	739.173896	-1001.183689	147.819185	1001.183689	-130.590420	5.814750	
164	15.452622	11.637611	4.847016	-1563.477856	-947.681172	1563.477856	737.435959	-1086.749904	168.686608	1086.749904	-146.470315	5.855727	
165	16.658243	12.726349	4.645292	-1656.957083	-984.094955	1656.957083	739.489802	-1173.726007	190.625390	1173.726007	-163.242454	5.907290	
166	17.854665	13.793010	4.440575	-1736.055874	-1017.421487	1736.055874	745.876970	-1260.303465	213.405424	1260.303465	-180.919633	5.969329	
167	19.017324	14.816211	4.233865	-1800.815953	-1046.920334	1800.815953	756.512784	-1344.770492	236.888774	1344.770492	-199.611108	6.040955	
168	20.133488	15.785201	4.025992	-1851.585435	-1071.918934	1851.585435	770.598455	-1425.883152	261.152210	1425.883152	-219.584207	6.120820	
169	21.195015	16.696916	3.817858	-1888.530402	-1091.717864	1888.530402	786.623380	-1502.721183	286.491852	1502.721183	-241.245310	6.207432	
170	22.196022	17.558475	3.610560	-1911.354529	-1105.612092	1911.354529	802.476524	-1574.596932	313.407319	1574.596932	-265.115834	6.299337	
171	23.137215	18.394649	3.405422	-1919.423707	-1113.073140	1919.423707	815.739346	-1641.374970	342.627873	1641.374970	-291.883275	6.395342	
172	24.023733	19.242894	3.203978	-1912.190393	-1113.925039	1912.190393	824.085617	-1703.596400	374.988753	1703.596400	-322.311195	6.494866	
173	24.858757	20.138158	3.007778	-1889.539944	-1108.437739	1889.539944	825.650996	-1762.193346	411.158854	1762.193346	-356.943463	6.598274	
174	25.649681	21.113016	2.818317	-1851.728747	-1097.337909	1851.728747	819.161202	-1818.498788	451.585466	1818.498788	-396.004861	6.707096	
175	26.417327	22.208703	2.637172	-1799.227908	-1081.810773	1799.227908	803.975495	-1874.591348	496.666516	1874.591348	-439.607127	6.824213	
176	27.189550	23.473263	2.466084	-1732.368636	-1063.341600	1732.368636	780.088605	-1933.149855	546.716065	1933.149855	-487.770545	6.953988	
177	27.996496	24.957545	2.306962	-1650.892182	-1043.484083	1650.892182	748.006424	-1997.044747	601.820136	1997.044747	-540.267179	7.102180	
178	28.867899	26.707493	2.161749	-1554.294801	-1023.854656	1554.294801	708.975824	-2068.861147	661.670578	2068.861147	-596.455672	7.275553	
179	29.823709	28.745267	2.032052	-1442.332184	-1006.054673	1442.332184	665.317231	-2150.213158	725.259246	2150.213158	-654.997611	7.481160	
180	30.877400	31.065342	1.918838	-1314.865903	-991.322046	1314.865903	620.041084	-2241.302197	790.837488	2241.302197	-713.806405	7.725595	
181	32.042409	33.646842	1.822396	-1172.074950	-980.270011	1172.074950	576.230743	-2340.567023	856.154465	2340.567023	-770.394855	8.014291	
182	33.315413	36.455850	1.742335	-1015.618790	-973.024726	1015.618790	537.209800	-2444.305120	918.345245	2444.305120	-822.095993	8.350721	
183	34.657664	39.436430	1.677648	-849.303226	-969.520928	849.303226	506.901910	-2546.868467	973.553265	2546.868467	-865.951044	8.735787	
184	36.005304	42.507748	1.626875	-678.212579	-969.374249	678.212579	489.056917	-2641.352951	1017.032955	2641.352951	-898.704433	9.167789	
185	37.294420	45.569073	1.588299	-507.371729	-971.308572	507.371729	485.666915	-2719.891605	1043.808008	2719.891605	-917.158709	9.642792	
186	38.471130	48.507598	1.559936	-340.882992	-972.803272	340.882992	495.904815	-2773.661999	1049.390436	2773.661999	-918.709445	10.154906	
187	39.486858	51.208620	1.539371	-181.744286	-970.517958	181.744286	516.457811	-2793.857252	1030.316682	2793.857252	-901.762933	10.696489	
188	40.306770	53.563471	1.523808	-31.928712	-960.983321	31.928712	542.529495	-2773.466395	984.830108	2773.466395	-866.191600	11.258647	
189	40.931187	55.477898	1.510352	108.388448	-940.786161	-108.388448	568.187435	-2708.500625	913.700261	2708.500625	-813.937965	11.831930	
190	41.404270	56.887414	1.496206	241.908073	-906.607884	-241.908073	586.667951	-2598.537586	820.429749	2598.537586	-749.243682	12.406862	
191	41.813167	57.776556	1.478819	373.464095	-855.827755	-373.464095	591.877006	-2446.881125	710.695157	2446.881125	-678.469949	12.974256	
192	42.281490	58.185013	1.456036	507.202372	-787.586578	-507.202372	580.962608	-2260.073128	591.168061	2260.073128	-609.625144	13.525371	
193	42.950564	58.194515	1.426276	643.918361	-703.520470	-643.918361	556.476699	-2046.939208	467.857733	2046.939208	-551.402955	14.052079	
194	43.949735	57.911588	1.388729	780.006670	-607.766558	-780.006670	526.962279	-1817.745230	344.361162	1817.745230	-511.663676	14.547173	
195	45.355448	57.448764	1.343411	907.680138	-506.579251	-907.680138	506.218197	-1583.696802	220.454066	1583.696802	-495.378988	15.004893	
196	47.152711	56.903953	1.291043	1016.174204	-407.916713	-1016.174204	511.542016	-1356.363448	91.768018	1356.363448	-502.666229	15.421697	
197	49.226480	56.337237	1.233077	1094.072573	-320.516963	-1094.072573	560.155755	-1146.202834	-48.665367	1146.202834	-528.464282	15.796864	
198	51.392746	55.746902	1.171877	1132.753948	-251.807182	-1132.753948	663.285305	-959.640544	-207.170117	959.640544	-564.838958	16.132149	
199	53.422205	55.061337	1.110855	1130.016205	-205.590376	-1130.016205	820.357770	-795.676133	-386.392443	795.676133	-603.322016	16.429969	
200	55.032362	54.133876	1.054523	1093.368670	-180.225414	-1093.368670	1015.551380	-643.497857	-582.962711	643.497857	-635.675063	16.690305	
201	55.924942	52.739937	1.008392	1043.532722	-167.141284	-1043.532722	1217.864836	-482.264206	-784.875789	482.264206	-656.419186	16.906869	
202	55.890294	50.628999	0.978459	1015.244374	-151.630508	-1015.244374	1389.296676	-285.670781	-971.197176	285.670781	-666.409614	17.063691	
203	54.910245	47.651767	0.970235	1049.076700	-117.979697	-1049.076700	1502.636578	-32.779818	-1117.393244	32.779818	-672.258424	17.134596	
204	53.207103	43.910575	0.987499	1171.273299	-57.810545	-1171.273299	1559.790499	277.918224	-1205.322499	-277.918224	-678.962896	17.088360	
205	51.176318	39.801580	1.031382	1369.213303	23.028666	-1369.213303	1593.477226	619.195931	-1231.331390	-619.195931	-677.610978	16.901089	
206	49.183753	35.815645	1.100340	1583.647663	105.847487	-1583.647663	1641.990687	940.937120	-1204.028730	-940.937120	-639.069562	16.573034	
207	47.372136	32.168240	1.190943	1733.986109	170.306783	-1733.986109	1714.594225	1192.202604	-1133.823666	-1192.202604	-526.178081	16.140407	
208	45.668213	28.498290	1.298917	1756.733506	205.555495	-1756.733506	1776.592009	1343.235408	-1026.313272	-1343.235408	-317.979437	15.671190	
209	43.952649	23.793187	1.419889	1617.882798	209.871048	-1617.882798	1754.648107	1390.606274	-883.227955	-1390.606274	-23.354761	15.243785	
210	42.190890	16.654671	1.549803	1307.655144	181.191868	-1307.655144	1556.926217	1349.682747	-707.843935	-1349.682747	324.577161	14.920454	
211	40.411805	6.129037	1.685083	868.486571	112.677359	-868.486571	1136.646873	1251.484264	-519.815556	-1251.484264	680.392835	14.728551	
212	38.487650	-6.989830	1.822610	442.860991	5.012569	-442.860991	592.741466	1149.993627	-372.040093	-1149.993627	987.637120	14.652751	
213	35.938800	-19.683605	1.959663	232.353530	-115.329068	-232.353530	165.092610	1115.642620	-323.521502	-1115.642620	1177.669872	14.636669	
214	32.228133	-28.535807	2.093867	350.326844	-204.842665	-350.326844	27.267159	1189.051254	-365.953815	-1189.051254	1201.117203	14.598679	
215	27.277334	-32.325759	2.223145	741.071039	-237.251671	-741.071039	122.814693	1340.803835	-415.944535	-1340.803835	1068.354005	14.465716	
216	21.505426	-32.372806	2.345736	1252.479843	-218.603667	-1252.479843	270.581955	1498.297235	-400.675887	-1498.297235	841.295835	14.205893	
217	15.513966	-30.856929	2.460271	1743.774881	-171.871852	-1743.774881	347.191076	1603.751581	-314.375499	-1603.751581	592.527615	13.834848	
218	9.866615	-29.389617	2.565834	2128.742776	-118.382713	-2128.742776	336.630077	1639.099883	-197.839993	-1639.099883	376.391306	13.398077	
219	5.015306	-28.688083	2.661990	2368.010466	-70.926450	-2368.010466	283.547827	1615.474948	-97.440342	-1615.474948	222.204555	12.948808	
220	1.285921	-28.829976	2.748693	2453.190009	-34.842559	-2453.190009	244.077310	1555.455311	-44.215772	-1555.455311	139.146876	12.533384	
221	-1.134964	-29.560255	2.826200	2399.135772	-10.902680	-2399.135772	261.163444	1482.101886	-51.032692	-1482.101886	122.923315	12.184544	
222	-2.232444	-30.504538	2.895004	2241.090473	2.549347	-2241.090473	354.856338	1414.620756	-115.924662	-1414.620756	160.805221	11.919129	
223	-2.151898	-31.291214	2.955683	2029.607712	8.008195	-2029.607712	521.883646	1367.344452	-227.062725	-1367.344452	236.436059	11.738498	
224	-1.125319	-31.583782	3.008754	1820.095532	7.638099	-1820.095532	740.262189	1350.136509	-367.605074	-1350.136509	333.982244	11.631384	
225	0.590184	-31.059883	3.054656	1659.963091	3.036437	-1659.963091	971.116365	1369.708377	-517.903494	-1369.708377	439.234476	11.577805	
226	2.725358	-29.431073	3.093803	1578.132080	-4.186774	-1578.132080	1160.461016	1430.009630	-655.676400	-1430.009630	538.496983	11.552058	
227	4.995294	-26.525615	3.126635	1579.602512	-11.779035	-1579.602512	1250.301032	1530.167826	-757.840888	-1530.167826	618.239336	11.524875	
228	7.113182	-22.363002	3.153654	1646.616882	-16.564672	-1646.616882	1197.943526	1661.485699	-805.583087	-1661.485699	666.686329	11.466153	
229	8.845705	-17.193317	3.175414	1747.405168	-14.842711	-1747.405168	996.186429	1806.068737	-791.056483	-1806.068737	676.986627	11.349080	
230	10.085519	-11.491715	3.192550	1849.388773	-3.844153	-1849.388773	683.333341	1939.157975	-721.454234	-1939.157975	650.051805	11.155252	
231	10.857056	-5.869123	3.205865	1929.784708	16.758283	-1929.784708	330.243168	2035.848339	-616.613273	-2035.848339	594.572448	10.879067	
232	11.256788	-0.916404	3.216363	1978.992969	44.466175	-1978.992969	9.913924	2079.132264	-501.320111	-2079.132264	524.168926	10.529251	
233	11.394786	2.942692	3.225136	1996.911774	74.799097	-1996.911774	-229.700734	2064.563315	-396.453575	-2064.563315	452.885425	10.126680	
234	11.350671	5.521559	3.233226	1986.520324	103.196960	-1986.520324	-375.875194	1999.722862	-313.312339	-1999.722862	390.703520	9.699059	
235	11.158500	6.849950	3.241583	1950.251562	176.354390	-1950.251562	-443.498424	1899.627569	-253.547181	-1899.627569	341.554777	9.274119	
236	10.832263	7.113911	3.251027	1889.994780	210.179397	-1889.994780	-459.625315	1780.736968	-212.905691	-1780.736968	304.421133	8.873768	
237	10.404971	6.599958	3.262131	1808.516525	234.477273	-1808.516525	-450.626500	1656.393871	-185.419971	-1656.393871	275.934305	8.511152	
238	9.949251	5.633500	3.275081	1710.297189	259.009950	-1710.297189	-435.038696	1535.066516	-166.141428	-1535.066516	252.761402	8.190995	
239	9.565120	4.514631	3.289635	1600.843435	264.794290	-1600.843435	-422.046443	1420.883633	-152.030652	-1420.883633	232.777081	7.912085	
240	9.357456	3.487748	3.305217	1485.495894	264.216294	-1485.495894	-413.846670	1314.948518	-141.627200	-1314.948518	215.081370	7.670229	
241	9.420004	2.735619	3.321048	1368.755984	257.325122	-1368.755984	-408.541408	1216.550038	-134.444135	-1216.550038	199.595902	7.460545	
242	9.816044	2.365263	3.336222	1254.040882	243.573852	-1254.040882	-402.200774	1124.278524	-130.497131	-1124.278524	186.672774	7.278789	
243	10.564886	2.403807	3.349787	1143.981542	222.407653	-1143.981542	-390.540586	1036.920183	-129.987924	-1036.920183	176.803079	7.121842	
244	11.640579	2.815653	3.360916	1040.997913	193.871253	-1040.997913	-370.038086	953.854618	-133.099667	-953.854618	170.417750	6.987648	
245	12.971315	3.517230	3.369065	947.306055	158.942259	-947.306055	-338.582013	875.095829	-139.820932	-875.095829	167.729263	6.874952	
246	14.444463	4.389667	3.373979	864.493643	119.704355	-864.493643	-296.065762	801.206389	-149.784853	-801.206389	168.622658	6.782987	
247	15.912216	5.300316	3.375594	793.131090	79.379211	-793.131090	-244.798881	733.096842	-162.061729	-733.096842	172.487169	6.711080	
248	17.199784	6.121510	3.374017	732.468819	41.850320	-732.468819	-189.323459	671.720661	-175.039870	-671.720661	178.082198	6.658183	
249	18.139833	6.745153	3.369549	680.604659	10.593060	-680.604659	-135.233871	617.685738	-186.691345	-617.685738	183.712587	6.622484	
250	18.612277	7.100163	3.362652	635.076049	-12.134031	-635.076049	-87.829491	571.082065	-195.039365	-571.082065	187.554162	6.601260	
251	18.555790	7.153370	3.353828	593.304414	-25.368866	-593.304414	-51.431138	531.661506	-198.463027	-531.661506	187.873633	6.590843	
252	17.960186	6.892312	3.343527	552.971441	-29.238102	-552.971441	-28.995639	498.977351	-195.807183	-498.977351	183.195045	6.586614	
253	16.861304	6.314657	3.332089	512.459711	-24.755858	-512.459711	-21.802369	472.377993	-186.477443	-472.377993	172.562496	6.583144	
254	15.338175	5.429856	3.319698	471.089585	-13.567505	-471.089585	-29.452383	451.093601	-170.544737	-451.093601	155.813434	6.574656	
255	13.505062	4.269502	3.306363	429.021004	2.283287	-429.021004	-49.992991	434.266938	-148.778156	-434.266938	133.677965	6.555659	
256	11.500675	2.899659	3.291936	386.840560	20.446747	-386.840560	-79.836229	420.683844	-122.641842	-420.683844	107.707956	6.521563	
257	9.465883	1.413063	3.276153	345.056294	38.610389	-345.056294	-114.349029	408.807785	-94.083386	-408.807785	79.935354	6.469168	
258	7.519617	-0.096212	3.258682	303.949299	55.023872	-303.949299	-149.152435	397.318916	-65.130221	-397.318916	52.387029	6.396916	
259	5.753844	-1.541978	3.239139	263.721686	68.623071	-263.721686	-180.752743	385.323178	-37.632798	-385.323178	26.820400	6.304929	
260	4.233721	-2.851507	3.217122	224.682767	78.885608	-224.682767	-206.574068	372.192549	-13.067486	-372.192549	4.556709	6.194896	
261	2.995000	-3.978106	3.192272	187.392439	85.721122	-187.392439	-225.050107	357.481861	7.666344	-357.481861	-13.669433	6.069742	
262	2.047445	-4.895261	3.164246	152.836590	89.396014	-152.836590	-235.697952	340.965238	24.234990	-340.965238	-27.653167	5.933168	
263	1.377556	-5.590539	3.132711	122.595790	90.469288	-122.595790	-239.096871	322.726521	36.773121	-322.726521	-37.608953	5.789209	
264	0.950509	-6.066895	3.097514	98.485095	89.637826	-98.485095	-236.555672	303.146818	45.774900	-303.146818	-44.067347	5.641827	
265	0.718891	-6.335067	3.058746	81.948965	87.538905	-81.948965	-229.564179	282.751791	51.877340	-282.751791	-47.683267	5.494633	
266	0.630826	-6.418631	3.016581	73.788492	84.718719	-73.788492	-219.658171	262.125920	55.731402	-262.125920	-49.141011	5.350729	
267	0.633360	-6.363924	2.971211	73.904635	81.667685	-73.904635	-208.464868	241.888338	57.973142	-241.888338	-49.138456	5.212540	
268	0.672870	-6.222923	2.922918	81.186944	78.827312	-81.186944	-197.583040	222.681657	59.159745	-222.681657	-48.325625	5.081666	
269	0.697197	-6.041419	2.872062	93.633385	76.542102	-93.633385	-188.400086	205.034402	59.728516	-205.034402	-47.264781	4.958860	
270	0.664035	-5.874867	2.818972	108.320834	74.947402	-108.320834	-181.896086	189.157202	59.998881	-189.157202	-46.411904	4.844025	
271	0.552778	-5.770499	2.763890	121.978638	73.910529	-121.978638	-178.359784	174.973381	60.097464	-174.973381	-46.004384	4.736315	
272	0.363680	-5.727756	2.707061	132.189915	73.148489	-132.189915	-177.463135	162.353399	59.940465	-162.353399	-46.015962	4.634590	
273	0.096806	-5.728724	2.648838	137.064627	72.417744	-137.064627	-178.959613	151.194542	59.477579	-151.194542	-46.392033	4.537798	
274	-0.250283	-5.785047	2.589645	134.007709	71.519173	-134.007709	-182.823713	141.248886	58.803553	-141.248886	-47.146215	4.444851	
275	-0.661023	-5.897728	2.529913	121.172720	70.219071	-121.172720	-188.520163	132.098563	57.936282	-132.098563	-48.134479	4.354552	
276	-1.104370	-6.022446	2.470155	99.668947	68.315149	-99.668947	-194.895350	123.336604	56.811551	-123.336604	-49.085575	4.265914	
277	-1.555087	-6.129237	2.411052	72.631336	65.738477	-72.631336	-200.715471	114.552391	55.510261	-114.552391	-49.874349	4.178323	
278	-1.988446	-6.225957	2.353506	43.577687	62.487120	-43.577687	-204.513934	105.315970	54.098797	-105.315970	-50.417775	4.091413	
279	-2.366192	-6.293670	2.298650	16.072782	58.480399	-16.072782	-204.284220	95.339832	52.313209	-95.339832	-50.385790	4.005027	
280	-2.639830	-6.263765	2.247769	-6.751529	53.588933	6.751529	-197.965546	84.497017	49.661844	-84.497017	-49.261365	3.919312	
281	-2.760269	-6.072355	2.202297	-22.787793	47.769775	22.787793	-183.976175	72.661053	45.717090	-72.661053	-46.584193	3.834871	
282	-2.686145	-5.701812	2.163878	-30.917571	41.098541	30.917571	-161.305087	59.642990	40.235025	-59.642990	-42.075323	3.752736	
283	-2.382874	-5.127094	2.134294	-31.209338	33.602112	31.209338	-129.607939	45.271562	33.068950	-45.271562	-35.543325	3.674363	
284	-1.822300	-4.274913	2.115305	-25.442908	25.157813	25.442908	-89.559264	29.399813	24.178485	-29.399813	-26.839338	3.601952	
285	-0.996489	-3.090124	2.108534	-16.667131	15.621059	16.667131	-42.883350	11.837774	13.762754	-11.837774	-16.008152	3.538584	
286	0.071912	-1.583203	2.115361	-8.170322	4.899913	8.170322	8.121449	-7.587919	2.210804	7.587919	-3.344156	3.487974	
287	1.303305	0.119042	2.136693	-2.548217	-6.828886	2.548217	60.728773	-28.858639	-9.850008	28.858639	10.402953	3.453613	
288	2.545580	1.751558	2.172635	-1.483499	-18.825123	1.483499	111.258600	-51.409986	-21.420975	51.409986	23.827058	3.437310	
289	3.638145	3.059257	2.221805	-5.832142	-30.032388	5.832142	155.383085	-73.862412	-31.422838	73.862412	35.378080	3.438068	
290	4.358614	3.767659	2.281404	-14.811821	-38.300539	14.811821	184.665462	-91.904620	-37.928109	91.904620	42.632926	3.452664	
291	4.663048	3.881854	2.344299	-24.659833	-42.573495	24.659833	196.728311	-102.627062	-40.403973	102.627062	44.982675	3.472056	
