kww	// User ID
28-6-2021	// Evaluation date
p31_warmup_004	28-6-2021	17:18:01:611	// Source file name and timestamp
357.143	// Sampling rate
1.056	// Data capture period

1.960000	// height
90.100000	// mass


Sample #	elbVar	shldrIR	LwristLinVelo	thorJFPd	thorSTPd	UaJFPp	UaSTPp	UaJFPd	UaSTPd	FaJFPp	FaSTPp	RwristLinVelo	
0	0.281419	-0.391203	1.746296	39.013605	0.770915	-39.013605	6.109675	11.584133	-0.956828	-11.584133	-4.122622	1.768562	
1	0.396088	-0.487821	1.732778	37.620845	0.861213	-37.620845	6.403142	11.085266	-0.939234	-11.085266	-5.511073	1.777219	
2	0.512332	-0.559035	1.717952	36.740179	0.948316	-36.740179	6.578854	10.673228	-0.855903	-10.673228	-6.866083	1.783005	
3	0.599105	-0.746767	1.702841	34.021024	1.097709	-34.021024	6.619518	10.306370	-1.004415	-10.306370	-8.286782	1.785805	
4	0.678781	-0.925655	1.689305	31.240302	1.254839	-31.240302	6.473171	10.083837	-1.196031	-10.083837	-9.690918	1.785530	
5	0.754217	-1.094135	1.678329	28.660937	1.422429	-28.660937	6.222452	10.033620	-1.437307	-10.033620	-11.077236	1.782068	
6	0.829901	-1.260195	1.670511	26.390662	1.603206	-26.390662	5.966015	10.140180	-1.723477	-10.140180	-12.442833	1.775245	
7	0.908049	-1.406873	1.666088	24.517900	1.779175	-24.517900	5.740498	10.334917	-2.028069	-10.334917	-13.732992	1.764968	
8	0.983962	-1.459860	1.665125	23.540087	1.894240	-23.540087	5.483879	10.552311	-2.272995	-10.552311	-14.774991	1.751621	
9	1.046155	-1.404933	1.667564	23.579996	1.929917	-23.579996	5.163612	10.777644	-2.432048	-10.777644	-15.454003	1.736128	
10	1.097978	-1.319957	1.673128	24.106984	1.933487	-24.106984	4.854457	11.028117	-2.553244	-11.028117	-15.921545	1.719215	
11	1.144592	-1.257719	1.681331	24.765419	1.939752	-24.765419	4.638082	11.326152	-2.680821	-11.326152	-16.301075	1.700950	
12	1.168776	-1.225531	1.691612	25.466774	1.947264	-25.466774	4.561160	11.676862	-2.844298	-11.676862	-16.449930	1.681417	
13	1.153191	-1.240077	1.703443	25.966067	1.963573	-25.966067	4.670745	12.083951	-3.084575	-12.083951	-16.257913	1.661278	
14	1.106759	-1.304260	1.716356	26.138436	2.001046	-26.138436	4.956289	12.551262	-3.412804	-12.551262	-15.842551	1.641314	
15	1.059094	-1.374941	1.729951	26.212969	2.042555	-26.212969	5.284851	13.017573	-3.760001	-13.017573	-15.409804	1.621869	
16	1.035412	-1.408469	1.743857	26.440573	2.064678	-26.440573	5.507083	13.389693	-4.047224	-13.389693	-15.110565	1.602788	
17	1.034865	-1.412108	1.757727	26.766642	2.075626	-26.766642	5.619867	13.655441	-4.294455	-13.655441	-14.966271	1.583570	
18	1.037295	-1.418569	1.771333	26.997379	2.097422	-26.997379	5.727642	13.885785	-4.580035	-13.885785	-14.872092	1.563647	
19	1.034604	-1.425576	1.784578	27.155849	2.128471	-27.155849	5.832105	14.116167	-4.900160	-14.116167	-14.743549	1.542800	
20	1.049291	-1.401121	1.797356	27.390813	2.151588	-27.390813	5.808249	14.290643	-5.171399	-14.290643	-14.706372	1.521105	
21	1.105569	-1.334912	1.809489	27.676892	2.164176	-27.676892	5.602179	14.356904	-5.363733	-14.356904	-14.957515	1.498255	
22	1.194697	-1.253196	1.820893	27.799352	2.179622	-27.799352	5.319625	14.322192	-5.528675	-14.322192	-15.467878	1.473584	
23	1.291786	-1.199059	1.831729	27.597455	2.223168	-27.597455	5.165264	14.228594	-5.748520	-14.228594	-16.083922	1.446660	
24	1.379601	-1.196120	1.842246	27.085836	2.311094	-27.085836	5.282304	14.126485	-6.073707	-14.126485	-16.678400	1.417273	
25	1.445267	-1.222110	1.852599	26.415522	2.422331	-26.415522	5.585223	14.037887	-6.456743	-14.037887	-17.081603	1.385390	
26	1.479355	-1.234168	1.862919	25.838115	2.526608	-25.838115	5.849775	13.975728	-6.808849	-13.975728	-17.152108	1.351421	
27	1.480076	-1.215648	1.873360	25.454656	2.609271	-25.454656	5.953981	13.931149	-7.080744	-13.931149	-16.874406	1.316224	
28	1.451265	-1.192332	1.884017	25.050137	2.662506	-25.050137	5.992278	13.836271	-7.273424	-13.836271	-16.317564	1.280989	
29	1.399652	-1.205975	1.894897	24.409868	2.698437	-24.409868	6.187449	13.661254	-7.457461	-13.661254	-15.599510	1.246813	
30	1.339711	-1.271729	1.905978	23.578980	2.743121	-23.578980	6.682597	13.435446	-7.713253	-13.435446	-14.867655	1.213987	
31	1.293853	-1.364668	1.917273	22.725535	2.800633	-22.725535	7.421683	13.145602	-8.027538	-13.145602	-14.245223	1.181938	
32	1.273551	-1.442105	1.928867	22.029571	2.857210	-22.029571	8.200832	12.785815	-8.336909	-12.785815	-13.756555	1.149843	
33	1.271126	-1.471835	1.940836	21.626348	2.899448	-21.626348	8.798014	12.399615	-8.601101	-12.399615	-13.324509	1.117020	
34	1.281529	-1.437842	1.953108	21.445905	2.898234	-21.445905	9.037469	11.945657	-8.748939	-11.945657	-12.891449	1.083107	
35	1.307317	-1.347512	1.965507	21.259446	2.826393	-21.259446	8.881263	11.319134	-8.707075	-11.319134	-12.469102	1.048242	
36	1.341087	-1.241879	1.977960	20.901915	2.705558	-20.901915	8.545404	10.529228	-8.533695	-10.529228	-12.054817	1.012877	
37	1.368066	-1.155977	1.990537	20.393704	2.581835	-20.393704	8.269388	9.688548	-8.356043	-9.688548	-11.600092	0.977379	
38	1.376641	-1.086847	2.003306	19.869131	2.474905	-19.869131	8.052576	8.894801	-8.224840	-8.894801	-11.042892	0.942040	
39	1.364190	-1.029516	2.016274	19.343628	2.381509	-19.343628	7.851482	8.177023	-8.126097	-8.177023	-10.362715	0.907255	
40	1.338716	-0.999078	2.029465	18.688410	2.295346	-18.688410	7.757151	7.504041	-8.038289	-7.504041	-9.598170	0.873401	
41	1.306632	-1.006186	2.042908	17.863533	2.214519	-17.863533	7.858667	6.847122	-7.959233	-6.847122	-8.778797	0.840708	
42	1.269884	-1.041836	2.056570	16.985610	2.141421	-16.985610	8.142419	6.201376	-7.900982	-6.201376	-7.916322	0.809347	
43	1.235580	-1.083485	2.070325	16.180831	2.073984	-16.180831	8.506832	5.556988	-7.847452	-5.556988	-7.053352	0.779512	
44	1.213472	-1.111063	2.084059	15.475696	2.005342	-15.475696	8.835496	4.899575	-7.758573	-4.899575	-6.245429	0.751360	
45	1.206862	-1.116046	2.097793	14.841389	1.930291	-14.841389	9.059669	4.215643	-7.604429	-4.215643	-5.514653	0.724953	
46	1.207174	-1.093854	2.111650	14.289215	1.849510	-14.289215	9.128577	3.512074	-7.379228	-3.512074	-4.829284	0.700345	
47	1.202011	-1.045311	2.125715	13.820703	1.771147	-13.820703	9.039765	2.825222	-7.113586	-2.825222	-4.144909	0.677729	
48	1.190770	-0.980611	2.139997	13.317608	1.699852	-13.317608	8.863713	2.172164	-6.843674	-2.172164	-3.467522	0.657386	
49	1.181230	-0.905791	2.154466	12.608821	1.630560	-12.608821	8.634359	1.536284	-6.567671	-1.536284	-2.836867	0.639535	
50	1.176698	-0.817833	2.169100	11.604277	1.558872	-11.604277	8.321705	0.908873	-6.269177	-0.908873	-2.273335	0.624237	
51	1.174022	-0.716047	2.183927	10.317985	1.487856	-10.317985	7.921262	0.306278	-5.954610	-0.306278	-1.765305	0.611375	
52	1.171112	-0.608581	2.198958	8.884942	1.426325	-8.884942	7.514415	-0.236734	-5.661030	0.236734	-1.291779	0.600705	
53	1.173633	-0.505451	2.214141	7.525323	1.381072	-7.525323	7.225666	-0.683398	-5.441039	0.683398	-0.839937	0.591862	
54	1.189694	-0.407534	2.229414	6.351265	1.349518	-6.351265	7.099291	-1.028791	-5.315865	1.028791	-0.402278	0.584429	
55	1.219401	-0.308939	2.244785	5.328639	1.325873	-5.328639	7.090629	-1.292010	-5.264324	1.292010	0.035035	0.578067	
56	1.249767	-0.202463	2.260335	4.455175	1.314105	-4.455175	7.156457	-1.462331	-5.282969	1.462331	0.516030	0.572605	
57	1.263323	-0.080900	2.276171	3.735944	1.325546	-3.735944	7.280920	-1.519526	-5.398183	1.519526	1.094962	0.568128	
58	1.256524	0.052647	2.292406	3.075141	1.361293	-3.075141	7.488239	-1.505868	-5.602498	1.505868	1.769589	0.564986	
59	1.237141	0.182587	2.309094	2.434621	1.411570	-2.434621	7.857705	-1.493714	-5.864059	1.493714	2.501280	0.563592	
60	1.208450	0.295868	2.326217	1.914098	1.470433	-1.914098	8.467402	-1.521612	-6.180712	1.521612	3.278595	0.564239	
61	1.172244	0.390288	2.343713	1.550967	1.536153	-1.550967	9.307242	-1.622100	-6.539989	1.622100	4.086071	0.567094	
62	1.133023	0.469620	2.361504	1.235855	1.605852	-1.235855	10.282083	-1.833473	-6.891870	1.833473	4.878120	0.572238	
63	1.093536	0.535063	2.379583	0.854599	1.675196	-0.854599	11.325415	-2.158407	-7.212408	2.158407	5.629972	0.579663	
64	1.056371	0.579615	2.398038	0.448949	1.738672	-0.448949	12.498133	-2.548066	-7.542354	2.548066	6.373497	0.589283	
65	1.021601	0.594592	2.416880	0.212039	1.794842	-0.212039	13.917484	-2.938170	-7.935498	2.938170	7.163027	0.601018	
66	0.982744	0.579469	2.436022	0.274186	1.848051	-0.274186	15.581869	-3.308099	-8.382716	3.308099	8.004901	0.614863	
67	0.934239	0.535979	2.455408	0.606530	1.901215	-0.606530	17.391814	-3.668666	-8.836996	3.668666	8.867786	0.630829	
68	0.877746	0.464016	2.474993	1.147257	1.954247	-1.147257	19.271451	-4.024857	-9.270892	4.024857	9.735030	0.648880	
69	0.820196	0.370337	2.494725	1.816373	2.006759	-1.816373	21.125648	-4.404116	-9.649596	4.404116	10.578295	0.668929	
70	0.769764	0.265928	2.514599	2.497732	2.058120	-2.497732	22.848001	-4.844404	-9.937135	4.844404	11.359384	0.690837	
71	0.732388	0.157585	2.534640	3.124911	2.108900	-3.124911	24.426405	-5.337836	-10.145335	5.337836	12.084548	0.714460	
72	0.711711	0.050112	2.554889	3.645060	2.156529	-3.645060	25.899892	-5.846353	-10.310693	5.846353	12.787470	0.739674	
73	0.707297	-0.053068	2.575416	3.969418	2.190756	-3.969418	27.269232	-6.352229	-10.452114	6.352229	13.480043	0.766353	
74	0.711168	-0.151131	2.596273	4.085411	2.205042	-4.085411	28.532385	-6.865080	-10.575124	6.865080	14.148771	0.794367	
75	0.712759	-0.235903	2.617471	4.006225	2.211716	-4.006225	29.724648	-7.412042	-10.686521	7.412042	14.773704	0.823609	
76	0.705689	-0.290299	2.639029	3.619950	2.236209	-3.619950	30.881020	-8.035692	-10.791204	8.035692	15.329115	0.853908	
77	0.689464	-0.311733	2.660992	2.904570	2.289479	-2.904570	32.014987	-8.758535	-10.891074	8.758535	15.787564	0.884896	
78	0.668958	-0.318916	2.683426	2.074789	2.357020	-2.074789	33.127224	-9.553719	-10.992094	9.553719	16.147423	0.916130	
79	0.648811	-0.330704	2.706384	1.302551	2.417572	-1.302551	34.185749	-10.374843	-11.097804	10.374843	16.426237	0.947300	
80	0.629608	-0.354572	2.729813	0.619761	2.458709	-0.619761	35.123069	-11.196314	-11.198408	11.196314	16.627255	0.978224	
81	0.611011	-0.385425	2.753565	0.061185	2.484561	-0.061185	35.905990	-12.038281	-11.278009	12.038281	16.744384	1.008728	
82	0.593114	-0.414765	2.777586	-0.358857	2.509701	0.358857	36.592751	-12.937130	-11.337746	12.937130	16.794718	1.038578	
83	0.580718	-0.444119	2.801962	-0.666473	2.535713	0.666473	37.327043	-13.877020	-11.421567	13.877020	16.859863	1.067595	
84	0.586106	-0.479691	2.826775	-0.855491	2.545569	0.855491	38.268285	-14.812320	-11.601125	14.812320	17.077775	1.096053	
85	0.613647	-0.522240	2.852048	-0.933286	2.527341	0.933286	39.444413	-15.753632	-11.899223	15.753632	17.518160	1.124750	
86	0.652742	-0.570536	2.877811	-0.983181	2.486206	0.983181	40.751235	-16.752244	-12.270108	16.752244	18.129365	1.154386	
87	0.695952	-0.631146	2.904172	-1.082829	2.419024	1.082829	42.132628	-17.817441	-12.679094	17.817441	18.864281	1.185226	
88	0.742347	-0.712295	2.931310	-1.305970	2.309845	1.305970	43.550195	-18.916552	-13.107143	18.916552	19.697767	1.217467	
89	0.784513	-0.807166	2.959389	-1.821003	2.165866	1.821003	44.843700	-20.027547	-13.492830	20.027547	20.527489	1.251333	
90	0.815317	-0.900927	2.988479	-2.748383	2.017168	2.748383	45.894725	-21.169527	-13.792276	21.169527	21.267737	1.286873	
91	0.836259	-0.985838	3.018542	-3.999692	1.892052	3.999692	46.826706	-22.396703	-14.049440	22.396703	21.973967	1.324025	
92	0.847811	-1.058340	3.049459	-5.420106	1.814430	5.420106	47.830170	-23.735634	-14.313571	23.735634	22.716834	1.362723	
93	0.851611	-1.119907	3.081114	-6.923389	1.780393	6.923389	48.922480	-25.148252	-14.570036	25.148252	23.479320	1.402864	
94	0.864036	-1.182311	3.113474	-8.447229	1.734478	8.447229	50.018185	-26.589855	-14.807712	26.589855	24.272390	1.444369	
95	0.905677	-1.260975	3.146489	-9.883648	1.606609	9.883648	51.075281	-28.048291	-15.055306	28.048291	25.175417	1.487362	
96	0.980040	-1.368018	3.179980	-11.030178	1.360225	11.030178	52.135714	-29.518710	-15.341288	29.518710	26.242020	1.532156	
97	1.077800	-1.499348	3.213755	-11.802715	1.008629	11.802715	53.294827	-31.009740	-15.676914	31.009740	27.473834	1.579047	
98	1.187339	-1.622148	3.247708	-12.579919	0.623364	12.579919	54.578178	-32.563433	-16.046828	32.563433	28.816259	1.628224	
99	1.293599	-1.697027	3.281708	-13.936661	0.303186	13.936661	55.884822	-34.209426	-16.406462	34.209426	30.147631	1.679657	
100	1.386708	-1.709691	3.315565	-16.056280	0.105262	16.056280	57.145116	-35.935781	-16.730020	35.935781	31.375421	1.732914	
101	1.468736	-1.677545	3.349108	-18.658568	0.015362	18.658568	58.420428	-37.733629	-17.036955	37.733629	32.515220	1.787338	
102	1.544526	-1.632719	3.382206	-21.367323	-0.023858	21.367323	59.719508	-39.595179	-17.338698	39.595179	33.600094	1.842496	
103	1.614306	-1.594059	3.414783	-24.024453	-0.053168	24.024453	60.951744	-41.488137	-17.621945	41.488137	34.615387	1.898188	
104	1.674804	-1.561630	3.446991	-26.631100	-0.071475	26.631100	62.114544	-43.385773	-17.891589	43.385773	35.552931	1.954150	
105	1.723715	-1.531603	3.479230	-29.178388	-0.066806	29.178388	63.244035	-45.267468	-18.160703	45.267468	36.417691	2.010049	
106	1.760582	-1.507709	3.511900	-31.588894	-0.046550	31.588894	64.294718	-47.092979	-18.428514	47.092979	37.206837	2.065577	
107	1.786941	-1.503439	3.545206	-33.680152	-0.047798	33.680152	65.256519	-48.835413	-18.708441	48.835413	37.959209	2.120498	
108	1.805041	-1.528494	3.579101	-35.349428	-0.107064	35.349428	66.197220	-50.516405	-19.035134	50.516405	38.762514	2.174856	
109	1.814525	-1.578006	3.613377	-36.699346	-0.218835	36.699346	67.128607	-52.161772	-19.416008	52.161772	39.655752	2.228993	
110	1.818688	-1.641530	3.647869	-37.814353	-0.357986	37.814353	67.992999	-53.774961	-19.807452	53.774961	40.599285	2.283200	
111	1.825845	-1.714746	3.682495	-38.646723	-0.515349	38.646723	68.760848	-55.364962	-20.168923	55.364962	41.565770	2.337552	
112	1.839305	-1.800964	3.717126	-39.123924	-0.693740	39.123924	69.490946	-56.949537	-20.511248	56.949537	42.594819	2.392105	
113	1.860427	-1.904638	3.751554	-39.248241	-0.910919	39.248241	70.217111	-58.537829	-20.859636	58.537829	43.747573	2.447001	
114	1.897242	-2.025938	3.785591	-39.096660	-1.209976	39.096660	70.795807	-60.104075	-21.213040	60.104075	45.067842	2.502493	
115	1.957857	-2.164318	3.819103	-38.698872	-1.634361	38.698872	71.101739	-61.610366	-21.557485	61.610366	46.577789	2.558952	
116	2.041411	-2.319348	3.851946	-38.053284	-2.184215	38.053284	71.233760	-63.067128	-21.888011	63.067128	48.266902	2.616781	
117	2.137759	-2.482367	3.884055	-37.324760	-2.793135	37.324760	71.396270	-64.533245	-22.230657	64.533245	50.123086	2.676340	
118	2.232994	-2.638528	3.915578	-36.829982	-3.366175	36.829982	71.695275	-66.054108	-22.615613	66.054108	52.126545	2.737874	
119	2.318523	-2.781817	3.946703	-36.763848	-3.864854	36.763848	72.010784	-67.596750	-23.023299	67.596750	54.196137	2.801430	
120	2.394239	-2.916713	3.977471	-37.124582	-4.323031	37.124582	72.095158	-69.068682	-23.416588	69.068682	56.247528	2.866892	
121	2.462839	-3.047315	4.007860	-37.883830	-4.785786	37.883830	71.840974	-70.412724	-23.797234	70.412724	58.270720	2.934127	
122	2.524082	-3.175045	4.037775	-39.021355	-5.271784	39.021355	71.379357	-71.640936	-24.193697	71.640936	60.288925	3.002969	
123	2.575047	-3.301478	4.066832	-40.429403	-5.785005	40.429403	70.925458	-72.780191	-24.634317	72.780191	62.309593	3.073138	
124	2.613388	-3.429975	4.094407	-41.845349	-6.337764	41.845349	70.644471	-73.836699	-25.143876	73.836699	64.334224	3.144297	
125	2.635566	-3.564328	4.120006	-42.995370	-6.944733	42.995370	70.599145	-74.781246	-25.736300	74.781246	66.342719	3.216186	
126	2.634489	-3.702886	4.143442	-43.819567	-7.602079	43.819567	70.679589	-75.528008	-26.395899	75.528008	68.245808	3.288598	
127	2.604932	-3.841178	4.164775	-44.401592	-8.302992	44.401592	70.692699	-75.991997	-27.092617	75.991997	69.939091	3.361236	
128	2.547772	-3.981306	4.184267	-44.839566	-9.067079	44.839566	70.579541	-76.184478	-27.839438	76.184478	71.445623	3.433772	
129	2.462329	-4.129458	4.202265	-45.166590	-9.905316	45.166590	70.440973	-76.170896	-28.680992	76.170896	72.861426	3.505964	
130	2.340999	-4.287011	4.219042	-45.262717	-10.778759	45.262717	70.372028	-75.950937	-29.613656	75.950937	74.158299	3.577598	
131	2.181010	-4.448611	4.234800	-45.003978	-11.654623	45.003978	70.337584	-75.451713	-30.574283	75.451713	75.206726	3.648355	
132	1.991971	-4.607316	4.249762	-44.351158	-12.564795	44.351158	70.246032	-74.605068	-31.495217	74.605068	75.924196	3.717874	
133	1.783618	-4.758761	4.264106	-43.214157	-13.554705	43.214157	70.078202	-73.370802	-32.329476	73.370802	76.268276	3.785847	
134	1.559460	-4.902375	4.277816	-41.511816	-14.640827	41.511816	69.901777	-71.751672	-33.060098	71.751672	76.226558	3.852009	
135	1.329298	-5.043162	4.290668	-39.304995	-15.868647	39.304995	69.894105	-69.872057	-33.739054	69.872057	75.957607	3.916195	
136	1.111058	-5.186425	4.302364	-36.727580	-17.323921	36.727580	70.267679	-67.926524	-34.455098	67.926524	75.726519	3.978470	
137	0.913968	-5.333624	4.312698	-33.894112	-19.065605	33.894112	71.123968	-66.019955	-35.246970	66.019955	75.645638	4.039115	
138	0.736763	-5.484124	4.321594	-30.896865	-21.112806	30.896865	72.498989	-64.169360	-36.111444	64.169360	75.684943	4.098511	
139	0.578423	-5.633439	4.329048	-27.795862	-23.466611	27.795862	74.445039	-62.382327	-37.043537	62.382327	75.804389	4.157050	
140	0.435767	-5.776064	4.335133	-24.617815	-26.117335	24.617815	77.003944	-60.644587	-38.032157	60.644587	75.943223	4.215021	
141	0.302469	-5.906015	4.339993	-21.443268	-29.048819	21.443268	80.124192	-58.897973	-39.046368	58.897973	75.995858	4.272551	
142	0.175568	-6.014320	4.343732	-18.436284	-32.238906	18.436284	83.661208	-57.083912	-40.041104	57.083912	75.854176	4.329596	
143	0.052843	-6.093752	4.346342	-15.785027	-35.661991	15.785027	87.479989	-55.173776	-40.975282	55.173776	75.433775	4.385943	
144	-0.069878	-6.141108	4.347789	-13.669367	-39.299994	13.669367	91.499173	-53.168501	-41.810238	53.168501	74.659531	4.441241	
145	-0.194676	-6.154439	4.348102	-12.235690	-43.146254	12.235690	95.655118	-51.091881	-42.501127	51.091881	73.465593	4.495032	
146	-0.320497	-6.128309	4.347387	-11.604391	-47.174215	11.604391	99.817784	-48.969627	-42.990344	48.969627	71.791562	4.546722	
147	-0.445513	-6.057544	4.345729	-11.903315	-51.348030	11.903315	103.844939	-46.863559	-43.227894	46.863559	69.612531	4.595628	
148	-0.570787	-5.948262	4.343070	-13.271208	-55.681175	13.271208	107.729927	-44.885789	-43.210689	44.885789	66.978133	4.641131	
149	-0.700152	-5.810471	4.339204	-15.808566	-60.186140	15.808566	111.498254	-43.119584	-42.947267	43.119584	63.938000	4.682687	
150	-0.831939	-5.642170	4.333911	-19.481380	-64.804356	19.481380	115.079329	-41.635318	-42.393752	41.635318	60.486134	4.719739	
151	-0.954711	-5.437243	4.327052	-24.129301	-69.497383	24.129301	118.485582	-40.612032	-41.503691	40.612032	56.676207	4.751766	
152	-1.054857	-5.195510	4.318556	-29.544204	-74.302908	29.544204	121.865653	-40.276065	-40.263395	40.276065	52.632397	4.778438	
153	-1.120156	-4.913226	4.308358	-35.443403	-79.227966	35.443403	125.264821	-40.760698	-38.619637	40.760698	48.411791	4.799596	
154	-1.137030	-4.583168	4.296344	-41.480733	-84.216651	41.480733	128.630285	-42.153463	-36.512988	42.153463	44.056302	4.815173	
155	-1.095335	-4.203825	4.282289	-47.352868	-89.222844	47.352868	131.976109	-44.535365	-33.944696	44.535365	39.647332	4.825202	
156	-0.991852	-3.779439	4.265930	-52.888831	-94.263375	52.888831	135.414002	-47.947993	-30.942635	47.947993	35.232667	4.829843	
157	-0.826850	-3.318191	4.247185	-58.114570	-99.443043	58.114570	139.172986	-52.415817	-27.552373	52.415817	30.829276	4.829347	
158	-0.603685	-2.829870	4.226163	-63.170897	-104.892374	63.170897	143.541178	-57.936682	-23.828977	57.936682	26.421530	4.824016	
159	-0.327615	-2.324654	4.202845	-68.178419	-110.715918	68.178419	148.820324	-64.468994	-19.839809	64.468994	21.983802	4.814194	
160	-0.003182	-1.813086	4.176997	-73.305121	-117.018965	73.305121	155.318253	-71.950208	-15.691588	71.950208	17.535032	4.800337	
161	0.360470	-1.304745	4.148542	-78.836667	-123.842283	78.836667	163.183488	-80.226293	-11.487595	80.226293	13.090878	4.782990	
162	0.746847	-0.810364	4.117767	-85.112503	-131.140512	85.112503	172.413351	-89.078696	-7.328912	89.078696	8.681670	4.762625	
163	1.141012	-0.343106	4.085068	-92.511365	-138.916301	92.511365	183.078248	-98.407291	-3.373395	98.407291	4.438951	4.739655	
164	1.533560	0.086293	4.050705	-101.379083	-147.185878	101.379083	195.193613	-108.189491	0.230039	108.189491	0.516017	4.714528	
165	1.914032	0.471371	4.014789	-111.814197	-155.803147	111.814197	208.455072	-118.283644	3.419104	118.283644	-3.008110	4.687662	
166	2.270026	0.808369	3.977330	-123.574297	-164.461667	123.574297	222.296938	-128.425207	6.177698	128.425207	-6.088719	4.659364	
167	2.596026	1.101255	3.938267	-136.182696	-172.793673	136.182696	236.005484	-138.370284	8.517551	138.370284	-8.704103	4.629831	
168	2.895388	1.361903	3.897477	-149.193714	-180.458441	149.193714	248.850805	-147.964992	10.482519	147.964992	-10.873369	4.599161	
169	3.171593	1.601918	3.854767	-162.505017	-187.253876	162.505017	260.297674	-157.110188	12.165961	157.110188	-12.678220	4.567351	
170	3.425836	1.829729	3.810058	-176.252041	-193.123305	176.252041	270.043811	-165.758187	13.728746	165.758187	-14.276097	4.534292	
171	3.662163	2.050979	3.763661	-190.362101	-198.038117	190.362101	277.915555	-173.911957	15.309512	173.911957	-15.804292	4.499878	
172	3.885653	2.271577	3.716098	-204.438303	-201.916284	204.438303	283.718872	-181.558681	16.993932	181.558681	-17.347466	4.464151	
173	4.095890	2.498577	3.667717	-218.012664	-204.661159	218.012664	287.243713	-188.632528	18.862817	188.632528	-18.992012	4.427220	
174	4.288747	2.734215	3.618579	-230.800255	-206.287474	230.800255	288.527468	-195.092730	20.959204	195.092730	-20.799056	4.389129	
175	4.465315	2.975777	3.568527	-242.714574	-206.964254	242.714574	287.924796	-201.028203	23.252775	201.028203	-22.762429	4.349943	
176	4.634024	3.219156	3.517271	-253.726061	-206.931287	253.726061	285.909074	-206.619048	25.650644	206.619048	-24.804983	4.309943	
177	4.801938	3.458580	3.464522	-263.844815	-206.411407	263.844815	282.926823	-211.997013	28.041539	211.997013	-26.816809	4.269651	
178	4.970005	3.689530	3.410106	-273.123640	-205.544405	273.123640	279.289150	-217.201558	30.354710	217.201558	-28.723157	4.229673	
179	5.139223	3.914416	3.354028	-281.578443	-204.393070	281.578443	275.138725	-222.309807	32.615933	222.309807	-30.549649	4.190619	
180	5.314301	4.142494	3.296550	-289.151067	-202.991182	289.151067	270.514792	-227.506885	34.943085	227.506885	-32.418212	4.153136	
181	5.498550	4.380661	3.238104	-295.732886	-201.338889	295.732886	265.431707	-232.895691	37.418038	232.895691	-34.417164	4.117902	
182	5.690572	4.626538	3.179066	-301.209853	-199.432873	301.209853	259.976424	-238.395643	40.016968	238.395643	-36.532174	4.085561	
183	5.887066	4.874065	3.119642	-305.459540	-197.315747	305.459540	254.307924	-243.918095	42.703237	243.918095	-38.742232	4.056643	
184	6.084550	5.116990	3.059873	-308.395042	-195.067686	308.395042	248.621546	-249.424999	45.460212	249.424999	-41.050660	4.031550	
185	6.278926	5.345274	2.999735	-310.072323	-192.801596	310.072323	243.177341	-254.850826	48.241903	254.850826	-43.423991	4.010617	
186	6.463035	5.545936	2.939327	-310.541956	-190.583025	310.541956	238.149603	-260.018725	50.969945	260.018725	-45.783679	3.994140	
187	6.626249	5.708240	2.878844	-309.654414	-188.349371	309.654414	233.465430	-264.602531	53.536946	264.602531	-48.015690	3.982271	
188	6.763942	5.831999	2.818380	-307.235513	-186.049073	307.235513	228.972020	-268.430321	55.885275	268.430321	-50.053967	3.974967	
189	6.883724	5.929245	2.757911	-303.258099	-183.762753	303.258099	224.636882	-271.729697	58.115563	271.729697	-51.994153	3.972152	
190	6.998454	6.015032	2.697410	-297.786965	-181.630935	297.786965	220.520993	-274.914400	60.441799	274.914400	-54.050213	3.973793	
191	7.118263	6.105075	2.636917	-290.943043	-179.753478	290.943043	216.615703	-278.344098	63.084020	278.344098	-56.444283	3.979848	
192	7.248147	6.217173	2.576624	-282.939954	-178.131307	282.939954	212.745799	-282.197811	66.209393	282.197811	-59.351071	3.990274	
193	7.389397	6.363179	2.516907	-274.117311	-176.711318	274.117311	208.724935	-286.425614	69.882620	286.425614	-62.842670	4.005055	
194	7.541349	6.540299	2.458236	-264.717443	-175.448340	264.717443	204.510333	-290.814403	74.000018	290.814403	-66.801823	4.024222	
195	7.702294	6.735343	2.401095	-254.554058	-174.255443	254.554058	200.083067	-295.097966	78.332014	295.097966	-70.961915	4.047860	
196	7.869997	6.938419	2.345853	-243.271756	-173.043007	243.271756	195.386438	-299.126152	82.717665	299.126152	-75.135201	4.076108	
197	8.041779	7.149157	2.292650	-230.954749	-171.868102	230.954749	190.498328	-302.962308	87.168386	302.962308	-79.344792	4.109055	
198	8.218788	7.373180	2.241416	-217.966348	-170.851455	217.966348	185.582104	-306.800487	91.797948	306.800487	-83.734246	4.146652	
199	8.406437	7.615509	2.191982	-204.348847	-169.950535	204.348847	180.635265	-310.750144	96.700813	310.750144	-88.413448	4.188768	
200	8.607726	7.878002	2.144194	-190.084934	-169.060918	190.084934	175.610218	-314.802596	101.904419	314.802596	-93.416119	4.235246	
201	8.824454	8.165734	2.097957	-175.610362	-168.285126	175.610362	170.694853	-319.141432	107.456701	319.141432	-98.806013	4.285912	
202	9.056924	8.485940	2.053171	-161.492916	-167.839544	161.492916	166.185782	-324.128659	113.421420	324.128659	-104.677341	4.340669	
203	9.299857	8.839219	2.009710	-148.012695	-167.799563	148.012695	162.229538	-329.953144	119.768285	329.953144	-111.025363	4.399563	
204	9.550195	9.223319	1.967476	-135.303931	-168.128527	135.303931	158.836726	-336.675281	126.435029	336.675281	-117.773779	4.462788	
205	9.807834	9.637683	1.926365	-123.600260	-168.804920	123.600260	155.983765	-344.320244	133.377366	344.320244	-124.834657	4.530665	
206	10.069256	10.080769	1.886252	-113.138890	-169.797855	113.138890	153.576166	-352.762990	140.514038	352.762990	-132.088974	4.603574	
207	10.336730	10.554508	1.847104	-103.787447	-171.007148	103.787447	151.356804	-361.895458	147.811128	361.895458	-139.466547	4.681877	
208	10.620805	11.065347	1.809011	-94.943659	-172.299937	94.943659	149.011328	-371.824164	155.319539	371.824164	-146.978854	4.765910	
209	10.925466	11.618354	1.772073	-86.000017	-173.651010	86.000017	146.459457	-382.856047	163.053418	382.856047	-154.622030	4.855968	
210	11.244559	12.217823	1.736357	-76.757260	-175.220597	76.757260	143.949006	-395.500433	170.950671	395.500433	-162.335986	4.952352	
211	11.569716	12.865277	1.701922	-67.195482	-177.155443	67.195482	141.753832	-410.187637	178.874754	410.187637	-169.974945	5.055525	
212	11.893946	13.554654	1.668820	-57.081638	-179.348596	57.081638	139.863096	-426.836836	186.596816	426.836836	-177.277908	5.166136	
213	12.213938	14.277613	1.637095	-46.060893	-181.569415	46.060893	138.156359	-445.062967	193.880071	445.062967	-183.970165	5.284853	
214	12.530906	15.030634	1.606748	-33.959891	-183.711029	33.959891	136.745963	-464.669949	200.569964	464.669949	-189.868935	5.412245	
215	12.846427	15.815397	1.577715	-21.015818	-185.809389	21.015818	136.007821	-485.649405	206.553888	485.649405	-194.844468	5.548808	
216	13.155363	16.631244	1.549916	-7.739391	-187.893781	7.739391	136.382597	-507.812846	211.615064	507.812846	-198.681506	5.695036	
217	13.444055	17.467353	1.523325	5.678699	-189.779861	-5.678699	138.083251	-530.504970	215.343329	530.504970	-200.993387	5.851417	
218	13.694716	18.309022	1.498023	19.365134	-191.149422	-19.365134	141.139104	-552.832922	217.210594	552.832922	-201.290857	6.018328	
219	13.890701	19.145257	1.474174	33.295028	-191.803604	-33.295028	145.707232	-574.044683	216.698653	574.044683	-199.106034	6.196023	
220	14.025790	19.966229	1.451863	47.406360	-191.595816	-47.406360	151.937631	-593.420727	213.435234	593.420727	-194.120082	6.384661	
221	14.103588	20.759449	1.431024	61.742195	-190.328218	-61.742195	159.782606	-610.144034	207.200392	610.144034	-186.166886	6.584233	
222	14.126176	21.506413	1.411587	76.318652	-187.776604	-76.318652	169.029045	-623.303807	197.807343	623.303807	-175.120291	6.794444	
223	14.098321	22.184250	1.393542	91.153267	-183.682788	-91.153267	179.174366	-631.812532	185.207710	631.812532	-161.004384	7.014624	
224	14.039645	22.777171	1.376882	106.125700	-177.959946	-106.125700	189.601429	-634.808416	169.719382	634.808416	-144.224072	7.243642	
225	13.979971	23.280340	1.361583	120.753880	-170.823319	-120.753880	199.876884	-632.032728	151.981636	632.032728	-125.537445	7.479911	
226	13.941687	23.685851	1.347559	134.583575	-162.482247	-134.583575	209.467225	-623.344582	132.696173	623.344582	-105.826014	7.721418	
227	13.931887	23.976471	1.334647	147.637709	-152.980154	-147.637709	217.549890	-608.531539	112.503350	608.531539	-85.952629	7.965759	
228	13.954093	24.137068	1.322691	160.140821	-142.352293	-160.140821	223.283537	-587.669012	92.109889	587.669012	-66.859093	8.210208	
229	14.021599	24.166062	1.311614	172.233237	-130.712147	-172.233237	226.023339	-561.115418	72.400055	561.115418	-49.714082	8.451747	
230	14.154288	24.077504	1.301445	184.094186	-118.303636	-184.094186	225.546961	-529.532580	54.251201	529.532580	-35.753264	8.687068	
231	14.373730	23.893855	1.292292	195.988984	-105.423537	-195.988984	221.986207	-493.848783	38.359442	493.848783	-26.109063	8.912702	
232	14.704831	23.639603	1.284265	208.213458	-92.242811	-208.213458	215.487096	-454.893169	25.245396	454.893169	-21.855255	9.125110	
233	15.161744	23.336690	1.277437	221.082314	-78.864911	-221.082314	206.455262	-413.394664	15.026613	413.394664	-23.710073	9.320728	
234	15.734930	23.000874	1.271827	234.759671	-65.458414	-234.759671	195.926889	-370.241543	7.212216	370.241543	-31.680635	9.496215	
235	16.405482	22.645798	1.267374	248.994188	-52.283364	-248.994188	185.463074	-326.571718	0.886846	326.571718	-45.220200	9.648833	
236	17.156472	22.283611	1.264020	263.106408	-39.687692	-263.106408	176.906443	-283.731295	-5.077296	283.731295	-63.453502	9.776686	
237	17.961487	21.916446	1.261828	276.134588	-28.060440	-276.134588	172.143213	-243.096112	-11.943661	243.096112	-85.135145	9.878810	
238	18.781096	21.533850	1.260976	286.939736	-17.754746	-286.939736	172.744704	-205.857078	-20.928169	205.857078	-108.718471	9.955241	
239	19.574300	21.119646	1.261638	294.335010	-9.051469	-294.335010	179.579944	-172.883641	-32.990784	172.883641	-132.551058	10.007151	
240	20.297684	20.652711	1.263926	297.297821	-2.163500	-297.297821	192.549504	-144.657951	-48.743427	144.657951	-154.861231	10.036880	
241	20.909937	20.108523	1.267892	295.400008	2.799005	-295.400008	210.385936	-121.146259	-68.243182	121.146259	-173.992652	10.047754	
242	21.388823	19.473614	1.273465	289.205540	5.812664	-289.205540	230.920024	-101.697107	-90.926347	101.697107	-188.714864	10.043704	
243	21.738212	18.753167	1.280418	280.379214	6.909212	-280.379214	251.643625	-85.052679	-115.837509	85.052679	-198.191276	10.028766	
244	21.991236	17.969875	1.288465	271.549693	6.198310	-271.549693	270.351319	-69.520081	-141.904724	69.520081	-201.955577	10.006550	
245	22.200790	17.163825	1.297396	265.442043	3.801941	-265.442043	286.050360	-53.420952	-168.166569	53.420952	-199.774497	9.979806	
246	22.422825	16.390207	1.307110	263.743265	-0.186954	-263.743265	299.443911	-35.446645	-193.849379	35.446645	-191.561154	9.950235	
247	22.711911	15.706017	1.317590	266.925575	-5.598808	-266.925575	312.522412	-14.742660	-218.339937	14.742660	-177.633894	9.918481	
248	23.113216	15.145342	1.328823	274.440937	-12.121240	-274.440937	327.609646	9.026340	-241.044925	-9.026340	-158.909536	9.884271	
249	23.638140	14.707968	1.340739	284.344111	-19.380611	-284.344111	346.485148	35.540320	-261.168711	-35.540320	-136.604538	9.846852	
250	24.241270	14.357827	1.353198	293.225914	-26.942215	-293.225914	369.452198	63.870674	-277.446647	-63.870674	-111.989922	9.805715	
251	24.824830	14.022913	1.366031	297.085808	-34.271748	-297.085808	394.607604	92.811968	-288.067189	-92.811968	-86.607332	9.761203	
252	25.264278	13.611895	1.379017	292.809357	-40.882197	-292.809357	418.306150	121.145606	-291.067803	-121.145606	-62.166108	9.714737	
253	25.435555	13.034479	1.391855	279.566042	-46.412589	-279.566042	436.182240	147.827864	-284.828621	-147.827864	-40.195687	9.668588	
254	25.234448	12.212549	1.404237	258.830899	-50.563003	-258.830899	443.717481	172.243185	-268.195525	-172.243185	-22.131653	9.625151	
255	24.587127	11.091768	1.415952	233.365914	-53.179493	-233.365914	436.890809	194.274178	-240.556029	-194.274178	-9.337554	9.585951	
256	23.464835	9.650465	1.426844	206.565223	-54.471224	-206.565223	413.277967	214.079217	-202.296761	-214.079217	-2.585656	9.551003	
257	21.897844	7.891247	1.436746	182.193600	-55.078247	-182.193600	372.671332	231.817669	-155.151166	-231.817669	-1.679220	9.518835	
258	19.965734	5.828181	1.445494	164.021581	-55.846950	-164.021581	316.874398	247.518534	-101.902043	-247.518534	-5.719187	9.486890	
259	17.769566	3.482922	1.452941	155.246745	-57.442812	-155.246745	249.012367	261.178429	-45.637779	-261.178429	-13.740473	9.451858	
260	15.415093	0.874894	1.458963	157.736290	-60.165244	-157.736290	172.589028	272.877995	10.854403	-272.877995	-25.029222	9.409934	
261	12.998093	-1.972507	1.463534	171.821590	-64.014315	-171.821590	91.555241	282.759600	65.180013	-282.759600	-38.810825	9.357308	
262	10.583642	-4.992300	1.466719	196.849591	-68.656996	-196.849591	11.492820	291.124453	115.100784	-291.124453	-53.958429	9.290940	
263	8.207297	-8.054500	1.468592	231.225569	-73.239662	-231.225569	-60.630534	298.603049	158.398728	-298.603049	-69.127055	9.209152	
264	5.888334	-10.988905	1.469207	272.192018	-76.298636	-272.192018	-118.743329	306.200303	193.153901	-306.200303	-83.162820	9.111627	
265	3.636332	-13.623356	1.468636	316.389512	-75.982251	-316.389512	-159.905814	315.135708	218.220345	-315.135708	-95.460829	8.998905	
266	1.460450	-15.824209	1.467000	360.761785	-70.574693	-360.761785	-185.106750	326.449035	233.412002	-326.449035	-105.930027	8.871798	
267	-0.624929	-17.522050	1.464463	403.143988	-59.030017	-403.143988	-198.542346	340.620091	239.395637	-340.620091	-114.722541	8.731111	
268	-2.599355	-18.717710	1.461213	442.034113	-41.308102	-442.034113	-206.019458	357.370223	237.402423	-357.370223	-121.923699	8.577701	
269	-4.431889	-19.477563	1.457448	475.348696	-18.490420	-475.348696	-213.080508	375.682168	228.799139	-375.682168	-127.244109	8.412738	
270	-6.080088	-19.911806	1.453317	499.111059	7.353860	-499.111059	-223.317877	394.089838	214.734212	-394.089838	-129.934673	8.238014	
271	-7.494056	-20.138665	1.448872	507.864625	33.577461	-507.864625	-237.376670	411.135165	195.961443	-411.135165	-128.965878	8.056139	
272	-8.625016	-20.251950	1.444083	497.311912	57.544919	-497.311912	-252.892030	425.788551	172.883548	-425.788551	-123.385547	7.870560	
273	-9.441058	-20.305649	1.438873	467.248637	77.173495	-467.248637	-265.383596	437.710797	145.821926	-437.710797	-112.759764	7.685231	
274	-9.940376	-20.318393	1.433183	422.819699	91.269961	-422.819699	-269.761425	447.315149	115.310114	-447.315149	-97.422493	7.503990	
275	-10.154096	-20.286545	1.427028	373.528582	99.637825	-373.528582	-261.983248	455.594600	82.261550	-455.594600	-78.408996	7.329835	
276	-10.139230	-20.193757	1.420505	330.354954	102.919287	-330.354954	-240.376155	463.756607	47.986296	-463.756607	-57.182358	7.164315	
277	-9.963327	-20.016468	1.413775	302.470850	102.224592	-302.470850	-206.052128	472.763913	14.056650	-472.763913	-35.293708	7.007277	
278	-9.689139	-19.729189	1.407030	295.074589	98.794538	-295.074589	-162.478146	483.023472	-17.891236	-483.023472	-14.136871	6.857069	
279	-9.368028	-19.302504	1.400476	308.558868	93.886649	-308.558868	-115.037633	494.411835	-46.270638	-494.411835	5.096586	6.710962	
280	-9.038699	-18.697320	1.394362	338.562003	88.708891	-338.562003	-70.590237	506.345071	-69.617438	-506.345071	21.380830	6.565596	
281	-8.724835	-17.873477	1.388954	377.007955	84.206039	-377.007955	-36.284211	517.769650	-86.803084	-517.769650	33.929555	6.417505	
282	-8.435167	-16.807667	1.384456	414.176387	80.918453	-414.176387	-18.135369	527.388735	-97.268265	-527.388735	42.309830	6.263744	
283	-8.167136	-15.500678	1.380968	441.080497	79.091482	-441.080497	-20.050486	533.957958	-101.076795	-533.957958	46.458433	6.102443	
284	-7.907701	-13.971611	1.378511	451.622054	78.822341	-451.622054	-43.089252	536.375825	-98.850692	-536.375825	46.664736	5.933146	
285	-7.631655	-12.255406	1.377049	444.205948	80.027740	-444.205948	-84.870534	533.769680	-91.667243	-533.769680	43.574638	5.757024	
286	-7.305473	-10.409677	1.376440	421.815266	82.336477	-421.815266	-139.614137	525.626345	-80.888417	-525.626345	38.115143	5.576924	
287	-6.898642	-8.516694	1.376433	390.123832	85.130178	-390.123832	-199.393705	511.878285	-67.967322	-511.878285	31.316930	5.397140	
288	-6.395056	-6.672909	1.376742	354.939841	87.729593	-354.939841	-256.194331	492.958910	-54.269166	-492.958910	24.116000	5.222779	
289	-5.798404	-4.972254	1.377074	320.580486	89.572161	-320.580486	-303.750648	469.817585	-40.911263	-469.817585	17.197994	5.058853	
290	-5.128039	-3.488018	1.377169	289.560139	90.301866	-289.560139	-338.501025	443.770835	-28.699729	-443.770835	10.964970	4.909400	
291	-4.409230	-2.258638	1.376888	262.898064	89.786622	-262.898064	-359.578479	416.168582	-18.146349	-416.168582	5.600323	4.776902	
292	-3.667075	-1.285490	1.376244	240.555563	88.092351	-240.555563	-368.128412	388.179150	-9.502409	-388.179150	1.139552	4.662118	
293	-2.924330	-0.540283	1.375335	221.946162	85.412368	-221.946162	-366.368334	360.733196	-2.807248	-360.733196	-2.477777	4.564346	
294	-2.201780	0.021729	1.374319	206.318396	82.012773	-206.318396	-356.847890	334.512439	2.044713	-334.512439	-5.361966	4.481974	
295	-1.516636	0.445070	1.373347	192.884691	78.193885	-192.884691	-341.969215	309.977846	5.233352	-309.977846	-7.618075	4.412952	
296	-0.880669	0.761084	1.372437	180.879902	74.232505	-180.879902	-323.720007	287.399694	6.980274	-287.399694	-9.329314	4.355109	
297	-0.306843	0.981082	1.371459	169.678996	70.392999	-169.678996	-303.795776	266.982692	7.568075	-266.982692	-10.604345	4.306327	
298	0.187052	1.101885	1.370253	158.819567	66.931190	-158.819567	-283.725543	248.902199	7.355973	-248.902199	-11.609678	4.264517	
299	0.582699	1.119148	1.368756	147.894413	64.038654	-147.894413	-264.711912	233.175892	6.760351	-233.175892	-12.555043	4.227538	
300	0.864688	1.031786	1.367019	136.584248	61.847344	-136.584248	-247.572939	219.651897	6.213943	-219.651897	-13.657595	4.193232	
301	1.026184	0.843230	1.365146	124.763926	60.425307	-124.763926	-232.793902	208.031368	6.090767	-208.031368	-15.084267	4.159551	
302	1.073222	0.563081	1.363261	112.444459	59.731852	-112.444459	-220.517834	197.878315	6.635786	-197.878315	-16.911299	4.124681	
303	1.021143	0.202439	1.361497	99.708615	59.651747	-99.708615	-210.629464	188.752222	7.957294	-188.752222	-19.136358	4.087098	
304	0.888548	-0.225698	1.359930	86.748077	60.062671	-86.748077	-202.890388	180.306400	10.055168	-180.306400	-21.703087	4.045606	
305	0.692890	-0.703401	1.358512	73.847412	60.841034	-73.847412	-196.970507	172.264133	12.854615	-172.264133	-24.520034	3.999367	
306	0.447969	-1.215273	1.357091	61.294884	61.858770	-61.294884	-192.490938	164.411960	16.244722	-164.411960	-27.489453	3.947880	
307	0.163903	-1.749561	1.355477	49.357523	63.003197	-49.357523	-189.118428	156.631099	20.095406	-156.631099	-30.513544	3.890904	
308	-0.149793	-2.289340	1.353494	38.314242	64.169641	-38.314242	-186.535036	148.877990	24.236722	-148.877990	-33.468630	3.828458	
309	-0.481635	-2.813191	1.351000	28.430507	65.249985	-28.430507	-184.367139	141.131298	28.453708	-141.131298	-36.206208	3.760843	
310	-0.819478	-3.299926	1.347857	19.889089	66.154032	-19.889089	-182.258092	133.400089	32.520176	-133.400089	-38.584282	3.688619	
311	-1.151222	-3.730111	1.343960	12.758458	66.821246	-12.758458	-179.948523	125.747862	36.226247	-125.747862	-40.485319	3.612545	
312	-1.465778	-4.092809	1.339234	7.008683	67.221459	-7.008683	-177.295998	118.265355	39.409844	-118.265355	-41.837796	3.533507	
313	-1.756262	-4.390507	1.333579	2.543027	67.360242	-2.543027	-174.272739	111.038620	41.985312	-111.038620	-42.636255	3.452407	
314	-2.018507	-4.630518	1.326853	-0.768359	67.246870	0.768359	-170.855052	104.120053	43.911909	-104.120053	-42.910115	3.370078	
315	-2.249008	-4.814088	1.318944	-3.070264	66.867411	3.070264	-166.955592	97.514655	45.166007	-97.514655	-42.695437	3.287269	
316	-2.446966	-4.938104	1.309829	-4.529959	66.206372	4.529959	-162.506123	91.201824	45.765394	-91.201824	-42.053278	3.204640	
317	-2.611424	-5.002120	1.299559	-5.331820	65.252462	5.331820	-157.488427	85.158488	45.761318	-85.158488	-41.056611	3.122733	
318	-2.739203	-5.006151	1.288185	-5.658237	64.009647	5.658237	-151.960419	79.396789	45.216138	-79.396789	-39.764406	3.042012	
319	-2.832540	-4.953000	1.275750	-5.675384	62.529103	5.675384	-146.117260	73.975387	44.241596	-73.975387	-38.262757	2.962898	
320	-2.901114	-4.861177	1.262342	-5.503068	60.884708	5.503068	-140.172380	68.923297	43.002782	-68.923297	-36.679459	2.885662	
321	-2.951285	-4.753847	1.248091	-5.191106	59.114803	5.191106	-134.180135	64.192265	41.622584	-64.192265	-35.099509	2.810327	
322	-2.982198	-4.636991	1.233189	-4.770528	57.217466	4.770528	-128.087154	59.706456	40.144261	-59.706456	-33.531464	2.736834	
323	-2.993359	-4.508731	1.217885	-4.311862	55.196497	4.311862	-121.887336	55.416725	38.599336	-55.416725	-31.973460	2.665225	
324	-2.985653	-4.372691	1.202367	-3.876868	53.075521	3.876868	-115.624183	51.310390	37.024801	-51.310390	-30.430374	2.595609	
325	-2.956454	-4.231558	1.186750	-3.480423	50.871918	3.480423	-109.316426	47.396569	35.426220	-47.396569	-28.878946	2.528051	
326	-2.901671	-4.084888	1.171225	-3.155969	48.603217	3.155969	-102.986659	43.698467	33.790597	-43.698467	-27.282195	2.462594	
327	-2.822076	-3.937232	1.156056	-2.985255	46.317913	2.985255	-96.731672	40.246961	32.133167	-40.246961	-25.636910	2.399366	
328	-2.724131	-3.804227	1.141436	-3.026097	44.093871	3.026097	-90.688747	37.036163	30.505624	-37.036163	-23.981311	2.338587	
329	-2.614604	-3.705604	1.127452	-3.222009	41.999948	3.222009	-84.938445	34.018051	28.949614	-34.018051	-22.352098	2.280435	
330	-2.498537	-3.645618	1.114128	-3.412453	40.054760	3.412453	-79.488764	31.181489	27.464424	-31.181489	-20.760712	2.225026	
331	-2.382648	-3.608059	1.101427	-3.467508	38.226435	3.467508	-74.333379	28.564282	26.036480	-28.564282	-19.219960	2.172466	
332	-2.276679	-3.574579	1.089242	-3.370731	36.479851	3.370731	-69.500078	26.194435	24.680218	-26.194435	-17.768998	2.122789	
333	-2.190738	-3.538956	1.077443	-3.187043	34.820551	3.187043	-65.061520	24.069273	23.441711	-24.069273	-16.463771	2.075908	
334	-2.131513	-3.505918	1.065911	-2.984386	33.279019	2.984386	-61.073501	22.137951	22.368109	-22.137951	-15.345322	2.031566	
335	-2.100374	-3.484027	1.054526	-2.745977	31.862713	2.745977	-57.505477	20.314204	21.469484	-20.314204	-14.416951	1.989304	
336	-2.093410	-3.477256	1.043204	-2.402823	30.550804	2.402823	-54.266188	18.545978	20.705450	-18.545978	-13.644643	1.948563	
337	-2.103611	-3.481680	1.031916	-1.938264	29.319073	1.938264	-51.267087	16.843353	20.009746	-16.843353	-12.978167	1.908870	
338	-2.125829	-3.490771	1.020629	-1.386341	28.154866	1.386341	-48.454275	15.248469	19.330896	-15.248469	-12.384966	1.869878	
339	-2.158767	-3.501460	1.009231	-0.802827	27.061777	0.802827	-45.810846	13.795445	18.650329	-13.795445	-11.861957	1.831295	
340	-2.202586	-3.515107	0.997564	-0.255039	26.048365	0.255039	-43.331035	12.484404	17.970886	-12.484404	-11.418101	1.792882	
341	-2.258589	-3.534198	0.985526	0.217031	25.123116	-0.217031	-41.012373	11.298174	17.304632	-11.298174	-11.067291	1.754488	
342	-2.330209	-3.556132	0.973102	0.584108	24.306586	-0.584108	-38.880905	10.242921	16.667086	-10.242921	-10.832073	1.715970	
343	-2.418757	-3.570814	0.960363	0.803505	23.613715	-0.803505	-36.969375	9.344588	16.064755	-9.344588	-10.723069	1.677056	
344	-2.519076	-3.572234	0.947438	0.879796	23.021493	-0.879796	-35.260478	8.592318	15.493686	-8.592318	-10.715615	1.637376	
345	-2.624182	-3.566826	0.934477	0.868223	22.486215	-0.868223	-33.696576	7.929356	14.951863	-7.929356	-10.770919	1.596635	
346	-2.730840	-3.562859	0.921558	0.804911	21.980228	-0.804911	-32.234169	7.312053	14.439847	-7.312053	-10.866238	1.554675	
347	-2.837045	-3.564257	0.908585	0.709464	21.488808	-0.709464	-30.848504	6.722743	13.952984	-6.722743	-10.983775	1.511407	
348	-2.939039	-3.574568	0.895364	0.605470	20.994950	-0.605470	-29.511659	6.149270	13.477457	-6.149270	-11.096019	1.466798	
349	-3.032776	-3.594003	0.881825	0.499575	20.483170	-0.499575	-28.195035	5.589906	12.993506	-5.589906	-11.175990	1.420896	
350	-3.116272	-3.616517	0.868053	0.386247	19.944582	-0.386247	-26.874934	5.043733	12.488131	-5.043733	-11.208187	1.373840	
351	-3.190487	-3.636846	0.854161	0.270664	19.380617	-0.270664	-25.545403	4.506829	11.964412	-4.506829	-11.188592	1.325850	
352	-3.257064	-3.657170	0.840145	0.177323	18.801788	-0.177323	-24.221319	3.986929	11.431801	-3.986929	-11.112786	1.277142	
353	-3.316079	-3.680478	0.825981	0.140506	18.212001	-0.140506	-22.907651	3.496807	10.890207	-3.496807	-10.972237	1.227883	
354	-3.366008	-3.701221	0.811791	0.172094	17.600043	-0.172094	-21.587954	3.043273	10.329509	-3.043273	-10.761201	1.178207	
355	-3.404231	-3.711055	0.797671	0.248421	16.955508	-0.248421	-20.249041	2.627859	9.741155	-2.627859	-10.474857	1.128214	
356	-3.429045	-3.707413	0.783532	0.347233	16.283333	-0.347233	-18.899241	2.251101	9.125873	-2.251101	-10.112385	1.078023	
357	-3.439345	-3.690347	0.769275	0.476590	15.586491	-0.476590	-17.548929	1.911244	8.487454	-1.911244	-9.677285	1.027797	
358	-3.431539	-3.656008	0.754833	0.633322	14.855798	-0.633322	-16.194023	1.607758	7.825015	-1.607758	-9.169148	0.977747	
359	-3.399045	-3.597190	0.740135	0.783574	14.080413	-0.783574	-14.821532	1.340745	7.136474	-1.340745	-8.583677	0.928146	
360	-3.333102	-3.513135	0.725245	0.936645	13.253156	-0.936645	-13.411862	1.108076	6.420274	-1.108076	-7.909605	0.879353	
361	-3.225157	-3.410800	0.710369	1.156312	12.370989	-1.156312	-11.934090	0.901722	5.672774	-0.901722	-7.134348	0.831815	
362	-3.070864	-3.290230	0.695730	1.455106	11.442069	-1.455106	-10.370840	0.711966	4.895299	-0.711966	-6.265148	0.786014	
363	-2.865006	-3.140815	0.681605	1.777696	10.469969	-1.777696	-8.721791	0.533909	4.093743	-0.533909	-5.313942	0.742411	
364	-2.594985	-2.953620	0.668331	2.101315	9.431778	-2.101315	-6.980320	0.369385	3.270047	-0.369385	-4.271955	0.701547	
365	-2.248437	-2.721848	0.656206	2.450584	8.292536	-2.450584	-5.153603	0.225983	2.430493	-0.225983	-3.133939	0.664095	
366	-1.820627	-2.436673	0.645511	2.839744	7.029998	-2.839744	-3.278761	0.111785	1.593081	-0.111785	-1.917067	0.630688	
367	-1.309109	-2.095652	0.636572	3.277458	5.632332	-3.277458	-1.376412	0.028058	0.771522	-0.028058	-0.634191	0.601808	
368	-0.709743	-1.705611	0.629665	3.790664	4.084372	-3.790664	0.580401	-0.027963	-0.039382	0.027963	0.723955	0.577918	
369	-0.022803	-1.276644	0.624995	4.410356	2.370154	-4.410356	2.640147	-0.057955	-0.858337	0.057955	2.175514	0.559568	
370	0.741521	-0.821174	0.622813	5.151195	0.488760	-5.151195	4.850591	-0.068791	-1.709462	0.068791	3.738129	0.547362	
371	1.562906	-0.355730	0.623411	6.012205	-1.533666	-6.012205	7.256946	-0.078744	-2.618571	0.078744	5.429657	0.541929	
372	2.405570	0.097212	0.626937	6.977517	-3.628262	-6.977517	9.870255	-0.112068	-3.598583	0.112068	7.249852	0.543861	
373	3.220938	0.511277	0.633324	8.005465	-5.682508	-8.005465	12.644041	-0.189615	-4.640452	0.189615	9.172105	0.553542	
374	3.918864	0.842282	0.642344	8.979913	-7.455559	-8.979913	15.344866	-0.318812	-5.662216	0.318812	11.052737	0.570786	
375	4.451137	1.073898	0.653609	9.816585	-8.790498	-9.816585	17.795738	-0.493857	-6.596402	0.493857	12.783008	0.594649	
376	4.476048	1.041888	0.665961	10.091107	-8.811201	-10.091107	18.644287	-0.638137	-6.915348	0.638137	13.418730	0.621933	
