kww	// User ID
28-6-2021	// Evaluation date
p31_warmup_002	28-6-2021	17:17:12:881	// Source file name and timestamp
357.143	// Sampling rate
1.194	// Data capture period

1.960000	// height
90.100000	// mass


Sample #	elbVar	shldrIR	LwristLinVelo	thorJFPd	thorSTPd	UaJFPp	UaSTPp	UaJFPd	UaSTPd	FaJFPp	FaSTPp	RwristLinVelo	
0	1.884104	0.535957	1.774828	21.767241	0.884079	-21.767241	5.890219	0.175806	4.579100	-0.175806	-14.502854	1.674934	
1	1.936437	0.495570	1.762683	21.493944	0.898230	-21.493944	5.741398	0.081017	4.682436	-0.081017	-15.186896	1.680202	
2	2.028799	0.502038	1.749625	21.424816	0.921725	-21.424816	5.464996	-0.053591	4.909318	0.053591	-16.058071	1.682850	
3	1.926679	0.307861	1.736630	20.494217	0.945132	-20.494217	5.605974	0.085085	4.518655	-0.085085	-15.881087	1.683487	
4	1.753425	0.038171	1.725393	19.256078	0.979416	-19.256078	5.887527	0.351065	3.899986	-0.351065	-15.335273	1.683145	
5	1.539973	-0.272528	1.716648	17.863231	1.020694	-17.863231	6.249922	0.702753	3.147540	-0.702753	-14.591909	1.682252	
6	1.327615	-0.584015	1.710860	16.473807	1.063408	-16.473807	6.599141	1.089591	2.382147	-1.089591	-13.867213	1.680892	
7	1.135622	-0.875477	1.708202	15.163103	1.101786	-15.163103	6.899171	1.480590	1.658912	-1.480590	-13.239379	1.678896	
8	0.975455	-1.126917	1.708605	14.048861	1.132581	-14.048861	7.152066	1.843604	1.014216	-1.843604	-12.731398	1.676108	
9	0.850056	-1.333363	1.711822	13.197583	1.161917	-13.197583	7.384903	2.175194	0.456899	-2.175194	-12.346782	1.672497	
10	0.756131	-1.498579	1.717567	12.620516	1.199317	-12.620516	7.627186	2.489404	-0.022654	-2.489404	-12.072999	1.668060	
11	0.687403	-1.620855	1.725550	12.344754	1.245649	-12.344754	7.892731	2.784435	-0.435536	-2.784435	-11.870250	1.662796	
12	0.636909	-1.700515	1.735404	12.316913	1.291089	-12.316913	8.176756	3.046110	-0.789047	-3.046110	-11.690553	1.656805	
13	0.600982	-1.749741	1.746619	12.406945	1.329072	-12.406945	8.464391	3.273152	-1.087292	-3.273152	-11.530212	1.650312	
14	0.578432	-1.788714	1.758622	12.523171	1.366789	-12.523171	8.742826	3.486026	-1.341730	-3.486026	-11.425680	1.643477	
15	0.565546	-1.830200	1.770938	12.632949	1.410996	-12.632949	9.017258	3.702158	-1.572306	-3.702158	-11.376460	1.636314	
16	0.558616	-1.871366	1.783333	12.745685	1.455527	-12.745685	9.294955	3.914760	-1.786782	-3.914760	-11.340758	1.628831	
17	0.554661	-1.908493	1.795774	12.867987	1.491231	-12.867987	9.575637	4.110694	-1.988111	-4.110694	-11.278998	1.621110	
18	0.548526	-1.950638	1.808283	12.968286	1.517806	-12.968286	9.876194	4.295861	-2.197552	-4.295861	-11.167104	1.613229	
19	0.537441	-2.007265	1.820855	13.035447	1.543049	-13.035447	10.228801	4.485913	-2.436545	-4.485913	-11.004522	1.605203	
20	0.522501	-2.070546	1.833442	13.173546	1.577404	-13.173546	10.660218	4.687150	-2.705283	-4.687150	-10.796100	1.597048	
21	0.505232	-2.120954	1.845925	13.536814	1.627828	-13.536814	11.163579	4.892554	-2.988671	-4.892554	-10.538124	1.588869	
22	0.487737	-2.141291	1.858196	14.203211	1.695006	-14.203211	11.688503	5.083642	-3.263270	-5.083642	-10.234472	1.580851	
23	0.468242	-2.128074	1.870305	15.140460	1.776569	-15.140460	12.199525	5.249731	-3.522312	-5.249731	-9.880146	1.573204	
24	0.441270	-2.095359	1.882429	16.197971	1.867021	-16.197971	12.697969	5.394563	-3.785795	-5.394563	-9.465210	1.566083	
25	0.407323	-2.059247	1.894653	17.205418	1.961628	-17.205418	13.173410	5.520392	-4.065820	-5.520392	-9.020437	1.559542	
26	0.374894	-2.024960	1.906890	18.099898	2.063389	-18.099898	13.598068	5.625855	-4.349878	-5.625855	-8.619030	1.553523	
27	0.352421	-1.989949	1.919055	18.894061	2.173847	-18.894061	13.952673	5.703560	-4.617258	-5.703560	-8.319925	1.547871	
28	0.339152	-1.952585	1.931193	19.553395	2.285231	-19.553395	14.237915	5.744611	-4.865489	-5.744611	-8.109997	1.542384	
29	0.330868	-1.912597	1.943487	19.984949	2.387518	-19.984949	14.454162	5.742947	-5.101432	-5.742947	-7.952370	1.536829	
30	0.329629	-1.864671	1.956189	20.154135	2.473302	-20.154135	14.579358	5.687143	-5.311848	-5.687143	-7.853352	1.530935	
31	0.339549	-1.802687	1.969431	20.108995	2.539638	-20.108995	14.593090	5.569078	-5.479639	-5.569078	-7.837620	1.524394	
32	0.369175	-1.729370	1.983093	19.861459	2.589272	-19.861459	14.484768	5.382590	-5.594814	-5.382590	-7.972727	1.516755	
33	0.428735	-1.656807	1.996970	19.367369	2.626638	-19.367369	14.270018	5.119058	-5.655716	-5.119058	-8.335339	1.507343	
34	0.504164	-1.593216	2.010970	18.736077	2.654443	-18.736077	14.031269	4.796129	-5.691294	-4.796129	-8.799536	1.495620	
35	0.560479	-1.535949	2.025091	18.234204	2.677357	-18.234204	13.867623	4.462290	-5.743176	-4.462290	-9.080312	1.481816	
36	0.582665	-1.488093	2.039311	17.926321	2.704277	-17.926321	13.825315	4.151652	-5.837318	-4.151652	-9.081007	1.466835	
37	0.581759	-1.462295	2.053540	17.636520	2.737411	-17.636520	13.905970	3.856976	-5.986509	-3.856976	-8.916731	1.451475	
38	0.568538	-1.457043	2.067600	17.293160	2.764917	-17.293160	14.060764	3.547207	-6.170503	-3.547207	-8.662233	1.436115	
39	0.549145	-1.463827	2.081265	16.934820	2.777115	-16.934820	14.231351	3.197233	-6.346254	-3.197233	-8.337123	1.420912	
40	0.531839	-1.490317	2.094336	16.499681	2.776599	-16.499681	14.431291	2.800707	-6.497212	-2.800707	-7.994668	1.405885	
41	0.523850	-1.535585	2.106748	15.940383	2.763643	-15.940383	14.666606	2.357138	-6.613331	-2.357138	-7.684371	1.391008	
42	0.526154	-1.587880	2.118600	15.311963	2.736269	-15.311963	14.918045	1.872065	-6.688719	-1.872065	-7.415554	1.376420	
43	0.537809	-1.658816	2.130104	14.615790	2.702961	-14.615790	15.261731	1.364946	-6.764572	-1.364946	-7.203378	1.362443	
44	0.565565	-1.757749	2.141535	13.825365	2.669480	-13.825365	15.764910	0.835124	-6.872100	-0.835124	-7.102923	1.349215	
45	0.618692	-1.865055	2.153163	12.944149	2.622386	-12.944149	16.348264	0.244870	-6.978256	-0.244870	-7.152720	1.336336	
46	0.698861	-1.961278	2.165231	11.911235	2.544171	-11.911235	16.901655	-0.434937	-7.041561	0.434937	-7.334714	1.323053	
47	0.798260	-2.042939	2.177969	10.699923	2.437168	-10.699923	17.416097	-1.185503	-7.061815	1.185503	-7.584077	1.308750	
48	0.902088	-2.113360	2.191604	9.444460	2.322123	-9.444460	17.966454	-1.954835	-7.079056	1.954835	-7.803536	1.293228	
49	0.995799	-2.169281	2.206284	8.330322	2.218424	-8.330322	18.597269	-2.696994	-7.139622	2.696994	-7.900556	1.276596	
50	1.064222	-2.192943	2.221976	7.509113	2.135871	-7.509113	19.252786	-3.378710	-7.263930	3.378710	-7.779875	1.259167	
51	1.088508	-2.157859	2.238504	7.109826	2.082225	-7.109826	19.802426	-3.963671	-7.454402	3.963671	-7.337470	1.241485	
52	1.059978	-2.036634	2.255655	7.165438	2.063893	-7.165438	20.047820	-4.430596	-7.686314	4.430596	-6.554459	1.224346	
53	0.992666	-1.831738	2.273236	7.494231	2.076410	-7.494231	19.862306	-4.807027	-7.910568	4.807027	-5.551703	1.208600	
54	0.912135	-1.608687	2.291076	7.764196	2.107183	-7.764196	19.474120	-5.148725	-8.143647	5.148725	-4.477308	1.194749	
55	0.836247	-1.445977	2.308967	7.731771	2.145390	-7.731771	19.300574	-5.486283	-8.467918	5.486283	-3.383067	1.182819	
56	0.772154	-1.352011	2.326664	7.367512	2.181517	-7.367512	19.419974	-5.826377	-8.871419	5.826377	-2.264820	1.172674	
57	0.721846	-1.283282	2.344038	6.762582	2.208408	-6.762582	19.590768	-6.177768	-9.239248	6.177768	-1.141727	1.164286	
58	0.686319	-1.222522	2.361133	5.952329	2.222731	-5.952329	19.711834	-6.551414	-9.515309	6.551414	-0.046805	1.157672	
59	0.668515	-1.181880	2.378003	4.909993	2.220783	-4.909993	19.861876	-6.962088	-9.707095	6.962088	0.990937	1.152755	
60	0.669570	-1.155536	2.394615	3.705349	2.202883	-3.705349	20.026181	-7.423255	-9.792761	7.423255	1.935588	1.149389	
61	0.685427	-1.122318	2.410908	2.453978	2.174578	-2.453978	20.095216	-7.936054	-9.749260	7.936054	2.756829	1.147509	
62	0.711256	-1.073667	2.426884	1.174216	2.136927	-1.174216	20.004638	-8.494878	-9.593877	8.494878	3.444846	1.147068	
63	0.746673	-1.012430	2.442629	-0.112626	2.087117	0.112626	19.752103	-9.092317	-9.349525	9.092317	3.992191	1.147793	
64	0.793150	-0.945121	2.458291	-1.330514	2.026300	1.330514	19.392167	-9.712047	-9.038300	9.712047	4.401359	1.149159	
65	0.845407	-0.879797	2.473966	-2.456941	1.961788	2.456941	19.035413	-10.319899	-8.713580	10.319899	4.725160	1.150721	
66	0.892483	-0.817835	2.489700	-3.439483	1.908302	3.439483	18.801653	-10.877622	-8.447116	10.877622	5.048115	1.152308	
67	0.932805	-0.752531	2.505589	-4.126426	1.878616	4.126426	18.753335	-11.375503	-8.268775	11.375503	5.407417	1.153905	
68	0.975533	-0.678905	2.521719	-4.464264	1.868779	4.464264	18.856459	-11.822081	-8.146007	11.822081	5.777535	1.155522	
69	1.022467	-0.598650	2.538064	-4.582510	1.867535	4.582510	19.043934	-12.207756	-8.046844	12.207756	6.143416	1.157275	
70	1.068759	-0.515076	2.554527	-4.677508	1.867945	4.677508	19.265142	-12.514961	-7.968470	12.514961	6.515322	1.159466	
71	1.118771	-0.426625	2.571038	-4.872829	1.863279	4.872829	19.448831	-12.743631	-7.893391	12.743631	6.879361	1.162430	
72	1.179483	-0.331185	2.587601	-5.098945	1.853779	5.098945	19.582369	-12.920875	-7.809711	12.920875	7.228342	1.166343	
73	1.242595	-0.233693	2.604290	-5.225634	1.852530	5.225634	19.785910	-13.091278	-7.765586	13.091278	7.616064	1.171210	
74	1.287825	-0.137987	2.621184	-5.282182	1.875278	5.282182	20.168581	-13.278751	-7.827989	13.278751	8.103287	1.177024	
75	1.304050	-0.044402	2.638349	-5.334171	1.928910	5.334171	20.764325	-13.476462	-8.021114	13.476462	8.695245	1.183893	
76	1.298154	0.034433	2.655825	-5.304999	2.004631	5.304999	21.635111	-13.674234	-8.336590	13.674234	9.372780	1.192049	
77	1.284876	0.080312	2.673597	-5.103156	2.084584	5.103156	22.811209	-13.888277	-8.738217	13.888277	10.106999	1.201755	
78	1.275891	0.098879	2.691624	-4.802535	2.161642	4.802535	24.145942	-14.167586	-9.144372	14.167586	10.824805	1.213034	
79	1.269904	0.118529	2.709910	-4.599294	2.247922	4.599294	25.418600	-14.546052	-9.480954	14.546052	11.444111	1.225500	
80	1.257284	0.149217	2.728406	-4.574648	2.352733	4.574648	26.599647	-15.006894	-9.757148	15.006894	11.957964	1.238666	
81	1.241122	0.163931	2.746967	-4.542333	2.458266	4.542333	27.885806	-15.517160	-10.040879	15.517160	12.438701	1.252315	
82	1.231887	0.133740	2.765506	-4.229081	2.537063	4.229081	29.448521	-16.060372	-10.389801	16.060372	12.969433	1.266571	
83	1.228516	0.061799	2.784060	-3.615136	2.581674	3.615136	31.233820	-16.627044	-10.820453	16.627044	13.586105	1.281748	
84	1.224774	-0.022968	2.802663	-2.996832	2.603968	2.996832	33.003420	-17.210389	-11.295408	17.210389	14.255901	1.298164	
85	1.217820	-0.096045	2.821318	-2.669656	2.620857	2.669656	34.548221	-17.814132	-11.751343	17.814132	14.913663	1.316006	
86	1.205682	-0.154582	2.840094	-2.669017	2.648488	2.669017	35.860945	-18.448010	-12.152128	18.448010	15.523943	1.335343	
87	1.189371	-0.204852	2.859093	-2.852413	2.697510	2.852413	37.046304	-19.121091	-12.487476	19.121091	16.083071	1.356165	
88	1.175562	-0.249821	2.878341	-3.117253	2.760046	3.117253	38.133564	-19.833016	-12.753343	19.833016	16.597363	1.378380	
89	1.173679	-0.297209	2.897824	-3.416943	2.808729	3.416943	39.130697	-20.574091	-12.965892	20.574091	17.097286	1.401852	
90	1.190332	-0.359194	2.917557	-3.704078	2.820179	3.704078	40.105000	-21.345142	-13.156293	21.345142	17.625053	1.426443	
91	1.221030	-0.436287	2.937544	-4.063278	2.796070	4.063278	41.061480	-22.151527	-13.339508	22.151527	18.185074	1.452028	
92	1.255998	-0.515180	2.957753	-4.623186	2.757531	4.623186	41.942472	-22.985938	-13.510971	22.985938	18.749397	1.478549	
93	1.295439	-0.577769	2.978156	-5.362478	2.728192	5.362478	42.724413	-23.843648	-13.659893	23.843648	19.300084	1.506038	
94	1.340780	-0.611162	2.998666	-6.285720	2.726729	6.285720	43.397591	-24.724864	-13.788878	24.724864	19.843358	1.534454	
95	1.386629	-0.616109	3.019051	-7.499608	2.757551	7.499608	43.949154	-25.619865	-13.912996	25.619865	20.391186	1.563609	
96	1.431778	-0.601721	3.039017	-8.995356	2.808770	8.995356	44.373552	-26.512672	-14.019742	26.512672	20.922019	1.593264	
97	1.478016	-0.577180	3.058388	-10.608260	2.871638	10.608260	44.720791	-27.397797	-14.091990	27.397797	21.410348	1.623222	
98	1.527757	-0.546903	3.077245	-12.252704	2.943015	12.252704	45.065468	-28.290220	-14.147750	28.290220	21.877760	1.653353	
99	1.588641	-0.509580	3.095856	-13.996101	3.010701	13.996101	45.422890	-29.207121	-14.214015	29.207121	22.368236	1.683552	
100	1.664290	-0.469309	3.114413	-15.837259	3.061004	15.837259	45.848272	-30.157061	-14.324888	30.157061	22.933709	1.713793	
101	1.745229	-0.441409	3.132935	-17.626453	3.089956	17.626453	46.465756	-31.154222	-14.514533	31.154222	23.610473	1.744303	
102	1.818253	-0.441543	3.151422	-19.220120	3.094008	19.220120	47.308592	-32.207840	-14.776341	32.207840	24.375500	1.775526	
103	1.879319	-0.471970	3.169906	-20.593904	3.065295	20.593904	48.266529	-33.301052	-15.062981	33.301052	25.161807	1.807874	
104	1.933771	-0.519134	3.188392	-21.792303	3.008400	21.792303	49.243374	-34.422430	-15.337619	34.422430	25.927573	1.841525	
105	1.984630	-0.566866	3.206889	-22.872906	2.946838	22.872906	50.268532	-35.595475	-15.611275	35.595475	26.693196	1.876480	
106	2.023042	-0.604243	3.225411	-23.976845	2.905695	23.976845	51.337571	-36.825891	-15.892020	36.825891	27.452189	1.912687	
107	2.041185	-0.626686	3.243947	-25.265131	2.886259	25.265131	52.340754	-38.079285	-16.154619	38.079285	28.148889	1.950014	
108	2.052578	-0.644858	3.262539	-26.688285	2.844124	26.688285	53.223639	-39.332425	-16.397793	39.332425	28.812205	1.988271	
109	2.080272	-0.676502	3.281362	-28.049891	2.721962	28.049891	54.003376	-40.588352	-16.648384	40.588352	29.546968	2.027361	
110	2.127982	-0.728327	3.300670	-29.283828	2.513125	29.283828	54.727411	-41.876111	-16.928156	41.876111	30.409121	2.067305	
111	2.184507	-0.802303	3.320664	-30.380377	2.241708	30.380377	55.513324	-43.237925	-17.257741	43.237925	31.407906	2.108090	
112	2.246300	-0.901719	3.341387	-31.244702	1.906467	31.244702	56.421341	-44.671244	-17.639919	44.671244	32.541718	2.149740	
113	2.314061	-1.024274	3.362718	-31.811130	1.495461	31.811130	57.358530	-46.118420	-18.048234	46.118420	33.783453	2.192489	
114	2.381004	-1.165424	3.384475	-32.088337	1.016792	32.088337	58.247161	-47.532574	-18.460503	47.532574	35.096808	2.236706	
115	2.436435	-1.312090	3.406547	-32.273027	0.509664	32.273027	59.037335	-48.902815	-18.857960	48.902815	36.426728	2.282649	
116	2.472330	-1.438212	3.428911	-32.724803	0.037624	32.724803	59.614113	-50.209904	-19.211363	50.209904	37.687561	2.330295	
117	2.484187	-1.531752	3.451592	-33.609527	-0.359597	33.609527	59.923321	-51.427554	-19.517226	51.427554	38.838186	2.379365	
118	2.473625	-1.602806	3.474549	-34.849795	-0.689325	34.849795	60.011555	-52.557089	-19.799119	52.557089	39.908112	2.429573	
119	2.451366	-1.662514	3.497577	-36.294449	-0.975633	36.294449	59.920036	-53.603240	-20.059472	53.603240	40.929190	2.480783	
120	2.428304	-1.715513	3.520384	-37.779070	-1.230465	37.779070	59.643936	-54.535449	-20.276971	54.535449	41.892081	2.532838	
121	2.410763	-1.765396	3.542733	-39.188409	-1.459892	39.188409	59.216580	-55.335147	-20.456670	55.335147	42.804873	2.585422	
122	2.404109	-1.819033	3.564442	-40.460183	-1.682404	40.460183	58.781284	-56.052978	-20.647681	56.052978	43.746096	2.638304	
123	2.410363	-1.883137	3.585348	-41.528949	-1.915860	41.528949	58.440762	-56.736968	-20.892561	56.736968	44.784857	2.691553	
124	2.432008	-1.961070	3.605381	-42.301977	-2.174362	42.301977	58.229444	-57.413189	-21.216606	57.413189	45.977083	2.745423	
125	2.471188	-2.053937	3.624609	-42.714474	-2.472714	42.714474	58.197141	-58.117518	-21.637712	58.117518	47.378180	2.800230	
126	2.520301	-2.154180	3.643097	-42.840037	-2.794642	42.840037	58.242143	-58.805558	-22.114762	58.805558	48.902230	2.856134	
127	2.570467	-2.248880	3.660761	-42.828564	-3.105466	42.828564	58.204821	-59.400746	-22.587528	59.400746	50.406868	2.912942	
128	2.621623	-2.331585	3.677400	-42.768158	-3.401071	42.768158	58.116709	-59.909810	-23.047164	59.909810	51.863710	2.970286	
129	2.675053	-2.397168	3.692817	-42.735239	-3.691317	42.735239	57.997976	-60.338070	-23.479728	60.338070	53.232832	3.027847	
130	2.728278	-2.443875	3.706959	-42.775545	-3.983189	42.775545	57.755491	-60.660095	-23.861715	60.660095	54.441421	3.085356	
131	2.777333	-2.481055	3.720042	-42.806203	-4.298046	42.806203	57.383175	-60.876882	-24.213845	60.876882	55.509346	3.142651	
132	2.813191	-2.519692	3.732422	-42.715905	-4.656066	42.715905	56.946708	-60.979686	-24.566565	60.979686	56.473509	3.199715	
133	2.819564	-2.570148	3.744363	-42.445818	-5.059211	42.445818	56.513168	-60.953042	-24.935363	60.953042	57.322793	3.256528	
134	2.783852	-2.646656	3.756012	-41.904817	-5.513503	41.904817	56.174668	-60.808367	-25.340120	60.808367	58.068247	3.313022	
135	2.708733	-2.756417	3.767471	-41.038265	-6.048306	41.038265	55.975626	-60.558029	-25.788733	60.558029	58.747260	3.369135	
136	2.605690	-2.892242	3.778788	-39.891913	-6.691519	39.891913	55.916956	-60.204883	-26.263933	60.204883	59.369453	3.424810	
137	2.480811	-3.043448	3.789790	-38.526149	-7.452811	38.526149	55.994925	-59.731258	-26.737054	59.731258	59.892774	3.479916	
138	2.334883	-3.204181	3.800031	-37.028990	-8.345164	37.028990	56.185649	-59.108523	-27.188138	59.108523	60.262429	3.534227	
139	2.170006	-3.373920	3.809063	-35.412217	-9.384409	35.412217	56.556054	-58.344253	-27.637478	58.344253	60.497056	3.587503	
140	1.989417	-3.555272	3.816636	-33.601649	-10.571293	33.601649	57.243090	-57.481607	-28.143079	57.481607	60.693984	3.639582	
141	1.795750	-3.748126	3.822583	-31.618851	-11.899960	31.618851	58.284139	-56.563083	-28.742267	56.563083	60.920970	3.690490	
142	1.595096	-3.946155	3.826859	-29.480456	-13.378531	29.480456	59.627775	-55.598199	-29.415824	55.598199	61.161669	3.740500	
143	1.401056	-4.136459	3.829752	-27.154893	-15.029210	27.154893	61.200374	-54.569735	-30.122267	54.569735	61.388168	3.790036	
144	1.225290	-4.307279	3.831826	-24.695818	-16.869196	24.695818	62.943497	-53.471991	-30.840627	53.471991	61.606957	3.839498	
145	1.068576	-4.457561	3.833615	-22.181419	-18.908006	22.181419	64.889045	-52.325518	-31.570920	52.325518	61.829506	3.889173	
146	0.927239	-4.592126	3.835450	-19.665003	-21.153580	19.665003	67.139917	-51.167270	-32.322251	51.167270	62.065610	3.939260	
147	0.797755	-4.710457	3.837459	-17.216386	-23.586848	17.216386	69.729383	-50.003827	-33.091294	50.003827	62.294924	3.989829	
148	0.674352	-4.807915	3.839566	-14.883342	-26.160159	14.883342	72.606616	-48.797977	-33.848227	48.797977	62.438628	4.040702	
149	0.548430	-4.885727	3.841576	-12.701234	-28.844550	12.701234	75.731971	-47.510663	-34.554937	47.510663	62.393661	4.091494	
150	0.412851	-4.946858	3.843310	-10.803789	-31.632748	10.803789	79.031815	-46.106053	-35.171213	46.106053	62.056412	4.141731	
151	0.268455	-4.987513	3.844619	-9.421406	-34.516575	9.421406	82.383655	-44.588683	-35.670200	44.588683	61.376276	4.190841	
152	0.121704	-5.002642	3.845309	-8.752560	-37.485755	8.752560	85.705863	-43.039593	-36.054134	43.039593	60.382371	4.238231	
153	-0.025329	-4.993295	3.845107	-8.875071	-40.526798	8.875071	88.981770	-41.538932	-36.328134	41.538932	59.103586	4.283464	
154	-0.176833	-4.966338	3.843736	-9.762530	-43.639515	9.762530	92.262027	-40.099060	-36.481534	40.099060	57.523777	4.326264	
155	-0.335743	-4.926094	3.841076	-11.383894	-46.826406	11.383894	95.595325	-38.699392	-36.493086	38.699392	55.616208	4.366275	
156	-0.498024	-4.868661	3.837199	-13.750302	-50.065378	13.750302	98.964073	-37.375772	-36.347827	37.375772	53.399540	4.402895	
157	-0.652278	-4.785403	3.832251	-16.852941	-53.340304	16.852941	102.345351	-36.264369	-36.024741	36.264369	50.927900	4.435424	
158	-0.786597	-4.666975	3.826269	-20.557545	-56.628844	20.557545	105.695785	-35.501767	-35.463844	35.501767	48.214327	4.463313	
159	-0.895345	-4.507184	3.819039	-24.550150	-59.852641	24.550150	108.903724	-35.135051	-34.594717	35.135051	45.241290	4.486178	
160	-0.974629	-4.305853	3.810095	-28.468619	-62.952033	28.468619	111.902999	-35.211232	-33.382192	35.211232	42.037035	4.503776	
161	-1.019810	-4.066989	3.798824	-32.072088	-65.959496	32.072088	114.762468	-35.830708	-31.819728	35.830708	38.664158	4.516014	
162	-1.031285	-3.795550	3.784731	-35.212005	-68.914517	35.212005	117.587217	-37.036258	-29.904367	37.036258	35.153872	4.522869	
163	-1.011580	-3.494231	3.767711	-37.808255	-71.789405	37.808255	120.379641	-38.756467	-27.616735	38.756467	31.492909	4.524314	
164	-0.957735	-3.160951	3.748010	-39.972609	-74.549893	39.972609	123.025559	-40.897149	-24.924033	40.897149	27.659225	4.520367	
165	-0.864894	-2.794541	3.725978	-42.014678	-77.252129	42.014678	125.481730	-43.444074	-21.845341	43.444074	23.687247	4.511153	
166	-0.734579	-2.406623	3.701846	-44.258816	-80.066431	44.258816	128.015292	-46.445131	-18.512774	46.445131	19.707474	4.496969	
167	-0.572956	-2.018241	3.675694	-46.949997	-83.214441	46.949997	131.116592	-49.956888	-15.118685	49.956888	15.886316	4.478290	
168	-0.381285	-1.640658	3.647642	-50.396131	-86.899779	50.396131	135.143315	-54.093302	-11.807510	54.093302	12.333637	4.455743	
169	-0.158398	-1.272600	3.618017	-55.015290	-91.240263	55.015290	140.169975	-58.968019	-8.641753	58.968019	9.068988	4.430090	
170	0.087562	-0.915549	3.587307	-61.087927	-96.177600	61.087927	146.069543	-64.483867	-5.654636	64.483867	6.069800	4.402049	
171	0.341946	-0.579550	3.556000	-68.618807	-101.507086	68.618807	152.635505	-70.362316	-2.935113	70.362316	3.383824	4.372117	
172	0.593229	-0.275918	3.524446	-77.429767	-107.016163	77.429767	159.671245	-76.365199	-0.612674	76.365199	1.126109	4.340656	
173	0.835284	-0.004966	3.492826	-87.221374	-112.512021	87.221374	166.873504	-82.369645	1.318496	82.369645	-0.718083	4.307982	
174	1.067358	0.246521	3.461119	-97.578747	-117.764663	97.578747	173.721303	-88.315507	3.041691	88.315507	-2.342620	4.274280	
175	1.290293	0.488871	3.429174	-108.092498	-122.562935	108.092498	179.742062	-94.145603	4.695583	94.145603	-3.889300	4.239589	
176	1.500976	0.718760	3.396982	-118.614544	-126.854024	118.614544	184.827778	-99.815247	6.275962	99.815247	-5.351827	4.203917	
177	1.693867	0.928977	3.364732	-129.203440	-130.693999	129.203440	189.074686	-105.292397	7.765356	105.292397	-6.712828	4.167288	
178	1.868026	1.121789	3.332609	-139.751118	-134.049847	139.751118	192.401321	-110.512511	9.191760	110.512511	-7.999423	4.129743	
179	2.030307	1.310544	3.300652	-149.930004	-136.803969	149.930004	194.550886	-115.457687	10.620703	115.457687	-9.273525	4.091373	
180	2.187648	1.507901	3.268745	-159.460910	-138.911270	159.460910	195.404310	-120.215053	12.164785	120.215053	-10.651727	4.052332	
181	2.338674	1.714798	3.236627	-168.253923	-140.440614	168.253923	195.122107	-124.864834	13.894515	124.864834	-12.218804	4.012748	
182	2.479468	1.925438	3.203917	-176.319109	-141.492609	176.319109	193.965979	-129.430457	15.771659	129.430457	-13.947532	3.972739	
183	2.610364	2.137096	3.170183	-183.677561	-142.132647	183.677561	192.098339	-133.910724	17.754661	133.910724	-15.800594	3.932532	
184	2.731263	2.346980	3.134981	-190.353397	-142.396820	190.353397	189.629886	-138.253187	19.826634	138.253187	-17.765144	3.892443	
185	2.841402	2.548948	3.097881	-196.308517	-142.303391	196.308517	186.696563	-142.376288	21.891593	142.376288	-19.740653	3.852779	
186	2.946918	2.742876	3.058567	-201.424864	-141.848638	201.424864	183.369453	-146.285277	23.835533	146.285277	-21.594520	3.813881	
187	3.060803	2.938639	3.016947	-205.585982	-141.038122	205.585982	179.639737	-150.134367	25.670731	150.134367	-23.319984	3.776199	
188	3.193584	3.143668	2.973177	-208.735805	-139.911020	208.735805	175.556304	-154.074436	27.466845	154.074436	-24.974390	3.740308	
189	3.347421	3.354773	2.927730	-210.883375	-138.511843	210.883375	171.253427	-158.062256	29.223994	158.062256	-26.548312	3.706875	
190	3.518836	3.564843	2.881386	-212.091261	-136.909665	212.091261	166.910521	-161.975323	30.917436	161.975323	-28.013915	3.676515	
191	3.701392	3.764875	2.834890	-212.457927	-135.203575	212.457927	162.749493	-165.701534	32.516243	165.701534	-29.344539	3.649646	
192	3.886795	3.943136	2.788676	-212.048057	-133.424971	212.048057	158.907830	-169.040506	33.959322	169.040506	-30.485112	3.626449	
193	4.066398	4.091960	2.742983	-210.888126	-131.542941	210.888126	155.370610	-171.819198	35.241259	171.819198	-31.445853	3.606921	
194	4.232340	4.208801	2.698006	-209.028752	-129.554806	209.028752	152.084595	-174.007386	36.429087	174.007386	-32.316154	3.590932	
195	4.379770	4.295148	2.653782	-206.495602	-127.458937	206.495602	148.956742	-175.625728	37.590677	175.625728	-33.174599	3.578222	
196	4.505818	4.356822	2.610145	-203.177728	-125.192677	203.177728	145.805709	-176.671591	38.742428	176.671591	-34.039198	3.568424	
197	4.608311	4.396908	2.566903	-198.848886	-122.674080	198.848886	142.485059	-177.106039	39.824998	177.106039	-34.849109	3.561200	
198	4.689990	4.417418	2.523906	-193.402111	-119.919531	193.402111	138.985579	-176.986928	40.817837	176.986928	-35.579250	3.556326	
199	4.760909	4.433360	2.480904	-187.028038	-117.084541	187.028038	135.355966	-176.656776	41.878578	176.656776	-36.392463	3.553644	
200	4.834860	4.470180	2.437612	-180.167748	-114.376939	180.167748	131.640144	-176.606709	43.256277	176.606709	-37.552591	3.553094	
201	4.921825	4.543186	2.393930	-173.310483	-111.931461	173.310483	127.871219	-177.072027	45.079379	177.072027	-39.190856	3.554829	
202	5.022538	4.650053	2.350004	-166.583731	-109.711468	166.583731	123.967713	-177.873769	47.261111	177.873769	-41.201609	3.559181	
203	5.134371	4.781633	2.306168	-159.609869	-107.571701	159.609869	119.764700	-178.730336	49.616028	178.730336	-43.369724	3.566542	
204	5.258662	4.933761	2.262946	-152.013589	-105.445257	152.013589	115.215925	-179.628098	52.074384	179.628098	-45.611437	3.577288	
205	5.396864	5.110418	2.220902	-143.910476	-103.415498	143.910476	110.452482	-180.788127	54.706636	180.788127	-48.017399	3.591725	
206	5.546786	5.313560	2.180428	-135.802726	-101.653888	135.802726	105.753999	-182.356392	57.538386	182.356392	-50.643069	3.610090	
207	5.708231	5.536246	2.141690	-128.068090	-100.304199	128.068090	101.443911	-184.334589	60.506503	184.334589	-53.430245	3.632579	
208	5.886020	5.772708	2.104720	-120.688831	-99.381974	120.688831	97.677288	-186.752023	63.605124	186.752023	-56.365214	3.659312	
209	6.078693	6.018386	2.069471	-113.459867	-98.750128	113.459867	94.372481	-189.502264	66.837772	189.502264	-59.461033	3.690267	
210	6.273325	6.260448	2.035826	-106.149250	-98.199735	106.149250	91.369318	-192.196981	70.066718	192.196981	-62.597358	3.725225	
211	6.459285	6.488111	2.003601	-98.547305	-97.621493	98.547305	88.628587	-194.603207	73.151395	194.603207	-65.645772	3.763826	
212	6.635050	6.705222	1.972606	-90.658451	-97.057515	90.658451	86.241024	-196.895384	76.110460	196.895384	-68.645514	3.805693	
213	6.805125	6.925576	1.942642	-82.761352	-96.573552	82.761352	84.267471	-199.360229	79.057450	199.360229	-71.725974	3.850529	
214	6.976048	7.159153	1.913511	-75.159202	-96.153732	75.159202	82.670264	-202.068735	82.075732	202.068735	-74.960650	3.898127	
215	7.149118	7.402577	1.885077	-67.934480	-95.726917	67.934480	81.394172	-204.844463	85.147411	204.844463	-78.312694	3.948290	
216	7.321246	7.647703	1.857253	-61.052783	-95.257726	61.052783	80.403655	-207.521672	88.218277	207.521672	-81.713652	4.000784	
217	7.487598	7.890131	1.829976	-54.536269	-94.724136	54.536269	79.590594	-209.957001	91.238617	209.957001	-85.100482	4.055405	
218	7.642336	8.126961	1.803250	-48.265981	-94.038949	48.265981	78.724823	-211.933243	94.132547	211.933243	-88.379442	4.111994	
219	7.787303	8.360586	1.777158	-41.885783	-93.113003	41.885783	77.574808	-213.397204	96.880787	213.397204	-91.504905	4.170447	
220	7.933693	8.599766	1.751806	-35.057167	-91.925051	35.057167	76.022924	-214.529797	99.563965	214.529797	-94.530100	4.230728	
221	8.092566	8.855535	1.727310	-27.500518	-90.509104	27.500518	74.059780	-215.679107	102.289748	215.679107	-97.551859	4.292866	
222	8.265351	9.137552	1.703739	-19.104232	-88.982162	19.104232	71.818194	-217.269261	105.097208	217.269261	-100.620599	4.356975	
223	8.440938	9.443606	1.681059	-10.195320	-87.500207	10.195320	69.556912	-219.379333	107.870153	219.379333	-103.632282	4.423245	
224	8.608245	9.760244	1.659170	-1.183721	-86.113164	1.183721	67.435949	-221.685385	110.434709	221.685385	-106.405699	4.491799	
225	8.770180	10.079291	1.638006	7.788507	-84.776102	-7.788507	65.416261	-223.929046	112.756804	223.929046	-108.885201	4.562640	
226	8.937174	10.402501	1.617576	16.507754	-83.517707	-16.507754	63.474623	-226.132719	114.920773	226.132719	-111.138937	4.635727	
227	9.113060	10.734227	1.597945	24.636172	-82.467892	-24.636172	61.713352	-228.518140	116.972817	228.518140	-113.213196	4.711073	
228	9.297563	11.080542	1.579173	32.066564	-81.728272	-32.066564	60.215141	-231.344566	118.911055	231.344566	-115.109361	4.788807	
229	9.497267	11.451632	1.561259	38.765835	-81.381368	-38.765835	59.069263	-234.831155	120.783960	234.831155	-116.872458	4.869162	
230	9.714824	11.853090	1.544176	44.631841	-81.506626	-44.631841	58.430093	-239.094391	122.591735	239.094391	-118.506938	4.952400	
231	9.933644	12.276032	1.527948	49.924498	-82.029125	-49.924498	58.305897	-243.999026	124.113596	243.999026	-119.807729	5.038791	
232	10.130482	12.704041	1.512660	55.061898	-82.777378	-55.061898	58.612189	-249.310824	125.021849	249.310824	-120.459638	5.128682	
233	10.290334	13.123804	1.498401	59.999466	-83.658801	-59.999466	59.427246	-254.904799	125.063699	254.904799	-120.208171	5.222526	
234	10.410436	13.530333	1.485209	64.580178	-84.588855	-64.580178	60.854934	-260.693782	124.134247	260.693782	-118.930728	5.320771	
235	10.497076	13.927789	1.473105	68.817588	-85.480754	-68.817588	62.945541	-266.649362	122.251968	266.649362	-116.621230	5.423795	
236	10.553962	14.321202	1.462088	72.677867	-86.298177	-72.677867	65.769289	-272.821299	119.425170	272.821299	-113.259097	5.531945	
237	10.585491	14.708779	1.452072	76.576718	-86.866956	-76.576718	69.129412	-279.094665	115.665199	279.094665	-108.827981	5.645547	
238	10.604982	15.085574	1.442881	81.334688	-86.930447	-81.334688	72.640968	-285.162498	111.071044	285.162498	-103.417602	5.764817	
239	10.627305	15.450767	1.434319	87.153707	-86.426946	-87.153707	76.194384	-290.731192	105.766694	290.731192	-97.168834	5.889730	
240	10.660294	15.799591	1.426238	93.860027	-85.285943	-93.860027	79.675483	-295.301320	99.821655	295.301320	-90.217720	6.019994	
241	10.703649	16.120583	1.418566	101.504838	-83.321819	-101.504838	82.785488	-298.254548	93.246393	298.254548	-82.684357	6.155105	
242	10.749337	16.409973	1.411262	109.739102	-80.573630	-109.739102	85.580524	-299.449569	85.985043	299.449569	-74.594375	6.294464	
243	10.782717	16.665532	1.404259	117.708447	-77.250981	-117.708447	88.409944	-298.984428	77.929241	298.984428	-65.886126	6.437448	
244	10.790323	16.876072	1.397460	124.778740	-73.445352	-124.778740	91.384032	-296.721605	69.020465	296.721605	-56.564383	6.583389	
245	10.762627	17.025910	1.390773	130.688960	-69.163490	-130.688960	94.375635	-292.455592	59.281046	292.455592	-46.720432	6.731549	
246	10.699466	17.104141	1.384110	135.381602	-64.456846	-135.381602	97.237275	-286.158112	48.863808	286.158112	-36.574945	6.881084	
247	10.617471	17.112839	1.377358	138.965362	-59.412270	-138.965362	99.796265	-277.935564	38.112453	277.935564	-26.582945	7.030963	
248	10.532168	17.051941	1.370410	141.572319	-54.087038	-141.572319	101.805001	-267.743958	27.410045	267.743958	-17.275099	7.179902	
249	10.448809	16.912551	1.363191	143.324472	-48.513340	-143.324472	102.964472	-255.422940	17.089071	255.422940	-9.114887	7.326382	
250	10.378721	16.698096	1.355642	144.508010	-42.710979	-144.508010	102.951497	-240.989682	7.492596	240.989682	-2.570920	7.468684	
251	10.343031	16.428171	1.347732	145.500585	-36.737373	-145.500585	101.613146	-224.705068	-1.047012	224.705068	1.853356	7.604906	
252	10.362555	16.123617	1.339484	146.577639	-30.751608	-146.577639	99.171469	-207.028014	-8.314428	207.028014	3.742143	7.733074	
253	10.455856	15.801303	1.330963	148.002440	-24.911510	-148.002440	95.980608	-188.423571	-14.222824	188.423571	2.783819	7.851245	
254	10.645647	15.476534	1.322282	150.095098	-19.231171	-150.095098	92.170197	-169.101423	-18.702061	169.101423	-1.438901	7.957500	
255	10.957941	15.165588	1.313602	153.094738	-13.625070	-153.094738	87.772468	-149.081286	-21.749793	149.081286	-9.400874	8.049929	
256	11.407451	14.885773	1.305088	157.015523	-8.098216	-157.015523	83.198248	-128.575411	-23.694404	128.575411	-21.145819	8.126780	
257	11.988499	14.647464	1.296858	161.586129	-2.831020	-161.586129	79.366021	-108.165429	-25.231465	108.165429	-36.083220	8.186742	
258	12.688193	14.455105	1.288978	166.354435	1.934737	-166.354435	77.358224	-88.534162	-27.173405	88.534162	-53.344001	8.229074	
259	13.494380	14.311737	1.281478	170.830284	6.020144	-170.830284	78.063607	-70.148491	-30.311840	70.148491	-71.987576	8.253536	
260	14.384274	14.207692	1.274368	174.514712	9.294178	-174.514712	82.016996	-53.276554	-35.373357	53.276554	-90.891656	8.260335	
261	15.321254	14.121210	1.267614	176.969745	11.584953	-176.969745	89.493188	-38.195923	-42.902025	38.195923	-108.750947	8.250220	
262	16.264570	14.034983	1.261139	177.928126	12.668697	-177.928126	100.596655	-25.201539	-53.163940	25.201539	-124.209021	8.224644	
263	17.172250	13.939428	1.254882	177.345186	12.334419	-177.345186	115.141827	-14.462711	-66.146441	14.462711	-135.861350	8.185863	
264	17.997468	13.826731	1.248838	175.472276	10.433481	-175.472276	132.559512	-5.971493	-81.530429	5.971493	-142.276594	8.136906	
265	18.697795	13.691749	1.243024	172.807783	6.895637	-172.807783	152.000709	0.485590	-98.623667	-0.485590	-142.374283	8.081417	
266	19.249224	13.533533	1.237455	169.900511	1.767018	-169.900511	172.525748	5.360416	-116.430197	-5.360416	-135.827730	8.023362	
267	19.645058	13.350915	1.232169	167.337316	-4.663565	-167.337316	193.154655	9.340642	-133.789812	-9.340642	-123.168540	7.966582	
268	19.888215	13.141957	1.227255	165.723999	-11.821855	-165.723999	212.986885	13.200865	-149.553387	-13.200865	-105.609004	7.914390	
269	19.982780	12.902165	1.222802	165.402517	-19.043084	-165.402517	231.420725	17.501043	-162.757799	-17.501043	-84.687232	7.869491	
270	19.925307	12.615763	1.218856	166.257710	-25.745620	-166.257710	248.023135	22.493478	-172.592413	-22.493478	-62.140165	7.834136	
271	19.701590	12.252927	1.215413	167.742007	-31.427583	-167.742007	262.127228	28.306586	-178.215995	-28.306586	-40.047370	7.810117	
272	19.286901	11.771823	1.212456	169.012799	-35.661514	-169.012799	272.529392	35.068303	-178.635331	-35.068303	-20.839777	7.798577	
273	18.651061	11.123134	1.209964	169.159769	-38.139598	-169.159769	277.445439	42.901973	-172.748247	-42.901973	-7.029798	7.799757	
274	17.766542	10.256202	1.207878	167.429525	-38.697652	-167.429525	274.602558	51.941565	-159.447667	-51.941565	-0.880004	7.812555	
275	16.615843	9.123611	1.206094	163.378808	-37.353901	-163.378808	261.449256	62.294623	-137.780038	-62.294623	-4.033989	7.834043	
276	15.202672	7.693543	1.204527	156.936476	-34.378147	-156.936476	235.793095	73.909533	-107.311890	-73.909533	-17.023402	7.859390	
277	13.561604	5.964966	1.203177	148.484756	-30.316737	-148.484756	196.720821	86.498893	-68.528960	-86.498893	-38.936006	7.882426	
278	11.751954	3.967550	1.202090	138.946630	-25.895769	-138.946630	145.095380	99.594119	-22.901952	-99.594119	-67.584042	7.896569	
279	9.840211	1.749140	1.201230	129.691144	-21.829595	-129.691144	83.402818	112.666892	27.335980	-112.666892	-100.028015	7.895691	
280	7.893799	-0.627522	1.200433	122.330766	-18.693591	-122.330766	15.665543	125.189693	79.294127	-125.189693	-132.981732	7.874840	
281	5.984332	-3.077626	1.199517	118.482273	-16.868894	-118.482273	-52.529827	136.655663	129.535873	-136.655663	-163.159906	7.830889	
282	4.179173	-5.499912	1.198347	119.328956	-16.462967	-119.328956	-114.824749	146.660283	174.595564	-146.660283	-187.838471	7.762915	
283	2.526925	-7.796722	1.196809	125.070417	-17.249822	-125.070417	-165.618912	155.009340	211.686610	-155.009340	-205.371353	7.672049	
284	1.056024	-9.888685	1.194812	134.701184	-18.715476	-134.701184	-201.289844	161.762685	239.119694	-161.762685	-215.281392	7.560893	
285	-0.221266	-11.719134	1.192345	146.409838	-20.193632	-146.409838	-220.565451	167.182907	256.311764	-167.182907	-217.971515	7.432911	
286	-1.312736	-13.250320	1.189466	158.299972	-20.967659	-158.299972	-224.273279	171.707852	263.609615	-171.707852	-214.418984	7.291979	
287	-2.241412	-14.456523	1.186262	168.935779	-20.334914	-168.935779	-214.957299	175.966602	262.069442	-175.966602	-205.941750	7.141976	
288	-3.031040	-15.329343	1.182880	177.600869	-17.724081	-177.600869	-196.610110	180.680493	253.263052	-180.680493	-193.994913	6.986425	
289	-3.704703	-15.886701	1.179500	184.590401	-12.799500	-184.590401	-174.044310	186.496782	239.072248	-186.496782	-180.014690	6.828184	
290	-4.287147	-16.166263	1.176159	191.389252	-5.491499	-191.389252	-151.748698	193.878817	221.328332	-193.878817	-165.222352	6.669229	
291	-4.794051	-16.213379	1.172738	200.007645	3.987511	-200.007645	-133.077831	203.011225	201.493330	-203.011225	-150.447665	6.510671	
292	-5.221406	-16.073973	1.169073	211.700512	15.117196	-211.700512	-120.108408	213.706741	180.633532	-213.706741	-136.121737	6.352992	
293	-5.552860	-15.791608	1.165029	226.064195	27.130095	-226.064195	-113.823911	225.432076	159.555976	-225.432076	-122.420589	6.196310	
294	-5.771453	-15.402029	1.160560	241.028503	39.159269	-241.028503	-114.218870	237.427148	138.835623	-237.427148	-109.364321	6.040580	
295	-5.855343	-14.920746	1.155715	253.606591	50.330092	-253.606591	-120.282720	248.751670	118.774416	-248.751670	-96.812883	5.885878	
296	-5.778452	-14.346858	1.150551	260.813322	59.827085	-260.813322	-130.336801	258.393065	99.532978	-258.393065	-84.578765	5.732758	
297	-5.528262	-13.680403	1.145057	260.563424	67.033414	-260.563424	-142.519242	265.571628	81.312674	-265.571628	-72.623040	5.582312	
298	-5.114189	-12.924463	1.139196	252.524179	71.650405	-252.524179	-155.008359	269.947249	64.371682	-269.947249	-61.089189	5.435920	
299	-4.562395	-12.083104	1.132979	238.254532	73.717085	-238.254532	-166.246194	271.549238	48.965934	-271.549238	-50.220877	5.294962	
300	-3.910794	-11.163644	1.126480	220.421383	73.557688	-220.421383	-175.236658	270.631554	35.319848	-270.631554	-40.298614	5.160634	
301	-3.202098	-10.175781	1.119806	201.721381	71.649299	-201.721381	-181.606751	267.565543	23.599348	-267.565543	-31.584511	5.033915	
302	-2.480161	-9.133271	1.113112	184.213044	68.495825	-184.213044	-185.428680	262.744676	13.891422	-262.744676	-24.288867	4.915526	
303	-1.791723	-8.055390	1.106646	169.149522	64.586927	-169.149522	-187.078287	256.524916	6.213342	-256.524916	-18.570929	4.805858	
304	-1.179193	-6.964656	1.100742	157.025212	60.351171	-157.025212	-187.044127	249.180762	0.500044	-249.180762	-14.508693	4.705002	
305	-0.667222	-5.881587	1.095732	147.818323	56.081651	-147.818323	-185.645084	240.842603	-3.424225	-240.842603	-12.048391	4.612910	
306	-0.259417	-4.818693	1.091861	141.295785	51.922003	-141.295785	-182.949898	231.512630	-5.820122	-231.512630	-11.007664	4.529615	
307	0.054301	-3.785890	1.089248	137.205168	47.926878	-137.205168	-178.882501	221.206226	-6.979015	-221.206226	-11.120606	4.455376	
308	0.291327	-2.801817	1.087820	135.449230	44.098540	-135.449230	-173.269313	210.061576	-7.200813	-210.061576	-12.074434	4.390654	
309	0.468630	-1.892014	1.087276	136.097015	40.422844	-136.097015	-166.027798	198.356319	-6.759378	-198.356319	-13.567147	4.335885	
310	0.594857	-1.078608	1.087230	139.100424	36.955200	-139.100424	-157.500117	186.469165	-5.848879	-186.469165	-15.369158	4.291213	
311	0.677472	-0.379397	1.087412	144.227963	33.785544	-144.227963	-148.211307	174.786865	-4.610329	-174.786865	-17.310637	4.256364	
312	0.731312	0.184996	1.087700	151.204472	30.916684	-151.204472	-138.384161	163.641719	-3.182158	-163.641719	-19.265024	4.230594	
313	0.771799	0.591735	1.088015	159.443873	28.291944	-159.443873	-128.196360	153.306372	-1.662270	-153.306372	-21.185937	4.212633	
314	0.805696	0.824716	1.088236	167.653691	25.893600	-167.653691	-118.290144	144.010700	-0.044088	-144.010700	-23.122263	4.200717	
315	0.834186	0.883343	1.088171	173.825366	23.732412	-173.825366	-109.708892	135.925061	1.773331	-135.925061	-25.173062	4.192751	
316	0.863555	0.787331	1.087601	175.554992	21.783573	-175.554992	-103.475086	129.051756	3.908310	-129.051756	-27.411916	4.186511	
317	0.906599	0.572658	1.086356	170.600555	19.996755	-170.600555	-100.333169	123.210027	6.441589	-123.210027	-29.846909	4.179902	
318	0.974893	0.279792	1.084342	157.564798	18.361850	-157.564798	-100.721173	118.209224	9.419730	-118.209224	-32.448184	4.171165	
319	1.071585	-0.052064	1.081542	136.327966	16.943200	-136.327966	-104.776149	113.938060	12.880467	-113.938060	-35.174561	4.158974	
320	1.191171	-0.383222	1.078016	108.163253	15.842837	-108.163253	-112.209304	110.280172	16.830605	-110.280172	-37.950945	4.142482	
321	1.325469	-0.678816	1.073886	75.635499	15.143935	-75.635499	-122.233612	107.094103	21.197204	-107.094103	-40.669007	4.121334	
322	1.463422	-0.913587	1.069315	42.132362	14.925618	-42.132362	-133.808307	104.301538	25.842137	-104.301538	-43.230129	4.095583	
323	1.593460	-1.070659	1.064445	11.213678	15.249786	-11.213678	-145.793682	101.877275	30.581390	-101.877275	-45.565015	4.065640	
324	1.716070	-1.143341	1.059351	-14.060366	16.061667	14.060366	-156.905767	99.720143	35.182460	-99.720143	-47.627272	4.032228	
325	1.840940	-1.129613	1.054042	-31.657162	17.190897	31.657162	-165.895891	97.621768	39.405693	-97.621768	-49.378221	3.996224	
326	1.970023	-1.027703	1.048478	-40.750822	18.464922	40.750822	-171.891996	95.412770	43.062999	-95.412770	-50.792937	3.958558	
327	2.095629	-0.847059	1.042614	-41.744189	19.767599	41.744189	-174.610610	93.086305	46.056352	-93.086305	-51.895627	3.920196	
328	2.209172	-0.612690	1.036431	-36.072900	21.030361	36.072900	-174.329441	90.752095	48.382118	-90.752095	-52.760412	3.882033	
329	2.304601	-0.358977	1.029914	-25.778952	22.237814	25.778952	-171.749587	88.533318	50.107711	-88.533318	-53.479889	3.844701	
330	2.378344	-0.122945	1.023032	-13.042105	23.416199	13.042105	-167.715092	86.484238	51.334508	-86.484238	-54.132055	3.808456	
331	2.426275	0.072231	1.015754	0.316206	24.556012	-0.316206	-162.751573	84.525653	52.137957	-84.525653	-54.733183	3.773277	
332	2.440507	0.223618	1.008043	13.013123	25.594938	-13.013123	-157.044564	82.515520	52.563814	-82.515520	-55.255294	3.739082	
333	2.411094	0.326361	0.999888	24.066748	26.511880	-24.066748	-150.896686	80.418465	52.707544	-80.418465	-55.719441	3.705756	
334	2.328110	0.362227	0.991359	32.712251	27.368739	-32.712251	-144.843601	78.328962	52.737041	-78.328962	-56.213286	3.672971	
335	2.182557	0.311883	0.982526	38.523024	28.263997	-38.523024	-139.448733	76.360366	52.849119	-76.360366	-56.842833	3.640062	
336	1.969546	0.159142	0.973425	41.388332	29.289146	-41.388332	-135.175083	74.565157	53.228854	-74.565157	-57.698913	3.606032	
337	1.693903	-0.106074	0.964145	41.497044	30.488947	-41.497044	-132.251909	72.914363	53.973253	-72.914363	-58.791459	3.569590	
338	1.372605	-0.475308	0.954842	39.363431	31.839501	-39.363431	-130.624856	71.345506	55.033654	-71.345506	-60.002606	3.529392	
339	1.030905	-0.922025	0.945698	35.691949	33.258337	-35.691949	-130.044895	69.811191	56.253759	-69.811191	-61.132212	3.484425	
340	0.695315	-1.418027	0.936876	31.195503	34.637835	-31.195503	-130.167189	68.278257	57.451531	-68.278257	-61.981023	3.434193	
341	0.386486	-1.942676	0.928415	26.496429	35.895976	-26.496429	-130.641478	66.728145	58.474752	-66.728145	-62.404748	3.378594	
342	0.116169	-2.474332	0.920233	22.101831	36.976238	-22.101831	-131.084467	65.150047	59.184274	-65.150047	-62.293265	3.317769	
343	-0.114449	-2.980619	0.912242	18.435695	37.817651	-18.435695	-131.038777	63.554039	59.436245	-63.554039	-61.543451	3.252154	
344	-0.313887	-3.428070	0.904380	15.758894	38.384915	-15.758894	-130.182987	61.996446	59.143702	-61.996446	-60.118344	3.182522	
345	-0.489435	-3.797354	0.896571	14.049024	38.691847	-14.049024	-128.482101	60.530066	58.300966	-60.530066	-58.082348	3.109814	
346	-0.638892	-4.078841	0.888728	13.102095	38.751242	-13.102095	-125.997057	59.140909	56.925448	-59.140909	-55.541470	3.034982	
347	-0.755936	-4.261575	0.880775	12.705174	38.554452	-12.705174	-122.770781	57.772923	55.039246	-57.772923	-52.603374	2.959036	
348	-0.837802	-4.335808	0.872595	12.678782	38.115095	-12.678782	-118.946116	56.385728	52.702142	-56.385728	-49.393164	2.883084	
349	-0.887820	-4.301849	0.864051	12.854304	37.485904	-12.854304	-114.785938	54.972678	50.029657	-54.972678	-46.067408	2.808260	
350	-0.914613	-4.171457	0.855147	13.067432	36.734052	-13.067432	-110.564673	53.542683	47.176785	-53.542683	-42.797937	2.735598	
351	-0.929651	-3.962655	0.846042	13.175951	35.922857	-13.175951	-106.501921	52.090920	44.302031	-52.090920	-39.738822	2.665911	
352	-0.946896	-3.699126	0.836881	13.061346	35.119231	-13.061346	-102.766701	50.608708	41.552428	-50.608708	-37.018087	2.599692	
353	-0.980159	-3.403707	0.827786	12.658883	34.378997	-12.658883	-99.456274	49.115159	39.039405	-49.115159	-34.720871	2.537071	
354	-1.036754	-3.085314	0.818997	11.994454	33.710017	-11.994454	-96.555763	47.637117	36.803865	-47.637117	-32.857573	2.477944	
355	-1.119120	-2.754673	0.810775	11.090236	33.104831	-11.090236	-93.991005	46.166581	34.868818	-46.166581	-31.412095	2.422156	
356	-1.227822	-2.444006	0.803160	9.920168	32.586994	-9.920168	-91.674302	44.659607	33.290872	-44.659607	-30.390235	2.369373	
357	-1.358585	-2.189081	0.796010	8.512680	32.185398	-8.512680	-89.495461	43.068889	32.100354	-43.068889	-29.769158	2.318888	
358	-1.502856	-2.011330	0.789190	6.953233	31.907187	-6.953233	-87.348046	41.361277	31.256949	-41.361277	-29.466250	2.269769	
359	-1.651642	-1.920106	0.782582	5.330095	31.742590	-5.330095	-85.165936	39.531101	30.685925	-39.531101	-29.378224	2.221127	
360	-1.797407	-1.919526	0.776097	3.748748	31.674803	-3.748748	-82.923046	37.606897	30.315670	-37.606897	-29.415665	2.172197	
361	-1.934570	-2.007848	0.769741	2.330753	31.669254	-2.330753	-80.581644	35.612629	30.073950	-35.612629	-29.498153	2.122303	
362	-2.063164	-2.166181	0.763546	1.172052	31.668419	-1.172052	-78.107328	33.567598	29.887633	-33.567598	-29.549892	2.070885	
363	-2.187767	-2.364431	0.757448	0.312697	31.625185	-0.312697	-75.531117	31.519075	29.700911	-31.519075	-29.510964	2.017544	
364	-2.306034	-2.578959	0.751284	-0.266308	31.507523	0.266308	-72.874567	29.506322	29.456095	-29.506322	-29.319079	1.962039	
365	-2.406107	-2.791388	0.744948	-0.641407	31.273935	0.641407	-70.083555	27.532846	29.077354	-27.532846	-28.897763	1.904363	
366	-2.477543	-2.983929	0.738507	-0.918181	30.887479	0.918181	-67.119648	25.602725	28.510155	-25.602725	-28.195379	1.844853	
367	-2.517883	-3.145123	0.732121	-1.186045	30.341762	1.186045	-64.038071	23.743087	27.753846	-23.743087	-27.216975	1.784150	
368	-2.530613	-3.270505	0.725897	-1.505796	29.652696	1.505796	-60.944933	21.984406	26.847101	-21.984406	-26.009759	1.722990	
369	-2.522644	-3.362516	0.719873	-1.900762	28.850575	1.900762	-57.957582	20.352312	25.846393	-20.352312	-24.641346	1.662056	
370	-2.504485	-3.437870	0.714093	-2.355596	28.001810	2.355596	-55.226170	18.878663	24.821784	-18.878663	-23.197870	1.601874	
371	-2.488660	-3.515032	0.708529	-2.859559	27.180836	2.859559	-52.844589	17.570043	23.829978	-17.570043	-21.759702	1.542685	
372	-2.477497	-3.588229	0.703029	-3.397289	26.391336	3.397289	-50.698965	16.374447	22.858444	-16.374447	-20.340783	1.484486	
373	-2.456472	-3.635032	0.697431	-3.909263	25.579155	3.909263	-48.564828	15.229505	21.837300	-15.229505	-18.890191	1.427319	
374	-2.413237	-3.644806	0.691589	-4.329509	24.720634	4.329509	-46.339309	14.119492	20.728846	-14.119492	-17.383165	1.371478	
375	-2.349505	-3.622513	0.685359	-4.623632	23.838486	4.623632	-44.045516	13.055779	19.552451	-13.055779	-15.853433	1.317370	
376	-2.270151	-3.574778	0.678662	-4.781340	22.955253	4.781340	-41.705152	12.040813	18.337139	-12.040813	-14.341601	1.265327	
377	-2.179478	-3.510058	0.671482	-4.796364	22.083626	4.796364	-39.327370	11.073650	17.106390	-11.073650	-12.877252	1.215543	
378	-2.085548	-3.443134	0.663879	-4.654999	21.244124	4.654999	-36.940137	10.159192	15.884935	-10.159192	-11.490885	1.168021	
379	-1.997158	-3.382527	0.656038	-4.360163	20.452389	4.360163	-34.549498	9.293726	14.684526	-9.293726	-10.203321	1.122549	
380	-1.913794	-3.319737	0.648151	-3.947425	19.690791	3.947425	-32.100332	8.457220	13.488508	-8.457220	-9.002061	1.078855	
381	-1.826902	-3.243986	0.640322	-3.446450	18.930063	3.446450	-29.538528	7.635343	12.275075	-7.635343	-7.855452	1.036854	
382	-1.736456	-3.159572	0.632653	-2.858858	18.174452	2.858858	-26.882179	6.836593	11.048875	-6.836593	-6.760167	0.996692	
383	-1.652847	-3.070838	0.625270	-2.204406	17.442620	2.204406	-24.184842	6.078771	9.828567	-6.078771	-5.741915	0.958569	
384	-1.583058	-2.958199	0.618222	-1.561582	16.719239	1.561582	-21.498864	5.376672	8.629871	-5.376672	-4.822853	0.922642	
385	-1.525586	-2.794912	0.611463	-1.032094	15.967362	1.032094	-18.902525	4.738113	7.480268	-4.738113	-4.016395	0.889046	
386	-1.474540	-2.591522	0.604919	-0.654880	15.191666	0.654880	-16.483053	4.152958	6.425349	-4.152958	-3.327343	0.857824	
387	-1.427432	-2.395089	0.598513	-0.375758	14.448710	0.375758	-14.277120	3.600313	5.501720	-3.600313	-2.749062	0.828763	
388	-1.389826	-2.241760	0.592163	-0.121203	13.785903	0.121203	-12.277755	3.070882	4.717540	-3.070882	-2.274659	0.801421	
389	-1.367230	-2.137731	0.585829	0.138755	13.211846	-0.138755	-10.466793	2.563595	4.060094	-2.563595	-1.893042	0.775321	
390	-1.356183	-2.073448	0.579515	0.407982	12.711664	-0.407982	-8.813145	2.073704	3.505523	-2.073704	-1.576284	0.750121	
391	-1.348644	-2.035676	0.573177	0.684851	12.265735	-0.684851	-7.287646	1.598937	3.029596	-1.598937	-1.293024	0.725677	
392	-1.341448	-2.016189	0.566717	0.962955	11.869600	-0.962955	-5.888522	1.143865	2.620220	-1.143865	-1.029028	0.701974	
393	-1.336209	-2.013685	0.560121	1.237769	11.531202	-1.237769	-4.628878	0.713530	2.274141	-0.713530	-0.782081	0.679002	
394	-1.330123	-2.024825	0.553476	1.504440	11.244090	-1.504440	-3.506195	0.309636	1.981777	-0.309636	-0.540700	0.656754	
395	-1.317443	-2.040166	0.546837	1.737505	10.983289	-1.737505	-2.512899	-0.066135	1.730145	0.066135	-0.292384	0.635311	
396	-1.299537	-2.052588	0.540146	1.893186	10.730404	-1.893186	-1.659051	-0.412031	1.516363	0.412031	-0.044363	0.614828	
397	-1.281896	-2.062024	0.533242	1.945165	10.482422	-1.945165	-0.953070	-0.729997	1.341731	0.729997	0.190752	0.595407	
398	-1.266593	-2.069626	0.525979	1.895386	10.236840	-1.895386	-0.385213	-1.023630	1.202012	1.023630	0.411628	0.577053	
399	-1.251073	-2.072010	0.518360	1.754310	9.983039	-1.754310	0.064423	-1.293804	1.088576	1.293804	0.625843	0.559757	
400	-1.227589	-2.060822	0.510535	1.533042	9.704548	-1.533042	0.419776	-1.537568	0.991332	1.537568	0.847772	0.543631	
401	-1.187660	-2.025559	0.502661	1.240045	9.384089	-1.240045	0.696693	-1.749042	0.905863	1.749042	1.085523	0.528922	
402	-1.130273	-1.962099	0.494852	0.882860	9.014751	-0.882860	0.895367	-1.925466	0.839094	1.925466	1.325469	0.515818	
403	-1.062283	-1.884540	0.487274	0.487532	8.614003	-0.487532	1.018454	-2.076959	0.799752	2.076959	1.546243	0.504292	
404	-0.991569	-1.817319	0.480097	0.097691	8.212482	-0.097691	1.085145	-2.221811	0.784621	2.221811	1.741447	0.494210	
405	-0.921375	-1.772735	0.473315	-0.249609	7.824756	0.249609	1.121914	-2.368482	0.778814	2.368482	1.917718	0.485500	
406	-0.852567	-1.748826	0.466771	-0.535691	7.450591	0.535691	1.151862	-2.515119	0.766560	2.515119	2.080994	0.478165	
407	-0.787642	-1.738462	0.460353	-0.759916	7.090800	0.759916	1.195589	-2.661839	0.737926	2.661839	2.232585	0.472205	
408	-0.726549	-1.729097	0.454082	-0.933346	6.740371	0.933346	1.272454	-2.806471	0.687716	2.806471	2.373523	0.467579	
409	-0.662730	-1.704759	0.448056	-1.067550	6.384372	1.067550	1.391387	-2.935689	0.615251	2.935689	2.507293	0.464214	
410	-0.587098	-1.654646	0.442303	-1.167335	6.011968	1.167335	1.543353	-3.032085	0.526122	3.032085	2.638533	0.462027	
411	-0.493375	-1.577841	0.436705	-1.230771	5.623657	1.230771	1.706265	-3.083817	0.429723	3.083817	2.769041	0.460931	
412	-0.378827	-1.479750	0.431088	-1.252968	5.225160	1.252968	1.854903	-3.084544	0.334103	3.084544	2.897002	0.460811	
413	-0.241690	-1.364156	0.425382	-1.231137	4.821828	1.231137	1.969513	-3.029425	0.243214	3.029425	3.020940	0.461494	
414	-0.078041	-1.226309	0.419706	-1.168435	4.414762	1.168435	2.040711	-2.909153	0.157778	2.909153	3.141381	0.462748	
415	0.120277	-1.056307	0.414299	-1.070957	4.000413	1.070957	2.063023	-2.708003	0.077582	2.708003	3.262503	0.464239	
416	0.361984	-0.853821	0.409402	-0.942436	3.580354	0.942436	2.024191	-2.414092	0.001548	2.414092	3.393041	0.465561	
417	0.648929	-0.634484	0.405192	-0.781852	3.167472	0.781852	1.908168	-2.029172	-0.073993	2.029172	3.541990	0.466411	
418	0.974871	-0.417004	0.401776	-0.578052	2.775689	0.578052	1.708885	-1.565799	-0.154981	1.565799	3.715655	0.466722	
419	1.330504	-0.205958	0.399199	-0.314896	2.405759	0.314896	1.441154	-1.038080	-0.246849	1.038080	3.917508	0.466591	
420	1.706447	0.007019	0.397501	0.009185	2.044862	-0.009185	1.136405	-0.458690	-0.351653	0.458690	4.147926	0.466101	
421	2.091708	0.225582	0.396870	0.376346	1.679814	-0.376346	0.825634	0.152109	-0.466760	-0.152109	4.406594	0.465260	
422	2.472564	0.443552	0.397704	0.756446	1.308066	-0.756446	0.534767	0.759550	-0.585539	-0.759550	4.695741	0.464112	
423	2.825879	0.648078	0.400391	1.108433	0.946126	-1.108433	0.298853	1.309132	-0.698584	-1.309132	5.011963	0.462840	
424	3.120236	0.820183	0.405018	1.395362	0.623941	-1.395362	0.150955	1.741396	-0.795983	-1.741396	5.336257	0.461731	
425	3.271245	0.905158	0.411363	1.556129	0.428259	-1.556129	0.129381	1.936680	-0.849558	-1.936680	5.591853	0.461025	
426	3.300050	0.914180	0.418574	1.608805	0.353525	-1.608805	0.178368	1.946747	-0.859613	-1.946747	5.762923	0.460795	
