kww	// User ID
28-6-2021	// Evaluation date
p31_warmup_007	28-6-2021	17:19:13:159	// Source file name and timestamp
357.143	// Sampling rate
1.056	// Data capture period

1.960000	// height
90.100000	// mass


Sample #	elbVar	shldrIR	LwristLinVelo	thorJFPd	thorSTPd	UaJFPp	UaSTPp	UaJFPd	UaSTPd	FaJFPp	FaSTPp	RwristLinVelo	
0	2.236459	0.567529	1.610343	37.553973	0.054429	-37.553973	2.253147	10.402368	2.738236	-10.402368	-18.198662	1.840779	
1	2.268809	0.458378	1.599687	36.326484	0.117927	-36.326484	2.701500	9.829886	2.680416	-9.829886	-18.862683	1.833808	
2	2.354659	0.394935	1.588460	35.626284	0.177257	-35.626284	2.962162	9.348694	2.765605	-9.348694	-19.837182	1.824011	
3	2.215912	0.140781	1.577474	33.073160	0.328365	-33.073160	3.354807	8.932186	2.282871	-8.932186	-19.356193	1.812128	
4	1.994384	-0.166856	1.568130	30.156848	0.526049	-30.156848	3.679489	8.687057	1.593559	-8.687057	-18.294891	1.799617	
5	1.713009	-0.508816	1.561002	27.135074	0.758963	-27.135074	3.972898	8.618230	0.736118	-8.618230	-16.808904	1.787314	
6	1.418995	-0.845461	1.556374	24.297887	0.993411	-24.297887	4.256336	8.689977	-0.189930	-8.689977	-15.208988	1.775812	
7	1.132006	-1.153801	1.554247	21.763287	1.205856	-21.763287	4.571396	8.859556	-1.137013	-8.859556	-13.611325	1.765447	
8	0.857954	-1.411439	1.554454	19.651106	1.380329	-19.651106	4.940370	9.085767	-2.058970	-9.085767	-12.008724	1.756506	
9	0.600404	-1.601025	1.556692	18.040775	1.506563	-18.040775	5.347152	9.339758	-2.909180	-9.339758	-10.393310	1.749353	
10	0.370262	-1.722050	1.560677	16.991396	1.588023	-16.991396	5.754270	9.633809	-3.657480	-9.633809	-8.870492	1.744258	
11	0.182180	-1.788058	1.566281	16.512818	1.638969	-16.512818	6.120348	9.990404	-4.286284	-9.990404	-7.593915	1.741115	
12	0.042325	-1.815829	1.573453	16.512946	1.671695	-16.512946	6.419885	10.401084	-4.784210	-10.401084	-6.628698	1.739491	
13	-0.054472	-1.819767	1.582021	16.903270	1.697038	-16.903270	6.655826	10.857710	-5.163561	-10.857710	-5.953000	1.738923	
14	-0.117681	-1.809481	1.591646	17.637323	1.725534	-17.637323	6.840344	11.373415	-5.455255	-11.373415	-5.520839	1.739008	
15	-0.157041	-1.800837	1.601889	18.538630	1.762150	-18.538630	7.006811	11.943276	-5.693929	-11.943276	-5.278293	1.739405	
16	-0.181453	-1.819179	1.612335	19.378702	1.808686	-19.378702	7.235695	12.538246	-5.923665	-12.538246	-5.175669	1.739806	
17	-0.197486	-1.883620	1.622697	20.113052	1.869743	-20.113052	7.624032	13.156961	-6.199269	-13.156961	-5.184719	1.739871	
18	-0.206488	-1.995359	1.632866	20.839308	1.949082	-20.839308	8.229091	13.819328	-6.562536	-13.819328	-5.303832	1.739234	
19	-0.204070	-2.125053	1.642847	21.665676	2.038084	-21.665676	8.990171	14.516154	-7.000345	-14.516154	-5.528319	1.737616	
20	-0.182738	-2.223725	1.652659	22.691855	2.120382	-22.691855	9.728669	15.227626	-7.450581	-15.227626	-5.856414	1.734861	
21	-0.139135	-2.272145	1.662261	23.951901	2.191032	-23.951901	10.329079	15.946187	-7.875161	-15.946187	-6.303538	1.730806	
22	-0.081728	-2.298688	1.671594	25.286905	2.257168	-25.286905	10.867062	16.663737	-8.302622	-16.663737	-6.844800	1.725276	
23	-0.022459	-2.334438	1.680653	26.472056	2.324291	-26.472056	11.470552	17.385316	-8.785568	-17.385316	-7.426659	1.718161	
24	0.039384	-2.381384	1.689504	27.393254	2.387852	-27.393254	12.162364	18.107324	-9.338897	-18.107324	-8.060940	1.709288	
25	0.116299	-2.424088	1.698287	28.038676	2.437269	-28.038676	12.880321	18.780715	-9.928706	-18.780715	-8.819761	1.698266	
26	0.213774	-2.433902	1.707190	28.641850	2.472285	-28.641850	13.458898	19.397331	-10.492427	-19.397331	-9.701154	1.684594	
27	0.317985	-2.387889	1.716306	29.518205	2.502843	-29.518205	13.686514	20.023853	-10.966285	-20.023853	-10.555156	1.667995	
28	0.414817	-2.298336	1.725600	30.663296	2.532731	-30.663296	13.534127	20.655951	-11.308694	-20.655951	-11.255413	1.648676	
29	0.513209	-2.187295	1.734998	31.944751	2.560787	-31.944751	13.118106	21.197508	-11.501452	-21.197508	-11.885480	1.627036	
30	0.629117	-2.064285	1.744469	33.300424	2.587365	-33.300424	12.538534	21.581600	-11.565617	-21.581600	-12.605824	1.603137	
31	0.761030	-1.943491	1.754113	34.613553	2.612338	-34.613553	11.910225	21.787718	-11.565125	-21.787718	-13.439324	1.576708	
32	0.895271	-1.840821	1.764203	35.754062	2.638099	-35.754062	11.346758	21.819952	-11.561674	-21.819952	-14.288227	1.547488	
33	1.019289	-1.763123	1.774962	36.613320	2.671063	-36.613320	10.915943	21.703212	-11.595372	-21.703212	-15.046429	1.515369	
34	1.122046	-1.710535	1.786380	37.100712	2.714968	-37.100712	10.633859	21.474641	-11.686901	-21.474641	-15.612079	1.480457	
35	1.192731	-1.674852	1.798338	37.211673	2.765365	-37.211673	10.423838	21.177820	-11.816105	-21.177820	-15.870713	1.443088	
36	1.228413	-1.642354	1.810809	36.990926	2.814760	-36.990926	10.174861	20.824428	-11.929019	-20.824428	-15.771433	1.403805	
37	1.236486	-1.607031	1.823867	36.434668	2.864277	-36.434668	9.883696	20.390021	-12.004476	-20.390021	-15.377765	1.363280	
38	1.226067	-1.574386	1.837634	35.541943	2.922394	-35.541943	9.652570	19.862582	-12.084161	-19.862582	-14.790471	1.322074	
39	1.202517	-1.547549	1.852254	34.404658	2.990060	-34.404658	9.532011	19.248808	-12.200248	-19.248808	-14.061301	1.280497	
40	1.170182	-1.521477	1.867876	33.114772	3.056458	-33.114772	9.476956	18.546547	-12.326505	-18.546547	-13.209818	1.238827	
41	1.134430	-1.496834	1.884567	31.693112	3.114112	-31.693112	9.490424	17.748502	-12.440062	-17.748502	-12.272080	1.197393	
42	1.096091	-1.484615	1.902194	30.196246	3.167544	-30.196246	9.662246	16.869346	-12.556873	-16.869346	-11.261264	1.156444	
43	1.050225	-1.490313	1.920524	28.697870	3.213259	-28.697870	9.998250	15.931525	-12.657819	-15.931525	-10.140872	1.116341	
44	0.998927	-1.507386	1.939424	27.142331	3.228988	-27.142331	10.392143	14.918793	-12.671831	-14.918793	-8.930520	1.077760	
45	0.955284	-1.528345	1.958901	25.446849	3.199866	-25.446849	10.796023	13.791699	-12.563589	-13.791699	-7.743253	1.041312	
46	0.927197	-1.547237	1.978975	23.660380	3.132501	-23.660380	11.206673	12.549949	-12.346529	-12.549949	-6.657347	1.007248	
47	0.912037	-1.555789	1.999616	21.883517	3.038799	-21.883517	11.563999	11.228066	-12.031633	-11.228066	-5.674978	0.975639	
48	0.905927	-1.550646	2.020826	20.199066	2.930683	-20.199066	11.838765	9.859102	-11.642356	-9.859102	-4.781786	0.946450	
49	0.905099	-1.535848	2.042647	18.699196	2.826953	-18.699196	12.091712	8.486658	-11.233502	-8.486658	-3.950242	0.919534	
50	0.907212	-1.513144	2.065082	17.446622	2.743594	-17.446622	12.371036	7.156992	-10.838993	-7.156992	-3.154966	0.894787	
51	0.915344	-1.478310	2.088011	16.399733	2.680525	-16.399733	12.647827	5.883878	-10.445517	-5.883878	-2.406371	0.872212	
52	0.933780	-1.423768	2.111149	15.454347	2.629703	-15.454347	12.846316	4.661077	-10.036656	-4.661077	-1.724522	0.851785	
53	0.963486	-1.339215	2.134194	14.548825	2.588519	-14.548825	12.864576	3.489145	-9.608858	-3.489145	-1.112714	0.833375	
54	1.003518	-1.216479	2.157067	13.651863	2.557843	-13.651863	12.604752	2.370337	-9.151262	-2.370337	-0.569425	0.816770	
55	1.051193	-1.065927	2.179894	12.705668	2.534500	-12.705668	12.119062	1.309277	-8.673972	-1.309277	-0.077001	0.801726	
56	1.102475	-0.923117	2.202744	11.626101	2.507320	-11.626101	11.691970	0.337966	-8.241698	-0.337966	0.419307	0.788172	
57	1.154695	-0.812925	2.225574	10.376804	2.465032	-10.376804	11.540640	-0.483926	-7.914978	0.483926	0.977980	0.776345	
58	1.205276	-0.714106	2.248316	9.041888	2.415025	-9.041888	11.516716	-1.108493	-7.683779	1.108493	1.615387	0.766607	
59	1.252685	-0.584780	2.270905	7.741223	2.377958	-7.741223	11.310662	-1.536072	-7.480516	1.536072	2.293288	0.759219	
60	1.300537	-0.406363	2.293347	6.531790	2.362763	-6.531790	10.791015	-1.823968	-7.232531	1.823968	2.943188	0.754197	
61	1.354924	-0.190914	2.315710	5.429303	2.361535	-5.429303	10.080030	-2.048685	-6.933031	2.048685	3.534845	0.751225	
62	1.416736	0.039022	2.338052	4.451233	2.363363	-4.451233	9.415835	-2.247068	-6.655762	2.247068	4.115081	0.749822	
63	1.475973	0.269666	2.360410	3.618729	2.367739	-3.618729	8.966445	-2.421651	-6.483472	2.421651	4.759372	0.749701	
64	1.518261	0.494212	2.382836	2.900312	2.379775	-2.900312	8.803536	-2.589006	-6.455952	2.589006	5.506747	0.750957	
65	1.534816	0.702770	2.405441	2.209699	2.397631	-2.209699	8.986611	-2.775151	-6.576078	2.775151	6.350993	0.753946	
66	1.518660	0.884443	2.428331	1.519629	2.416097	-1.519629	9.567479	-2.992091	-6.831104	2.992091	7.265831	0.759120	
67	1.462984	1.030410	2.451542	0.965359	2.433743	-0.965359	10.582209	-3.249600	-7.206082	3.249600	8.221313	0.766916	
68	1.370685	1.134162	2.475052	0.832285	2.448965	-0.832285	12.052254	-3.570240	-7.671979	3.570240	9.181122	0.777553	
69	1.255279	1.196852	2.498761	1.332957	2.457461	-1.332957	13.921150	-3.990677	-8.172362	3.990677	10.097368	0.790853	
70	1.133799	1.226021	2.522508	2.413960	2.457933	-2.413960	16.065867	-4.535769	-8.652836	4.535769	10.935390	0.806304	
71	1.025348	1.226474	2.546193	3.865712	2.452162	-3.865712	18.378855	-5.186389	-9.080757	5.186389	11.692178	0.823337	
72	0.944525	1.199042	2.569780	5.444434	2.438827	-5.444434	20.751332	-5.903120	-9.432407	5.903120	12.376942	0.841550	
73	0.890473	1.144078	2.593201	6.930936	2.415034	-6.930936	23.058445	-6.668537	-9.697351	6.668537	12.996000	0.860715	
74	0.852570	1.058201	2.616339	8.205621	2.378250	-8.205621	25.224405	-7.462245	-9.892476	7.462245	13.568772	0.880724	
75	0.822117	0.935079	2.639041	9.191090	2.324516	-9.191090	27.220209	-8.237631	-10.055957	8.237631	14.141074	0.901702	
76	0.795020	0.776500	2.661181	9.842000	2.252887	-9.842000	29.009832	-8.974095	-10.211607	8.974095	14.746672	0.923953	
77	0.775083	0.592563	2.682782	10.191180	2.165781	-10.191180	30.562260	-9.696965	-10.352231	9.696965	15.384229	0.947648	
78	0.775881	0.390354	2.703996	10.281516	2.059750	-10.281516	31.847909	-10.434493	-10.462585	10.434493	16.050313	0.972745	
79	0.808224	0.173775	2.725095	10.105197	1.926383	-10.105197	32.783816	-11.193491	-10.524073	11.193491	16.732547	0.999143	
80	0.857255	-0.042900	2.746420	9.530699	1.773397	-9.530699	33.291815	-11.968879	-10.516755	11.968879	17.370442	1.026737	
81	0.886431	-0.231826	2.768206	8.306973	1.633919	-8.306973	33.405807	-12.771270	-10.436386	12.771270	17.870080	1.055373	
82	0.880687	-0.375527	2.790474	6.323222	1.534707	-6.323222	33.238533	-13.614676	-10.298670	13.614676	18.189702	1.084769	
83	0.862256	-0.479828	2.813059	3.785678	1.475962	-3.785678	32.956415	-14.480961	-10.143858	14.480961	18.406462	1.114582	
84	0.853159	-0.551687	2.835756	1.014325	1.456255	-1.014325	32.760013	-15.353296	-10.015524	15.353296	18.620369	1.144591	
85	0.855573	-0.591907	2.858415	-1.777963	1.478394	1.777963	32.751573	-16.243232	-9.928937	16.243232	18.843384	1.174523	
86	0.869093	-0.611971	2.880932	-4.441990	1.527328	4.441990	32.896509	-17.149908	-9.886651	17.149908	19.060755	1.203934	
87	0.891297	-0.626921	2.903255	-6.865032	1.584038	6.865032	33.137492	-18.051561	-9.888779	18.051561	19.263842	1.232590	
88	0.908324	-0.638275	2.925370	-9.061597	1.652155	9.061597	33.479624	-18.936992	-9.930335	18.936992	19.417144	1.260611	
89	0.912080	-0.642106	2.947271	-11.122530	1.740214	11.122530	33.947983	-19.806085	-10.012578	19.806085	19.508570	1.288171	
90	0.918234	-0.642397	2.969024	-12.975099	1.837535	12.975099	34.565364	-20.654350	-10.143859	20.654350	19.603297	1.315420	
91	0.950599	-0.651795	2.990813	-14.382845	1.921973	14.382845	35.393386	-21.479389	-10.342757	21.479389	19.820205	1.342745	
92	1.013314	-0.678904	3.012888	-15.336725	1.978490	15.336725	36.424796	-22.292224	-10.621164	22.292224	20.224296	1.370858	
93	1.094453	-0.713360	3.035456	-16.143421	2.008368	16.143421	37.503853	-23.109133	-10.950736	23.109133	20.761133	1.400348	
94	1.185878	-0.736154	3.058576	-17.059527	2.022061	17.059527	38.493410	-23.945605	-11.289218	23.945605	21.347590	1.431352	
95	1.279618	-0.741152	3.082201	-18.173697	2.030809	18.173697	39.402158	-24.828492	-11.634653	24.828492	21.965678	1.463800	
96	1.367621	-0.736374	3.106343	-19.482638	2.041689	19.482638	40.329420	-25.796021	-12.023173	25.796021	22.665174	1.497704	
97	1.450301	-0.734262	3.131097	-20.841304	2.052196	20.841304	41.398463	-26.879219	-12.484084	26.879219	23.507188	1.533145	
98	1.524377	-0.742212	3.156480	-22.138127	2.060884	22.138127	42.683581	-28.092124	-13.007585	28.092124	24.473245	1.570135	
99	1.586831	-0.757094	3.182309	-23.410309	2.068369	23.410309	44.144096	-29.411845	-13.550940	29.411845	25.474705	1.608501	
100	1.649753	-0.773927	3.208234	-24.585387	2.059558	24.585387	45.687234	-30.777121	-14.076168	30.777121	26.460678	1.647991	
101	1.722550	-0.796508	3.233893	-25.496185	2.013384	25.496185	47.262144	-32.153055	-14.579376	32.153055	27.448789	1.688570	
102	1.798606	-0.832406	3.259124	-26.088224	1.927131	26.088224	48.861733	-33.553263	-15.071441	33.553263	28.462379	1.730416	
103	1.860572	-0.882951	3.283932	-26.487418	1.819493	26.487418	50.459088	-34.991776	-15.531887	34.991776	29.445533	1.773614	
104	1.892298	-0.941841	3.308259	-26.938956	1.716327	26.938956	52.000786	-36.474376	-15.919440	36.474376	30.290325	1.818006	
105	1.904521	-0.999327	3.331991	-27.519588	1.622619	27.519588	53.467255	-38.002125	-16.231133	38.002125	30.999231	1.863304	
106	1.926537	-1.048301	3.355144	-28.158634	1.516903	28.158634	54.826562	-39.551635	-16.498751	39.551635	31.682117	1.909202	
107	1.966665	-1.086365	3.377918	-28.912164	1.389474	28.912164	56.008684	-41.095482	-16.738402	41.095482	32.382225	1.955396	
108	2.014797	-1.114283	3.400618	-29.869138	1.252141	29.869138	56.992808	-42.635806	-16.948458	42.635806	33.069064	2.001582	
109	2.062657	-1.138051	3.423521	-31.012439	1.113347	31.012439	57.825888	-44.185449	-17.135634	44.185449	33.733024	2.047566	
110	2.103920	-1.164551	3.446764	-32.276041	0.975287	32.276041	58.619244	-45.746792	-17.321093	45.746792	34.396410	2.093336	
111	2.138878	-1.194360	3.470402	-33.587704	0.830616	33.587704	59.513138	-47.319945	-17.531906	47.319945	35.110019	2.139115	
112	2.175804	-1.225358	3.494501	-34.897668	0.659735	34.897668	60.522820	-48.894984	-17.776547	48.894984	35.919645	2.185352	
113	2.220827	-1.256732	3.519118	-36.164991	0.448917	36.164991	61.505626	-50.438428	-18.036264	50.438428	36.820985	2.232452	
114	2.276477	-1.290453	3.544261	-37.267307	0.190770	37.267307	62.331277	-51.896079	-18.293756	51.896079	37.798833	2.280513	
115	2.345911	-1.335328	3.569948	-38.006876	-0.136520	38.006876	62.972072	-53.210034	-18.546437	53.210034	38.866156	2.329415	
116	2.428968	-1.402070	3.596287	-38.297935	-0.554881	38.297935	63.448544	-54.368257	-18.802604	54.368257	40.043245	2.379107	
117	2.521168	-1.487279	3.623475	-38.324958	-1.045637	38.324958	63.778855	-55.423357	-19.077153	55.423357	41.336681	2.429709	
118	2.619575	-1.576442	3.651664	-38.326874	-1.559381	38.326874	64.026326	-56.444381	-19.382892	56.444381	42.749934	2.481459	
119	2.721400	-1.665960	3.680872	-38.303625	-2.067758	38.303625	64.307317	-57.477827	-19.727975	57.477827	44.288786	2.534592	
120	2.821757	-1.759488	3.711057	-38.247009	-2.574114	38.247009	64.597968	-58.515952	-20.102582	58.515952	45.920015	2.589222	
121	2.913063	-1.851316	3.742209	-38.335787	-3.069950	38.335787	64.726294	-59.506385	-20.479063	59.506385	47.555805	2.645303	
122	2.984495	-1.932342	3.774345	-38.645884	-3.515075	38.645884	64.649533	-60.423619	-20.843394	60.423619	49.116359	2.702664	
123	3.030195	-2.000040	3.807486	-39.065102	-3.877963	39.065102	64.458518	-61.277075	-21.194370	61.277075	50.566668	2.761008	
124	3.057076	-2.058874	3.841626	-39.507889	-4.175499	39.507889	64.188415	-62.087620	-21.527285	62.087620	51.919861	2.819972	
125	3.082351	-2.115675	3.876682	-39.957880	-4.464629	39.957880	63.849619	-62.896864	-21.851417	62.896864	53.265102	2.879332	
126	3.117194	-2.174524	3.912428	-40.404006	-4.788543	40.404006	63.479549	-63.724701	-22.178893	63.724701	54.680522	2.939100	
127	3.152982	-2.241389	3.948553	-40.835248	-5.147563	40.835248	63.122360	-64.554080	-22.508541	64.554080	56.139979	2.999333	
128	3.174484	-2.323296	3.984789	-41.268768	-5.534219	41.268768	62.796075	-65.361786	-22.838087	65.361786	57.577061	3.059950	
129	3.174976	-2.419000	4.020945	-41.763482	-5.957217	41.763482	62.419959	-66.084656	-23.153114	66.084656	58.916359	3.120747	
130	3.151872	-2.524944	4.056864	-42.349392	-6.427340	42.349392	61.918972	-66.649693	-23.442621	66.649693	60.091970	3.181438	
131	3.104123	-2.641313	4.092441	-42.970774	-6.948570	42.970774	61.328330	-67.044432	-23.720069	67.044432	61.091646	3.241726	
132	3.035015	-2.768184	4.127657	-43.482523	-7.533358	43.482523	60.712744	-67.281949	-24.001848	67.281949	61.939199	3.301449	
133	2.947162	-2.905507	4.162498	-43.693370	-8.203223	43.693370	60.132861	-67.361694	-24.296320	67.361694	62.663724	3.360619	
134	2.836530	-3.052402	4.196900	-43.549079	-8.958969	43.549079	59.604677	-67.266111	-24.598274	67.266111	63.257780	3.419296	
135	2.696522	-3.208543	4.230788	-43.188564	-9.787036	43.188564	59.097400	-66.979473	-24.898962	66.979473	63.694810	3.477450	
136	2.526502	-3.377154	4.264082	-42.782355	-10.700717	42.782355	58.620477	-66.522144	-25.213446	66.522144	64.011622	3.534957	
137	2.333046	-3.562404	4.296602	-42.410431	-11.749236	42.410431	58.191622	-65.927192	-25.566000	65.927192	64.287561	3.591720	
138	2.124429	-3.770224	4.328044	-41.985890	-12.999722	41.985890	57.839853	-65.216991	-25.970655	65.216991	64.585736	3.647759	
139	1.906679	-4.005774	4.358105	-41.349399	-14.506823	41.349399	57.676708	-64.416002	-26.439650	64.416002	64.947007	3.703219	
140	1.685494	-4.262938	4.386534	-40.451943	-16.292642	40.451943	57.841161	-63.550323	-26.985607	63.550323	65.392009	3.758308	
141	1.468766	-4.526648	4.413174	-39.342706	-18.360511	39.342706	58.422540	-62.655375	-27.619147	62.655375	65.936512	3.813284	
142	1.262318	-4.786144	4.438048	-38.120909	-20.709992	38.120909	59.419121	-61.754265	-28.338756	61.754265	66.566661	3.868439	
143	1.066121	-5.035480	4.461300	-36.882390	-23.339602	36.882390	60.764646	-60.811610	-29.122480	60.811610	67.201241	3.924008	
144	0.879186	-5.264842	4.483096	-35.628279	-26.241052	35.628279	62.428873	-59.763420	-29.943579	59.763420	67.743556	3.980075	
145	0.702059	-5.464973	4.503601	-34.340215	-29.400522	34.340215	64.427089	-58.573891	-30.787433	58.573891	68.137722	4.036565	
146	0.532793	-5.633131	4.522979	-33.081959	-32.804767	33.081959	66.745926	-57.221911	-31.642726	57.221911	68.334345	4.093258	
147	0.366855	-5.768196	4.541442	-31.924106	-36.434951	31.924106	69.335966	-55.679137	-32.483594	55.679137	68.252495	4.149810	
148	0.201067	-5.871946	4.559254	-30.919388	-40.284405	30.919388	72.195213	-53.954919	-33.292692	53.954919	67.846658	4.205803	
149	0.037768	-5.950998	4.576652	-30.240889	-44.390708	30.240889	75.408052	-52.155907	-34.103471	52.155907	67.200291	4.260787	
150	-0.119878	-6.009215	4.593738	-30.192746	-48.786982	30.192746	79.002865	-50.403350	-34.946903	50.403350	66.392112	4.314319	
151	-0.276467	-6.045632	4.610482	-31.060127	-53.433297	31.060127	82.857199	-48.708827	-35.781766	48.708827	65.328719	4.365972	
152	-0.436709	-6.057948	4.626763	-33.082672	-58.274671	33.082672	86.851910	-47.068549	-36.549155	47.068549	63.891044	4.415326	
153	-0.596627	-6.038558	4.642342	-36.460212	-63.281844	36.460212	90.923838	-45.555426	-37.193219	45.555426	62.026881	4.461907	
154	-0.748078	-5.976282	4.656927	-41.235338	-68.411559	41.235338	95.027308	-44.292622	-37.636763	44.292622	59.702877	4.505153	
155	-0.881529	-5.865375	4.670321	-47.268522	-73.623017	47.268522	99.210261	-43.476668	-37.824018	43.476668	56.967784	4.544517	
156	-0.984017	-5.698944	4.682398	-54.289920	-78.848308	54.289920	103.490919	-43.325987	-37.687298	43.325987	53.894270	4.579575	
157	-1.043647	-5.464714	4.693005	-61.807805	-83.936602	61.807805	107.729271	-43.977269	-37.107504	43.977269	50.485639	4.609968	
158	-1.056813	-5.156904	4.701904	-69.113175	-88.733270	69.113175	111.789497	-45.489416	-35.979902	45.489416	46.730981	4.635307	
159	-1.021840	-4.775538	4.708752	-75.572190	-93.182633	75.572190	115.610165	-47.919201	-34.206091	47.919201	42.605608	4.655170	
160	-0.931835	-4.320455	4.713131	-80.860271	-97.336236	80.860271	119.182010	-51.343382	-31.673456	51.343382	38.063855	4.669203	
161	-0.782689	-3.801517	4.714606	-84.980837	-101.336288	84.980837	122.697005	-55.790564	-28.363038	55.790564	33.133515	4.677181	
162	-0.575829	-3.242399	4.712802	-88.229961	-105.437990	88.229961	126.641088	-61.254802	-24.409586	61.254802	27.959805	4.679062	
163	-0.312130	-2.664326	4.707476	-91.077351	-109.964109	91.077351	131.576399	-67.765391	-20.000307	67.765391	22.693696	4.675112	
164	0.003109	-2.079109	4.698520	-93.974626	-115.175995	93.974626	137.912716	-75.307505	-15.287100	75.307505	17.390297	4.665889	
165	0.354991	-1.501097	4.685953	-97.264751	-121.256280	97.264751	146.019726	-83.753683	-10.425635	83.753683	12.083190	4.652013	
166	0.728724	-0.947835	4.669907	-101.212455	-128.351505	101.212455	156.289126	-92.982294	-5.597876	92.982294	6.863184	4.634060	
167	1.116386	-0.427287	4.650531	-106.049378	-136.486926	106.049378	168.835140	-102.934517	-0.942829	102.934517	1.816037	4.612588	
168	1.510314	0.059523	4.627869	-111.979266	-145.479282	111.979266	183.358933	-113.480304	3.456455	113.480304	-3.003793	4.588077	
169	1.900681	0.505344	4.601818	-119.205184	-155.045007	119.205184	199.432044	-124.411013	7.498688	124.411013	-7.496960	4.560886	
170	2.282090	0.901590	4.572306	-127.887332	-164.907907	127.887332	216.589491	-135.598927	11.077315	135.598927	-11.536363	4.531391	
171	2.652570	1.251981	4.539550	-137.997652	-174.693734	137.997652	234.035000	-146.947665	14.181099	146.947665	-15.079466	4.500078	
172	3.009460	1.571228	4.503981	-149.464454	-183.939070	149.464454	250.670955	-158.286459	16.931578	158.286459	-18.211413	4.467375	
173	3.350540	1.872590	4.466004	-162.442528	-192.323624	162.442528	265.611077	-169.455755	19.494595	169.455755	-21.062613	4.433529	
174	3.671786	2.159991	4.425954	-177.113914	-199.710092	177.113914	278.398043	-180.313153	21.962186	180.313153	-23.695637	4.398670	
175	3.966904	2.432640	4.384059	-193.338445	-205.986332	193.338445	288.735260	-190.671114	24.358945	190.671114	-26.116642	4.362853	
176	4.231905	2.691010	4.340338	-210.666313	-211.027811	210.666313	296.348850	-200.336186	26.705863	200.336186	-28.345742	4.326049	
177	4.467365	2.936698	4.294517	-228.508279	-214.779535	228.508279	301.132427	-209.184211	29.042341	209.184211	-30.436829	4.288211	
178	4.677315	3.172593	4.246181	-246.248425	-217.281610	246.248425	303.208058	-217.199216	31.425428	217.199216	-32.466974	4.249355	
179	4.866601	3.404660	4.195138	-263.369367	-218.631037	263.369367	302.802249	-224.466450	33.924092	224.466450	-34.524322	4.209565	
180	5.040515	3.641481	4.141520	-279.523956	-218.986279	279.523956	300.207258	-231.178997	36.600299	231.178997	-36.691193	4.168993	
181	5.205745	3.888294	4.085537	-294.531521	-218.580023	294.531521	295.877882	-237.596187	39.455499	237.596187	-38.992090	4.127947	
182	5.369150	4.144445	4.027266	-308.343722	-217.659467	308.343722	290.361764	-243.955558	42.426753	243.955558	-41.385794	4.086880	
183	5.537791	4.408872	3.966653	-320.867841	-216.403371	320.867841	284.110411	-250.447904	45.436651	250.447904	-43.811785	4.046321	
184	5.720484	4.682605	3.903645	-331.906259	-214.925051	331.906259	277.462259	-257.220981	48.442178	257.220981	-46.235121	4.006989	
185	5.924710	4.967274	3.838240	-341.437147	-213.361937	341.437147	270.739810	-264.396185	51.496114	264.396185	-48.710144	3.969818	
186	6.151335	5.262904	3.770507	-349.719186	-211.884783	349.719186	264.255005	-272.052199	54.702587	272.052199	-51.346296	3.935768	
187	6.395757	5.564925	3.700659	-356.979650	-210.613437	356.979650	258.246944	-280.195900	58.090190	280.195900	-54.179889	3.905746	
188	6.650778	5.860558	3.628973	-363.122133	-209.548470	363.122133	252.863918	-288.668504	61.540504	288.668504	-57.089634	3.880650	
189	6.906618	6.129248	3.555652	-367.816537	-208.549479	367.816537	248.143046	-297.001823	64.820467	297.001823	-59.824094	3.861285	
190	7.156942	6.356766	3.480859	-370.905101	-207.501593	370.905101	244.054977	-304.770447	67.812828	304.770447	-62.244080	3.848207	
191	7.402756	6.545247	3.404823	-372.526926	-206.486638	372.526926	240.613891	-312.064092	70.677697	312.064092	-64.498427	3.841692	
192	7.643860	6.705250	3.327833	-372.786806	-205.628872	372.786806	237.784289	-319.209984	73.679941	319.209984	-66.854222	3.841771	
193	7.873495	6.849966	3.250143	-371.568152	-204.895243	371.568152	235.302864	-326.304199	76.984667	326.304199	-69.495013	3.848226	
194	8.083944	6.991791	3.171891	-368.621229	-204.141849	368.621229	232.803454	-333.193799	80.597445	333.193799	-72.458185	3.860617	
195	8.273431	7.134951	3.093084	-363.715255	-203.289399	363.715255	230.145253	-339.740485	84.420724	339.740485	-75.672035	3.878434	
196	8.448508	7.283074	3.013752	-356.923024	-202.442466	356.923024	227.458900	-346.101498	88.457212	346.101498	-79.154684	3.901233	
197	8.620860	7.452394	2.934138	-348.762662	-201.821669	348.762662	224.874385	-352.697854	92.894403	352.697854	-83.114232	3.928683	
198	8.798302	7.659638	2.854659	-339.831436	-201.557809	339.831436	222.367708	-359.792437	97.877962	359.792437	-87.720395	3.960620	
199	8.982320	7.905751	2.775737	-330.461143	-201.645762	330.461143	219.897046	-367.343370	103.365029	367.343370	-92.935640	3.997105	
200	9.177300	8.185246	2.697797	-320.742429	-202.071329	320.742429	217.511867	-375.343989	109.272907	375.343989	-98.648738	4.038379	
201	9.390996	8.497155	2.621304	-310.629216	-202.830898	310.629216	215.254984	-383.879953	115.575421	383.879953	-104.791757	4.084755	
202	9.626784	8.841132	2.546662	-300.170851	-203.943865	300.170851	213.176212	-392.959160	122.255963	392.959160	-111.329561	4.136504	
203	9.884355	9.214680	2.474114	-289.503203	-205.461291	289.503203	211.380758	-402.581639	129.310509	402.581639	-118.268227	4.193761	
204	10.159036	9.611899	2.403753	-278.462376	-207.294857	278.462376	209.837730	-412.617925	136.701981	412.617925	-125.593560	4.256500	
205	10.439321	10.021623	2.335556	-266.679429	-209.195552	266.679429	208.350954	-422.656387	144.297851	422.656387	-133.193245	4.324527	
206	10.718354	10.436683	2.269416	-254.072089	-211.028976	254.072089	206.844708	-432.484946	152.027036	432.484946	-140.997767	4.397506	
207	11.004193	10.863380	2.205218	-240.864131	-212.836990	240.864131	205.380966	-442.430229	160.004778	442.430229	-149.088627	4.475111	
208	11.310058	11.314013	2.142833	-227.264608	-214.604481	227.264608	203.881418	-452.899579	168.391205	452.899579	-157.561760	4.557224	
209	11.638887	11.796277	2.082109	-213.470087	-216.281973	213.470087	202.201323	-464.092810	177.247066	464.092810	-166.427276	4.643974	
210	11.983048	12.315255	2.022934	-199.792856	-217.967728	199.792856	200.345800	-476.205682	186.528099	476.205682	-175.624386	4.735687	
211	12.335135	12.876761	1.965242	-186.371856	-219.785726	186.371856	198.320774	-489.398934	196.125972	489.398934	-185.034816	4.832855	
212	12.687413	13.483527	1.908965	-173.215587	-221.838861	173.215587	196.143591	-503.779424	205.910516	503.779424	-194.533722	4.935999	
213	13.029311	14.137470	1.854042	-160.691444	-224.395263	160.691444	194.075863	-519.762593	215.784467	519.762593	-204.052233	5.045566	
214	13.358376	14.844726	1.800416	-148.999497	-227.728532	148.999497	192.410685	-538.007419	225.677493	538.007419	-213.511432	5.162148	
215	13.679411	15.607650	1.748016	-137.642238	-231.819329	137.642238	191.211594	-558.741966	235.413425	558.741966	-222.675329	5.286651	
216	13.994890	16.419690	1.696768	-126.239205	-236.454138	126.239205	190.485596	-581.589421	244.707940	581.589421	-231.199407	5.420103	
217	14.306895	17.276482	1.646649	-114.960699	-241.484006	114.960699	190.382267	-606.159615	253.332999	606.159615	-238.818887	5.563393	
218	14.617873	18.179428	1.597770	-103.940797	-246.867855	103.940797	191.205244	-632.323420	261.087623	632.323420	-245.322842	5.717268	
219	14.928772	19.126475	1.550421	-92.987736	-252.556962	92.987736	193.347865	-659.881664	267.678542	659.881664	-250.430384	5.882400	
220	15.235227	20.108533	1.504991	-81.854476	-258.421468	81.854476	197.230275	-688.306871	272.689421	688.306871	-253.761217	6.059364	
221	15.524307	21.112285	1.461805	-70.232014	-264.170307	70.232014	203.174176	-716.781136	275.578771	716.781136	-254.841485	6.248630	
222	15.783968	22.123181	1.421038	-57.489772	-269.312288	57.489772	211.259280	-744.341169	275.790361	744.341169	-253.189111	6.450569	
223	16.008313	23.125144	1.382781	-43.039476	-273.355092	43.039476	221.458354	-769.950275	272.842083	769.950275	-248.378246	6.665326	
224	16.195251	24.102953	1.347123	-26.705090	-275.936616	26.705090	233.715568	-792.556649	266.363250	792.556649	-240.082591	6.892699	
225	16.351091	25.046476	1.314153	-8.347758	-276.651183	8.347758	247.632040	-811.099024	256.194929	811.099024	-228.187298	7.132112	
226	16.483358	25.940801	1.283895	12.171531	-275.015101	-12.171531	262.449882	-824.358572	242.294909	824.358572	-212.715896	7.382624	
227	16.587599	26.755601	1.256308	34.547849	-270.714151	-34.547849	277.436764	-831.032019	224.607498	831.032019	-193.713993	7.642905	
228	16.660453	27.456375	1.231308	58.123908	-263.716980	-58.123908	291.895233	-830.137892	203.329400	830.137892	-171.496703	7.911270	
229	16.716146	28.018499	1.208776	82.418509	-254.120085	-82.418509	304.848103	-821.222961	179.169410	821.222961	-146.909389	8.185691	
230	16.777704	28.423394	1.188583	107.342472	-241.998930	-107.342472	315.018934	-804.166898	153.211585	804.166898	-121.236105	8.463717	
231	16.864168	28.656693	1.170643	132.760372	-227.505673	-132.760372	321.272857	-779.106580	126.676957	779.106580	-95.979630	8.742434	
232	16.986437	28.716609	1.154934	158.089053	-211.045351	-158.089053	323.126647	-746.613892	100.706339	746.613892	-72.612041	9.018550	
233	17.153650	28.615093	1.141454	182.689840	-193.141817	-182.689840	320.598231	-707.546306	76.303329	707.546306	-52.543714	9.288508	
234	17.387970	28.379140	1.130143	206.397772	-174.210222	-206.397772	313.781916	-662.840680	54.425660	662.840680	-37.312318	9.548488	
235	17.720743	28.049759	1.120912	229.432983	-154.621905	-229.432983	303.092548	-613.673897	35.755462	613.673897	-28.353066	9.794438	
236	18.176551	27.668970	1.113688	251.962777	-134.813453	-251.962777	289.626210	-561.501868	20.399872	561.501868	-26.610063	10.022373	
237	18.767584	27.271393	1.108355	273.821688	-115.245129	-273.821688	275.060383	-507.879023	7.839113	507.879023	-32.396411	10.228730	
238	19.492269	26.882214	1.104765	294.526736	-96.342398	-294.526736	261.399246	-454.342667	-3.043517	454.342667	-45.308839	10.410581	
239	20.338440	26.522883	1.102867	313.212314	-78.567405	-313.212314	250.963308	-402.487067	-13.839653	402.487067	-64.255119	10.565793	
240	21.290425	26.221430	1.102773	328.496478	-62.497051	-328.496478	246.483683	-353.936771	-26.465942	353.936771	-87.569331	10.693274	
241	22.332373	26.002532	1.104676	338.761040	-48.687412	-338.761040	250.656160	-310.017392	-42.941681	310.017392	-113.261867	10.793325	
242	23.439949	25.864333	1.108739	342.675909	-37.545261	-342.675909	265.408052	-271.556802	-65.112075	271.556802	-139.185892	10.867887	
243	24.573326	25.778619	1.114993	339.682122	-29.362088	-339.682122	291.456635	-238.769223	-94.400790	238.769223	-162.990379	10.920486	
244	25.691933	25.714933	1.123325	330.388410	-24.305179	-330.388410	328.164702	-211.034323	-131.558494	211.034323	-182.321752	10.955708	
245	26.766039	25.646305	1.133540	316.819871	-22.318153	-316.819871	373.539648	-186.893565	-176.447504	186.893565	-195.141731	10.978434	
246	27.770144	25.532767	1.145438	302.559730	-23.124629	-302.559730	424.370870	-164.287802	-227.855072	164.287802	-199.793303	10.993152	
247	28.690020	25.326713	1.158844	292.445760	-26.361203	-292.445760	476.881638	-140.798457	-283.475821	140.798457	-195.120212	11.003368	
248	29.539175	24.995623	1.173567	291.387539	-31.637310	-291.387539	527.836409	-113.941282	-340.241423	113.941282	-180.679833	11.011089	
249	30.345610	24.526928	1.189395	302.481832	-38.551652	-302.481832	575.348952	-81.725501	-394.733368	81.725501	-156.588166	11.016716	
250	31.120949	23.923887	1.206099	325.269298	-46.754259	-325.269298	619.007846	-43.264413	-443.428462	43.264413	-123.260133	11.019637	
251	31.846984	23.202571	1.223423	355.226655	-55.941530	-355.226655	659.362477	0.998781	-483.004791	-0.998781	-81.477916	11.019355	
252	32.474828	22.380142	1.241169	384.794283	-65.763007	-384.794283	696.916956	49.495175	-510.703140	-49.495175	-32.645123	11.016608	
253	32.913840	21.448670	1.259219	405.650575	-75.621712	-405.650575	730.676487	100.063631	-524.180812	-100.063631	20.599065	11.013966	
254	33.026810	20.342674	1.277450	411.970369	-84.457336	-411.970369	756.533559	150.670792	-521.023718	-150.670792	73.539933	11.015377	
255	32.660374	18.939927	1.295700	402.894136	-90.940946	-402.894136	767.000677	199.814528	-498.895481	-199.814528	119.696528	11.024520	
256	31.685858	17.105025	1.313806	382.161118	-94.007166	-382.161118	752.836583	246.492533	-456.177625	-246.492533	152.446599	11.042675	
257	30.023328	14.725014	1.331608	355.490317	-93.242010	-355.490317	704.973380	290.142062	-392.342380	-290.142062	166.498270	11.067125	
258	27.648624	11.734365	1.348958	327.974827	-89.069089	-327.974827	616.863862	330.441762	-308.354572	-330.441762	159.026199	11.090754	
259	24.582837	8.148002	1.365701	303.287600	-82.541577	-303.287600	487.591519	367.062444	-207.168429	-367.062444	130.081934	11.103105	
260	20.892940	4.054249	1.381647	284.270594	-74.804774	-284.270594	322.788324	399.751075	-93.592478	-399.751075	81.679680	11.092227	
261	16.714087	-0.431912	1.396591	273.443019	-66.829006	-273.443019	133.036947	428.366220	26.278055	-428.366220	17.249924	11.046492	
262	12.247502	-5.176259	1.410338	273.407010	-59.336528	-273.407010	-66.798665	452.753553	145.339883	-452.753553	-57.767059	10.956478	
263	7.720921	-9.991298	1.422692	286.927423	-52.536504	-286.927423	-257.902141	472.930631	255.759389	-472.930631	-135.875013	10.816860	
264	3.346911	-14.625873	1.433450	315.537626	-45.880971	-315.537626	-420.555061	489.382414	349.679018	-489.382414	-208.720570	10.627618	
265	-0.700127	-18.804555	1.442433	357.525401	-38.151749	-357.525401	-539.658812	503.087715	420.453025	-503.087715	-268.906875	10.394017	
266	-4.298380	-22.300181	1.449522	407.504582	-27.844745	-407.504582	-609.763257	515.367622	464.319165	-515.367622	-311.736946	10.125325	
267	-7.389322	-24.995012	1.454696	457.822128	-13.703906	-457.822128	-636.085016	527.556182	481.314422	-527.556182	-335.911709	9.832720	
268	-9.961583	-26.898078	1.458003	500.386009	4.674324	-500.386009	-630.531853	540.498734	474.444661	-540.498734	-342.627321	9.527315	
269	-12.014376	-28.117852	1.459496	528.070422	26.439656	-528.070422	-605.544789	554.302645	447.877151	-554.302645	-333.957723	9.219063	
270	-13.543045	-28.806709	1.459214	535.971403	49.648961	-535.971403	-569.692958	568.563464	405.633156	-568.563464	-311.964575	8.916535	
271	-14.548685	-29.112893	1.457231	523.060402	71.847505	-523.060402	-526.458152	582.703926	351.208199	-582.703926	-278.669183	8.626973	
272	-15.046713	-29.152928	1.453738	493.541468	90.701213	-493.541468	-475.176780	596.207458	287.633979	-596.207458	-236.179546	8.356205	
273	-15.076379	-28.999180	1.449112	456.163112	104.523585	-456.163112	-413.468165	608.903049	217.813169	-608.903049	-186.845764	8.108257	
274	-14.710514	-28.685200	1.443886	421.485365	112.611085	-421.485365	-340.160008	621.212359	144.876045	-621.212359	-133.370892	7.884852	
275	-14.043246	-28.215402	1.438658	398.929822	115.224052	-398.929822	-256.896264	633.936515	72.110071	-633.936515	-78.578966	7.685141	
276	-13.163040	-27.571594	1.434043	394.749553	113.221988	-394.749553	-168.018492	647.644803	2.618589	-647.644803	-25.041121	7.505883	
277	-12.145528	-26.720281	1.430657	410.938452	107.782160	-410.938452	-80.102813	662.301070	-60.774239	-662.301070	24.945459	7.342018	
278	-11.061865	-25.616452	1.429024	444.953228	100.354620	-444.953228	-1.690675	677.264198	-115.377657	-677.264198	69.121022	7.187384	
279	-9.972637	-24.206850	1.429493	490.451348	92.477923	-490.451348	57.907323	691.287411	-158.753939	-691.287411	105.320582	7.035425	
280	-8.912737	-22.444228	1.432229	539.002392	85.399028	-539.002392	90.926437	702.490367	-189.164277	-702.490367	131.895036	6.880026	
281	-7.887857	-20.310756	1.437250	582.117917	79.774809	-582.117917	93.444304	708.548144	-205.981122	-708.548144	148.154467	6.716565	
282	-6.882103	-17.829344	1.444426	612.914577	75.611252	-612.914577	66.374473	707.173795	-209.781674	-707.173795	154.517369	6.542855	
283	-5.873268	-15.064668	1.453493	627.185661	72.518121	-627.185661	14.912901	696.774358	-202.163346	-696.774358	152.298452	6.359622	
284	-4.848047	-12.131307	1.464067	623.942946	70.024173	-623.942946	-52.377414	676.962211	-185.632420	-676.962211	143.473261	6.170414	
285	-3.810741	-9.188216	1.475650	605.192335	67.688707	-605.192335	-124.985207	648.687985	-163.399535	-648.687985	130.415046	5.980988	
286	-2.787583	-6.406276	1.487697	574.776672	65.211195	-574.776672	-192.996247	614.030177	-138.795691	-614.030177	115.416850	5.798187	
287	-1.818879	-3.933796	1.499717	536.915486	62.526836	-536.915486	-249.268621	575.673002	-114.642871	-575.673002	100.300453	5.628605	
288	-0.943917	-1.873761	1.511290	495.196871	59.751207	-495.196871	-290.233715	536.250908	-92.865776	-536.250908	86.257612	5.477421	
289	-0.197444	-0.274625	1.521994	452.240527	57.115046	-452.240527	-315.705954	497.897648	-74.371312	-497.897648	73.805074	5.347576	
290	0.388898	0.859066	1.531422	409.869127	54.883340	-409.869127	-327.811969	462.107288	-59.232161	-462.107288	62.929874	5.239395	
291	0.799976	1.549214	1.539288	369.485923	53.179610	-369.485923	-329.513294	429.744480	-47.047152	-429.744480	53.412375	5.150842	
292	1.048536	1.839789	1.545444	332.292064	51.930645	-332.292064	-323.749707	401.116240	-37.225023	-401.116240	45.025210	5.078275	
293	1.161134	1.794268	1.549814	299.175238	51.046994	-299.175238	-313.308324	376.168066	-29.132314	-376.168066	37.521183	5.017270	
294	1.167021	1.487014	1.552391	270.563339	50.499015	-270.563339	-300.581183	354.618920	-22.222032	-354.618920	30.668845	4.963240	
295	1.102646	0.998726	1.553281	246.461740	50.209422	-246.461740	-287.160255	335.965407	-16.149212	-335.965407	24.353706	4.912020	
296	1.005169	0.406147	1.552676	226.573207	50.076996	-226.573207	-273.911116	319.662440	-10.759741	-319.662440	18.560992	4.860352	
297	0.901864	-0.228427	1.550835	210.424531	50.077595	-210.424531	-261.348635	305.323972	-5.992234	-305.323972	13.295560	4.806041	
298	0.809933	-0.855178	1.548065	197.424902	50.232311	-197.424902	-249.759163	292.637126	-1.818093	-292.637126	8.554921	4.747845	
299	0.736954	-1.442453	1.544621	186.878246	50.530680	-186.878246	-239.216217	281.273368	1.793636	-281.273368	4.323084	4.685267	
300	0.683254	-1.978671	1.540567	178.079163	50.927017	-178.079163	-229.685535	270.915273	4.894169	-270.915273	0.568418	4.618296	
301	0.648487	-2.456491	1.535725	170.435666	51.355698	-170.435666	-221.041994	261.250458	7.528905	-261.250458	-2.735890	4.547242	
302	0.631875	-2.870407	1.529841	163.489061	51.750857	-163.489061	-213.112442	252.010040	9.736651	-252.010040	-5.614158	4.472653	
303	0.629951	-3.221771	1.522770	156.889556	52.084054	-156.889556	-205.781020	243.004539	11.570122	-243.004539	-8.103457	4.395187	
304	0.638989	-3.513612	1.514502	150.407654	52.351202	-150.407654	-198.946152	234.083949	13.076410	-234.083949	-10.235311	4.315499	
305	0.655899	-3.750739	1.505119	143.920013	52.537143	-143.920013	-192.456047	225.116057	14.283195	-225.116057	-12.025684	4.234201	
306	0.678323	-3.939125	1.494751	137.366985	52.619330	-137.366985	-186.142316	215.987165	15.198571	-215.987165	-13.480656	4.151856	
307	0.706912	-4.080133	1.483516	130.703297	52.572718	-130.703297	-179.851808	206.604859	15.803521	-206.604859	-14.594097	4.069045	
308	0.742073	-4.176506	1.471495	123.850903	52.383740	-123.850903	-173.505465	196.932318	16.092699	-196.932318	-15.377855	3.986392	
309	0.778251	-4.240176	1.458750	116.747528	52.089814	-116.747528	-167.195701	187.045780	16.120731	-187.045780	-15.894093	3.904448	
310	0.808663	-4.285890	1.445282	109.394627	51.765719	-109.394627	-161.127124	177.116049	15.954741	-177.116049	-16.215044	3.823580	
311	0.833410	-4.320590	1.431049	101.814033	51.445843	-101.814033	-155.396172	167.281656	15.608294	-167.281656	-16.368221	3.744010	
312	0.856839	-4.340042	1.416067	94.089268	51.100181	-94.089268	-149.936793	157.608219	15.062895	-157.608219	-16.349664	3.665992	
313	0.880616	-4.335956	1.400468	86.403577	50.696648	-86.403577	-144.691275	148.176840	14.325039	-148.176840	-16.169635	3.589926	
314	0.904014	-4.303883	1.384510	78.908341	50.231498	-78.908341	-139.669222	139.082151	13.425688	-139.082151	-15.855805	3.516261	
315	0.925094	-4.240674	1.368532	71.642996	49.706044	-71.642996	-134.870315	130.377260	12.398753	-130.377260	-15.436341	3.445315	
316	0.936916	-4.141477	1.352786	64.597023	49.131742	-64.597023	-130.323346	122.131232	11.306761	-122.131232	-14.960616	3.377191	
317	0.930580	-4.003289	1.337407	57.762540	48.528338	-57.762540	-126.126723	114.455152	10.243039	-114.455152	-14.504046	3.311859	
318	0.903340	-3.829510	1.322505	51.135589	47.892220	-51.135589	-122.345932	107.406933	9.283729	-107.406933	-14.130388	3.249287	
319	0.856409	-3.632493	1.308134	44.692135	47.209865	-44.692135	-118.961080	100.955067	8.481437	-100.955067	-13.882604	3.189432	
320	0.789625	-3.427760	1.294271	38.401391	46.488064	-38.401391	-115.917274	95.025415	7.884990	-95.025415	-13.793739	3.132186	
321	0.703404	-3.223182	1.280897	32.231820	45.739623	-32.231820	-113.151731	89.529414	7.524656	-89.529414	-13.872068	3.077396	
322	0.596593	-3.024559	1.267946	26.116466	44.990112	-26.116466	-110.647395	84.417135	7.428694	-84.417135	-14.115260	3.024965	
323	0.458430	-2.856684	1.255280	20.046431	44.314455	-20.046431	-108.461145	79.691646	7.685159	-79.691646	-14.573472	2.974734	
324	0.275336	-2.760215	1.242815	14.201168	43.805755	-14.201168	-106.586173	75.319519	8.397229	-75.319519	-15.325242	2.926146	
325	0.048037	-2.755246	1.230523	8.846030	43.509133	-8.846030	-104.914113	71.242461	9.556806	-71.242461	-16.357580	2.878287	
326	-0.209134	-2.826051	1.218357	4.149443	43.414400	-4.149443	-103.404894	67.474136	11.052414	-67.474136	-17.552719	2.830334	
327	-0.481721	-2.948038	1.206266	0.195829	43.482815	-0.195829	-102.098002	64.058258	12.776089	-64.058258	-18.787528	2.781731	
328	-0.758753	-3.107732	1.194135	-2.950249	43.649300	2.950249	-100.933033	60.956914	14.645338	-60.956914	-19.970817	2.732069	
329	-1.028404	-3.295728	1.181794	-5.280288	43.817305	5.280288	-99.694889	58.040739	16.562455	-58.040739	-21.013904	2.681049	
330	-1.280150	-3.501331	1.169208	-6.848983	43.896449	6.848983	-98.175808	55.182484	18.428255	-55.182484	-21.838954	2.628543	
331	-1.510546	-3.714687	1.156481	-7.754070	43.836689	7.754070	-96.308504	52.320483	20.179915	-52.320483	-22.409491	2.574518	
332	-1.719100	-3.924869	1.143703	-8.131271	43.599209	8.131271	-94.078502	49.427536	21.764547	-49.427536	-22.710706	2.518982	
333	-1.900619	-4.120665	1.130837	-8.108179	43.137687	8.108179	-91.434481	46.485659	23.104017	-46.485659	-22.717957	2.462064	
334	-2.048608	-4.295259	1.117723	-7.780997	42.435813	7.780997	-88.383743	43.519710	24.127732	-43.519710	-22.415471	2.404081	
335	-2.162122	-4.444926	1.104167	-7.224858	41.513102	7.224858	-85.039020	40.600686	24.807562	-40.600686	-21.822427	2.345449	
336	-2.243948	-4.565640	1.090036	-6.485082	40.385946	6.485082	-81.498251	37.786900	25.139859	-37.786900	-20.980713	2.286592	
337	-2.297032	-4.652763	1.075321	-5.618777	39.071831	5.618777	-77.809445	35.105363	25.132401	-35.105363	-19.940358	2.227913	
338	-2.325666	-4.702693	1.060107	-4.713465	37.615945	4.713465	-74.046463	32.582511	24.818401	-32.582511	-18.763954	2.169753	
339	-2.337048	-4.717031	1.044539	-3.812989	36.079871	3.812989	-70.307702	30.238862	24.258030	-30.238862	-17.528069	2.112360	
340	-2.340127	-4.701800	1.028753	-2.907494	34.517689	2.907494	-66.663372	28.069623	23.517624	-28.069623	-16.310357	2.055867	
341	-2.342546	-4.662094	1.012794	-1.993079	32.972537	1.993079	-63.149638	26.062206	22.650217	-26.062206	-15.171912	2.000274	
342	-2.347670	-4.599427	0.996671	-1.109056	31.482656	1.109056	-59.789365	24.211327	21.691467	-24.211327	-14.144738	1.945467	
343	-2.353306	-4.512083	0.980457	-0.318335	30.069496	0.318335	-56.579339	22.500380	20.662601	-22.500380	-13.226533	1.891314	
344	-2.355442	-4.402122	0.964304	0.335206	28.738645	-0.335206	-53.506099	20.895145	19.587672	-20.895145	-12.400754	1.837801	
345	-2.354981	-4.278490	0.948398	0.820019	27.507318	-0.820019	-50.602512	19.370837	18.510129	-19.370837	-11.670047	1.785029	
346	-2.358281	-4.151280	0.932892	1.133070	26.400780	-1.133070	-47.925204	17.922081	17.480065	-17.922081	-11.057966	1.733023	
347	-2.372403	-4.031572	0.917840	1.309823	25.430490	-1.309823	-45.499406	16.544367	16.535807	-16.544367	-10.585450	1.681600	
348	-2.399722	-3.927808	0.903188	1.376381	24.577717	-1.376381	-43.292686	15.221370	15.686345	-15.221370	-10.244808	1.630407	
349	-2.435489	-3.836921	0.888793	1.358115	23.790914	-1.358115	-41.223863	13.944086	14.904867	-13.944086	-9.994358	1.579139	
350	-2.471671	-3.749913	0.874527	1.265478	23.010926	-1.265478	-39.215999	12.708543	14.157241	-12.708543	-9.783960	1.527690	
351	-2.501381	-3.664905	0.860436	1.020209	22.200067	-1.020209	-37.243446	11.501999	13.429685	-11.501999	-9.572960	1.476162	
352	-2.520248	-3.587533	0.846719	0.531683	21.345207	-0.531683	-35.315505	10.320229	12.723221	-10.320229	-9.332582	1.424806	
353	-2.527357	-3.522945	0.833497	-0.164724	20.447942	0.164724	-33.435633	9.178957	12.040534	-9.178957	-9.052911	1.373935	
354	-2.525219	-3.471746	0.820711	-0.945064	19.519921	0.945064	-31.594055	8.095680	11.384977	-8.095680	-8.744210	1.323830	
355	-2.517717	-3.430421	0.808215	-1.696586	18.576678	1.696586	-29.782159	7.078645	10.761778	-7.078645	-8.425176	1.274669	
356	-2.506408	-3.395526	0.795850	-2.322637	17.620794	2.322637	-27.987847	6.130417	10.170598	-6.130417	-8.104307	1.226547	
357	-2.488712	-3.368675	0.783518	-2.722534	16.640821	2.722534	-26.186292	5.246202	9.598869	-5.246202	-7.770683	1.179533	
358	-2.460263	-3.351695	0.771261	-2.854198	15.634169	2.854198	-24.347834	4.410285	9.026546	-4.410285	-7.403894	1.133692	
359	-2.415111	-3.333968	0.759179	-2.789114	14.605330	2.789114	-22.435755	3.608221	8.430257	-3.608221	-6.980243	1.089114	
360	-2.343356	-3.296394	0.747320	-2.614713	13.543311	2.614713	-20.410550	2.842572	7.787207	-2.842572	-6.468748	1.046033	
361	-2.237669	-3.232408	0.735673	-2.333421	12.441025	2.333421	-18.276456	2.127327	7.094402	-2.127327	-5.852528	1.004851	
362	-2.099120	-3.146917	0.724160	-1.924454	11.316010	1.924454	-16.082096	1.472223	6.370995	-1.472223	-5.144042	0.965949	
363	-1.925304	-3.034413	0.712721	-1.424110	10.181738	1.424110	-13.845686	0.880469	5.625084	-0.880469	-4.341412	0.929562	
364	-1.701409	-2.875343	0.701462	-0.907075	9.028995	0.907075	-11.541569	0.359105	4.842727	-0.359105	-3.403319	0.895992	
365	-1.412811	-2.651492	0.690654	-0.424475	7.839749	0.424475	-9.168544	-0.071638	4.016996	0.071638	-2.300642	0.865773	
366	-1.054869	-2.358390	0.680612	0.051173	6.594839	-0.051173	-6.761922	-0.384547	3.156175	0.384547	-1.043727	0.839429	
367	-0.624303	-2.006113	0.671701	0.635931	5.265882	-0.635931	-4.329030	-0.558043	2.256278	0.558043	0.363979	0.817271	
368	-0.114675	-1.608618	0.664394	1.469602	3.813780	-1.469602	-1.820463	-0.581665	1.291160	0.581665	1.946707	0.799533	
369	0.473480	-1.171795	0.659182	2.618182	2.208475	-2.618182	0.837569	-0.466005	0.235039	0.466005	3.717379	0.786507	
370	1.128282	-0.694618	0.656443	4.056878	0.440702	-4.056878	3.714240	-0.247022	-0.926170	0.247022	5.659233	0.778426	
371	1.835615	-0.180118	0.656426	5.735283	-1.490160	-5.735283	6.874255	0.026232	-2.209427	-0.026232	7.754164	0.775407	
372	2.576534	0.349223	0.659321	7.608408	-3.559690	-7.608408	10.345451	0.293711	-3.623751	-0.293711	9.981737	0.777663	
373	3.315271	0.849842	0.665293	9.607816	-5.692356	-9.607816	14.064423	0.481332	-5.135907	-0.481332	12.284228	0.785632	
374	3.962645	1.258565	0.674309	11.493386	-7.670514	-11.493386	17.684789	0.511348	-6.587413	-0.511348	14.429066	0.799498	
375	4.462535	1.555726	0.685983	13.059877	-9.352551	-13.059877	20.931346	0.361646	-7.853217	-0.361646	16.243528	0.818663	
376	4.494747	1.541736	0.699010	13.437500	-9.768221	-13.437500	21.994760	0.059505	-8.212034	-0.059505	16.637435	0.840485	
