kww	// User ID
28-6-2021	// Evaluation date
p32_warmup_001	28-6-2021	18:19:35:679	// Source file name and timestamp
357.143	// Sampling rate
1.056	// Data capture period

1.880000	// height
85.400000	// mass


Sample #	elbVar	shldrIR	LwristLinVelo	thorJFPd	thorSTPd	UaJFPp	UaSTPp	UaJFPd	UaSTPd	FaJFPp	FaSTPp	RwristLinVelo	
0	2.115916	1.747310	1.864554	-6.711747	-3.561803	6.711747	-21.321433	6.602468	5.758078	-6.602468	-10.648105	2.317675	
1	2.314787	1.629379	1.840231	-5.206218	-3.205223	5.206218	-20.476287	6.177468	6.639865	-6.177468	-12.972067	2.334382	
2	2.529150	1.575682	1.815056	-4.041926	-2.986608	4.041926	-20.291216	6.104884	7.450894	-6.104884	-15.178419	2.347734	
3	2.596608	1.247529	1.791067	-1.406278	-2.207058	1.406278	-17.449890	5.193898	7.962405	-5.193898	-17.446560	2.357967	
4	2.598830	0.843915	1.771728	1.572974	-1.259974	-1.572974	-13.967847	4.177467	8.263379	-4.177467	-19.579565	2.365565	
5	2.547092	0.402284	1.758506	4.711785	-0.211023	-4.711785	-10.096374	3.095266	8.384650	-3.095266	-21.504632	2.370740	
6	2.468237	-0.024715	1.752127	7.630365	0.821665	-7.630365	-6.321077	2.036356	8.406764	-2.036356	-23.169377	2.373639	
7	2.374331	-0.413872	1.752822	10.100127	1.775778	-10.100127	-2.858377	1.005612	8.387752	-1.005612	-24.528374	2.374368	
8	2.275123	-0.744992	1.760554	12.035686	2.610415	-12.035686	0.176893	-0.000267	8.378110	0.000267	-25.556292	2.373048	
9	2.180434	-1.003062	1.774868	13.468254	3.297846	-13.468254	2.760696	-0.991740	8.423535	0.991740	-26.260213	2.369874	
10	2.097864	-1.186786	1.794913	14.463393	3.832784	-14.463393	4.911095	-1.972071	8.558904	1.972071	-26.685197	2.365189	
11	2.037414	-1.302789	1.819722	15.097551	4.230011	-15.097551	6.618952	-2.916869	8.821560	2.916869	-26.941467	2.359330	
12	2.010989	-1.355896	1.848479	15.463550	4.503957	-15.463550	7.865957	-3.793293	9.248790	3.793293	-27.160189	2.352362	
13	2.012600	-1.360070	1.880530	15.653985	4.680076	-15.653985	8.736181	-4.604072	9.817279	4.604072	-27.360307	2.344220	
14	2.022227	-1.342207	1.915233	15.707966	4.799211	-15.707966	9.351477	-5.367938	10.452322	5.367938	-27.478812	2.335101	
15	2.034757	-1.323342	1.951961	15.608378	4.890787	-15.608378	9.720299	-6.072584	11.118766	6.072584	-27.534943	2.325395	
16	2.057066	-1.315596	1.990158	15.314992	4.970282	-15.314992	9.779652	-6.687993	11.817240	6.687993	-27.604359	2.315288	
17	2.087807	-1.329739	2.029229	14.790617	5.047154	-14.790617	9.507518	-7.199341	12.520685	7.199341	-27.698574	2.304732	
18	2.113808	-1.367578	2.068522	14.074240	5.115195	-14.074240	9.008213	-7.627097	13.155380	7.627097	-27.732718	2.293771	
19	2.123220	-1.427558	2.107563	13.232542	5.168706	-13.232542	8.423814	-8.002739	13.649753	8.002739	-27.627204	2.282740	
20	2.119622	-1.507456	2.146161	12.286861	5.204472	-12.286861	7.800154	-8.334411	13.993485	8.334411	-27.409849	2.272003	
21	2.110006	-1.591017	2.184303	11.325043	5.196004	-11.325043	7.245258	-8.647337	14.190724	8.647337	-27.111062	2.261698	
22	2.094335	-1.652973	2.222079	10.520074	5.108036	-10.520074	6.982784	-9.001061	14.229359	9.001061	-26.710491	2.251892	
23	2.077326	-1.665494	2.259594	10.046779	4.915497	-10.046779	7.187831	-9.448977	14.136807	9.448977	-26.233062	2.242685	
24	2.061807	-1.619554	2.296884	9.941287	4.625055	-9.941287	7.878126	-10.015846	13.960179	10.015846	-25.718730	2.234139	
25	2.036326	-1.546367	2.333893	9.994044	4.290356	-9.994044	8.901222	-10.697789	13.709227	10.697789	-25.159135	2.226377	
26	1.990766	-1.476859	2.370507	9.978513	3.958637	-9.978513	10.097634	-11.482035	13.381057	11.482035	-24.542175	2.219632	
27	1.925065	-1.416461	2.406579	9.800092	3.641984	-9.800092	11.382629	-12.354014	12.985865	12.354014	-23.875882	2.214220	
28	1.845516	-1.369658	2.441925	9.376884	3.345628	-9.376884	12.628183	-13.277602	12.556528	13.277602	-23.207631	2.210524	
29	1.768299	-1.341943	2.476317	8.639671	3.072609	-8.639671	13.648684	-14.199067	12.168345	14.199067	-22.651881	2.208699	
30	1.710459	-1.332686	2.509483	7.572975	2.821499	-7.572975	14.303993	-15.077923	11.898525	15.077923	-22.321655	2.208428	
31	1.677705	-1.337831	2.541180	6.210585	2.589396	-6.210585	14.556172	-15.897253	11.776627	15.897253	-22.249813	2.209081	
32	1.666977	-1.349553	2.571338	4.643004	2.369237	-4.643004	14.474333	-16.662502	11.791982	16.662502	-22.389801	2.209914	
33	1.672138	-1.360341	2.600068	2.981055	2.154745	-2.981055	14.197019	-17.404796	11.919667	17.404796	-22.662529	2.210236	
34	1.687660	-1.369059	2.627461	1.313775	1.945453	-1.313775	13.848769	-18.159765	12.142890	18.159765	-23.014599	2.209586	
35	1.712180	-1.378006	2.653541	-0.303889	1.742008	0.303889	13.480819	-18.940906	12.461730	18.940906	-23.433379	2.207730	
36	1.745981	-1.388181	2.678496	-1.862473	1.543045	1.862473	13.082462	-19.741077	12.872316	19.741077	-23.902986	2.204519	
37	1.783881	-1.402343	2.702716	-3.372712	1.349180	3.372712	12.649018	-20.551887	13.342746	20.551887	-24.371101	2.199921	
38	1.821532	-1.419813	2.726553	-4.813527	1.159990	4.813527	12.235331	-21.379779	13.841211	21.379779	-24.792462	2.194075	
39	1.862423	-1.431161	2.750215	-6.149280	0.970790	6.149280	11.920870	-22.243184	14.364469	22.243184	-25.163595	2.187158	
40	1.909841	-1.432343	2.773874	-7.407910	0.778758	7.407910	11.705517	-23.147913	14.915306	23.147913	-25.490031	2.179304	
41	1.964278	-1.430576	2.797706	-8.679530	0.584206	8.679530	11.480732	-24.071327	15.491358	24.071327	-25.772989	2.170602	
42	2.022349	-1.435394	2.821878	-10.001266	0.389060	10.001266	11.187416	-24.998271	16.080553	24.998271	-26.003803	2.161107	
43	2.073585	-1.456031	2.846564	-11.322705	0.195399	11.322705	10.898010	-25.943703	16.650932	25.943703	-26.149172	2.150981	
44	2.112344	-1.497809	2.871881	-12.608713	0.002199	12.608713	10.649695	-26.906923	17.183339	26.906923	-26.193113	2.140514	
45	2.143899	-1.560718	2.897858	-13.882604	-0.191753	13.882604	10.360723	-27.856052	17.693247	27.856052	-26.164557	2.129911	
46	2.171924	-1.643688	2.924545	-15.166858	-0.386298	15.166858	9.961898	-28.768733	18.190094	28.768733	-26.082189	2.119249	
47	2.198814	-1.738862	2.952056	-16.460028	-0.583614	16.460028	9.462552	-29.641052	18.668513	29.641052	-25.942872	2.108634	
48	2.233068	-1.831142	2.980440	-17.778026	-0.785471	17.778026	8.884207	-30.472216	19.137053	30.472216	-25.758960	2.098111	
49	2.273427	-1.918052	3.009641	-19.159839	-0.987529	19.159839	8.256411	-31.279112	19.579010	31.279112	-25.512789	2.087610	
50	2.302557	-2.012731	3.039648	-20.619662	-1.182379	20.619662	7.657290	-32.096754	19.927644	32.096754	-25.134214	2.077274	
51	2.314710	-2.116903	3.070514	-22.148716	-1.365338	22.148716	7.163172	-32.943740	20.148284	32.943740	-24.599459	2.067570	
52	2.325896	-2.214497	3.102253	-23.736109	-1.534569	23.736109	6.765588	-33.804721	20.289386	33.804721	-23.978695	2.058880	
53	2.345412	-2.298923	3.134820	-25.347336	-1.690887	25.347336	6.413406	-34.656213	20.402228	34.656213	-23.333133	2.051201	
54	2.359796	-2.383721	3.168116	-26.960914	-1.838620	26.960914	6.149861	-35.519728	20.456817	35.519728	-22.627609	2.044417	
55	2.356765	-2.478274	3.201910	-28.608494	-1.982938	28.608494	6.079128	-36.446057	20.401322	36.446057	-21.811718	2.038659	
56	2.344020	-2.573663	3.235875	-30.319697	-2.126910	30.319697	6.214084	-37.445635	20.250397	37.445635	-20.912221	2.034118	
57	2.330780	-2.662612	3.269825	-32.097132	-2.271491	32.097132	6.489537	-38.496234	20.039489	38.496234	-19.968974	2.030800	
58	2.311792	-2.752659	3.303871	-33.940224	-2.418345	33.940224	6.875208	-39.590100	19.757748	39.590100	-18.966065	2.028731	
59	2.277241	-2.853055	3.338201	-35.829030	-2.573550	35.829030	7.414597	-40.738716	19.370086	40.738716	-17.866886	2.028121	
60	2.225920	-2.961890	3.372777	-37.718308	-2.741529	37.718308	8.148434	-41.936997	18.860627	41.936997	-16.659499	2.029299	
61	2.168980	-3.066948	3.407247	-39.585838	-2.914424	39.585838	8.993692	-43.130179	18.257150	43.130179	-15.372505	2.032602	
62	2.120173	-3.159226	3.441091	-41.470185	-3.079725	41.470185	9.774771	-44.258519	17.617803	44.258519	-14.054078	2.038201	
63	2.082687	-3.242159	3.473784	-43.433082	-3.234796	43.433082	10.401117	-45.326494	16.978635	45.326494	-12.722645	2.046041	
64	2.052034	-3.322501	3.504835	-45.484238	-3.381495	45.484238	10.919470	-46.374552	16.336634	46.374552	-11.362581	2.055981	
65	2.026913	-3.401965	3.533817	-47.578712	-3.515708	47.578712	11.389777	-47.413064	15.685621	47.413064	-9.966426	2.067910	
66	2.013364	-3.478040	3.560537	-49.688559	-3.631731	49.688559	11.770308	-48.407213	15.045853	48.407213	-8.557331	2.081737	
67	2.022144	-3.545398	3.585090	-51.821114	-3.731490	51.821114	11.931057	-49.297465	14.461910	49.297465	-7.176396	2.097323	
68	2.060317	-3.600967	3.607646	-53.969069	-3.829076	53.969069	11.802716	-50.062149	13.970328	50.062149	-5.848051	2.114464	
69	2.122266	-3.648973	3.628286	-56.094293	-3.945498	56.094293	11.496902	-50.762451	13.553852	50.762451	-4.543685	2.132984	
70	2.194522	-3.693797	3.647090	-58.147029	-4.089513	58.147029	11.187519	-51.460533	13.150333	51.460533	-3.204157	2.152856	
71	2.270897	-3.727607	3.664230	-60.070506	-4.250675	60.070506	10.910980	-52.123374	12.722921	52.123374	-1.811418	2.174141	
72	2.354013	-3.740125	3.680055	-61.847889	-4.424568	61.847889	10.593208	-52.691159	12.282544	52.691159	-0.392905	2.196826	
73	2.449209	-3.738268	3.695155	-63.572628	-4.628831	63.572628	10.138951	-53.167874	11.862366	53.167874	1.026637	2.220802	
74	2.560427	-3.737458	3.710264	-65.338189	-4.888064	65.338189	9.489802	-53.584605	11.482768	53.584605	2.450707	2.245902	
75	2.681253	-3.745086	3.726029	-67.087925	-5.219081	67.087925	8.763587	-53.972790	11.098040	53.972790	3.927406	2.272073	
76	2.806093	-3.757342	3.742735	-68.773664	-5.623316	68.773664	8.111523	-54.373948	10.666916	54.373948	5.487332	2.299529	
77	2.947581	-3.756827	3.760126	-70.489660	-6.087256	70.489660	7.457407	-54.812860	10.263398	54.812860	7.066864	2.328463	
78	3.114892	-3.727863	3.777683	-72.282944	-6.598939	72.282944	6.705225	-55.291571	9.959752	55.291571	8.601308	2.358758	
79	3.293658	-3.679302	3.795078	-74.080377	-7.161552	74.080377	5.981598	-55.821139	9.691871	55.821139	10.135261	2.390247	
80	3.462634	-3.629824	3.812249	-75.798389	-7.784694	75.798389	5.497334	-56.423214	9.338518	56.423214	11.763337	2.423004	
81	3.611034	-3.581775	3.829263	-77.372357	-8.464939	77.372357	5.307141	-57.068338	8.837742	57.068338	13.520401	2.457269	
82	3.743362	-3.525782	3.846209	-78.801166	-9.185288	78.801166	5.225524	-57.669615	8.227271	57.669615	15.351088	2.493272	
83	3.873927	-3.455927	3.863031	-80.163031	-9.934295	80.163031	5.055777	-58.205018	7.603496	58.205018	17.168981	2.531052	
84	4.009458	-3.378860	3.879529	-81.529137	-10.720028	81.529137	4.816536	-58.744174	7.006635	58.744174	18.952490	2.570388	
85	4.144414	-3.314286	3.895519	-82.922256	-11.569665	82.922256	4.602845	-59.315549	6.380207	59.315549	20.768012	2.611086	
86	4.276248	-3.275073	3.910922	-84.351986	-12.504753	84.351986	4.398554	-59.879482	5.673981	59.879482	22.676634	2.653298	
87	4.410532	-3.249090	3.925854	-85.828916	-13.505175	85.828916	4.132662	-60.426751	4.915712	60.426751	24.652906	2.697335	
88	4.549711	-3.214786	3.940669	-87.320508	-14.519943	87.320508	3.815336	-60.998960	4.150932	60.998960	26.631218	2.743273	
89	4.690945	-3.165214	3.955813	-88.778684	-15.519382	88.778684	3.502988	-61.625083	3.389404	61.625083	28.584327	2.790934	
90	4.828318	-3.107780	3.971675	-90.171663	-16.510858	90.171663	3.249115	-62.287808	2.599013	62.287808	30.533983	2.840105	
91	4.952209	-3.053542	3.988549	-91.411464	-17.507737	91.411464	3.155676	-62.938771	1.718701	62.938771	32.512689	2.890632	
92	5.060545	-3.006200	4.006566	-92.420515	-18.501606	92.420515	3.239639	-63.527459	0.740271	63.527459	34.503455	2.942336	
93	5.159337	-2.958418	4.025654	-93.228234	-19.469356	93.228234	3.375446	-64.025512	-0.287028	64.025512	36.446527	2.994942	
94	5.249700	-2.904265	4.045626	-93.890359	-20.401646	93.890359	3.490786	-64.428821	-1.347904	64.428821	38.311178	3.048143	
95	5.334928	-2.841235	4.066364	-94.445607	-21.301694	94.445607	3.543816	-64.733306	-2.414880	64.733306	40.065355	3.101674	
96	5.428980	-2.761427	4.087939	-94.924260	-22.172885	94.924260	3.406430	-64.921331	-3.375460	64.921331	41.608705	3.155267	
97	5.541807	-2.660134	4.110553	-95.321725	-23.036152	95.321725	3.034669	-65.002001	-4.146750	65.002001	42.863607	3.208647	
98	5.666999	-2.543189	4.134381	-95.613909	-23.917913	95.613909	2.585175	-65.033847	-4.780194	65.033847	43.871144	3.261640	
99	5.792572	-2.417775	4.159407	-95.810598	-24.819543	95.810598	2.215201	-65.063660	-5.369855	65.063660	44.714789	3.314211	
100	5.911537	-2.289877	4.185349	-95.920340	-25.739573	95.920340	2.004428	-65.093973	-5.969469	65.093973	45.446505	3.366357	
101	6.019497	-2.163139	4.211729	-95.917101	-26.668329	95.917101	2.002441	-65.117557	-6.593118	65.117557	46.070587	3.418028	
102	6.114610	-2.030734	4.238009	-95.802335	-27.552117	95.802335	2.122404	-65.119059	-7.191613	65.119059	46.514275	3.469108	
103	6.195948	-1.885474	4.263756	-95.584859	-28.356948	95.584859	2.249355	-65.069764	-7.710936	65.069764	46.710598	3.519420	
104	6.262539	-1.731618	4.288666	-95.268153	-29.123015	95.268153	2.413493	-64.968428	-8.157340	64.968428	46.686724	3.568798	
105	6.316484	-1.571691	4.312496	-94.870016	-29.890348	94.870016	2.623763	-64.819735	-8.530955	64.819735	46.474532	3.617082	
106	6.358782	-1.403029	4.335125	-94.383738	-30.669534	94.383738	2.818651	-64.583428	-8.805521	64.583428	46.051092	3.664009	
107	6.386122	-1.230373	4.356557	-93.790853	-31.491192	93.790853	3.058858	-64.234832	-8.985740	64.234832	45.407669	3.709243	
108	6.394758	-1.063214	4.376668	-93.076676	-32.394554	93.076676	3.502196	-63.804193	-9.101613	63.804193	44.572846	3.752460	
109	6.382462	-0.910554	4.395130	-92.212088	-33.423562	92.212088	4.281091	-63.327691	-9.200162	63.327691	43.614454	3.793359	
110	6.348764	-0.781337	4.411608	-91.151975	-34.639788	91.151975	5.483075	-62.823331	-9.341431	62.823331	42.628918	3.831771	
111	6.300959	-0.668994	4.425890	-89.896216	-36.044735	89.896216	6.999237	-62.295150	-9.466895	62.295150	41.580613	3.867722	
112	6.254157	-0.545900	4.437886	-88.530311	-37.550904	88.530311	8.510804	-61.766537	-9.393116	61.766537	40.298152	3.901252	
113	6.218687	-0.392937	4.447660	-87.148033	-39.091306	87.148033	9.833745	-61.311044	-9.039846	61.311044	38.739481	3.932298	
114	6.195366	-0.208681	4.455455	-85.789260	-40.648972	85.789260	10.971610	-60.981051	-8.431156	60.981051	36.964962	3.960805	
115	6.181383	0.006339	4.461649	-84.495030	-42.222311	84.495030	11.939561	-60.775920	-7.557248	60.775920	34.958492	3.986738	
116	6.173352	0.241386	4.466820	-83.398989	-43.891400	83.398989	12.923798	-60.753003	-6.473701	60.753003	32.769117	4.010100	
117	6.167611	0.475944	4.471829	-82.700311	-45.783840	82.700311	14.236372	-61.033971	-5.340674	61.033971	30.573162	4.031098	
118	6.163293	0.700563	4.477757	-82.529371	-47.944635	82.529371	15.998045	-61.713292	-4.261672	61.713292	28.478408	4.050197	
119	6.160295	0.917210	4.485703	-82.853843	-50.322925	82.853843	18.170952	-62.807153	-3.241908	62.807153	26.463466	4.067918	
120	6.156417	1.136709	4.496535	-83.564061	-52.774820	83.564061	20.587778	-64.238810	-2.224762	64.238810	24.418368	4.084517	
121	6.154408	1.380621	4.510755	-84.649265	-55.111175	84.649265	22.928145	-65.945375	-1.093567	65.945375	22.170914	4.099787	
122	6.161887	1.653905	4.528579	-86.185527	-57.300451	86.185527	25.172369	-68.006540	0.168404	68.006540	19.691493	4.113284	
123	6.184408	1.931451	4.550109	-88.193412	-59.527101	88.193412	27.794416	-70.593517	1.393075	70.593517	17.188826	4.124812	
124	6.223708	2.193176	4.575371	-90.661717	-61.959451	90.661717	31.172626	-73.808171	2.458953	73.808171	14.816791	4.134601	
125	6.274690	2.435402	4.604073	-93.658259	-64.630545	93.658259	35.374440	-77.626921	3.362649	77.626921	12.565468	4.143045	
126	6.327053	2.647361	4.635508	-97.216510	-67.556832	97.216510	40.529734	-81.966584	4.044033	81.966584	10.485311	4.150528	
127	6.378179	2.813064	4.668723	-101.264765	-70.810297	101.264765	46.861403	-86.788510	4.397164	86.788510	8.723511	4.157540	
128	6.437722	2.927484	4.702587	-105.786899	-74.462691	105.786899	54.442431	-92.120129	4.407135	92.120129	7.368684	4.164765	
129	6.512305	2.998300	4.735704	-110.778920	-78.508727	110.778920	63.115148	-97.945296	4.161240	97.945296	6.387070	4.172955	
130	6.595535	3.045053	4.766445	-116.134482	-82.805499	116.134482	72.460770	-104.132075	3.810448	104.132075	5.630434	4.182628	
131	6.680077	3.095677	4.793086	-121.804911	-87.104244	121.804911	81.861710	-110.499738	3.541828	110.499738	4.882605	4.193822	
132	6.768152	3.171005	4.814075	-127.872596	-91.235382	127.872596	90.853383	-116.966775	3.472450	116.966775	4.008019	4.206185	
133	6.865227	3.275641	4.828357	-134.409002	-95.186069	134.409002	99.321153	-123.573171	3.603736	123.573171	3.004263	4.219298	
134	6.972278	3.403995	4.835379	-141.401394	-99.008454	141.401394	107.350048	-130.361789	3.897102	130.361789	1.907331	4.232850	
135	7.084665	3.544369	4.834852	-148.775711	-102.776391	148.775711	115.121800	-137.314676	4.305598	137.314676	0.758411	4.246618	
136	7.196416	3.682551	4.826757	-156.496385	-106.567336	156.496385	122.831795	-144.376676	4.787853	144.376676	-0.399816	4.260448	
137	7.306052	3.809012	4.811430	-164.610935	-110.421754	164.610935	130.559270	-151.506766	5.309376	151.506766	-1.515803	4.274283	
138	7.413870	3.924523	4.789595	-173.077405	-114.281072	173.077405	138.141642	-158.649530	5.825892	158.649530	-2.520308	4.288234	
139	7.511576	4.042446	4.762327	-181.617645	-117.921445	181.617645	145.082144	-165.611123	6.344689	165.611123	-3.421667	4.302459	
140	7.587458	4.178257	4.730861	-189.970420	-121.122613	189.970420	150.910405	-172.175222	6.927877	172.175222	-4.325218	4.316869	
141	7.648138	4.331941	4.696360	-198.284358	-124.024098	198.284358	155.871926	-178.512145	7.534975	178.512145	-5.241972	4.331199	
142	7.710692	4.486576	4.659785	-206.890109	-126.988169	206.890109	160.712212	-185.017192	7.980326	185.017192	-6.017786	4.345450	
143	7.779582	4.627189	4.621887	-215.860642	-130.161339	215.860642	165.811924	-191.785325	8.113713	191.785325	-6.524951	4.359934	
144	7.859666	4.752177	4.583294	-225.238051	-133.646199	225.238051	171.351911	-198.926163	7.915501	198.926163	-6.761983	4.375074	
145	7.968762	4.866902	4.544593	-235.290412	-137.733864	235.290412	177.749177	-206.893791	7.452267	206.893791	-6.798283	4.391459	
146	8.117490	4.975419	4.506320	-246.276493	-142.558218	246.276493	185.172885	-215.883526	6.819445	215.883526	-6.713094	4.409841	
147	8.294775	5.075824	4.468878	-258.194082	-147.889891	258.194082	193.230924	-225.448273	6.065762	225.448273	-6.525547	4.430889	
148	8.484667	5.169007	4.432524	-270.805955	-153.406525	270.805955	201.335976	-235.068642	5.247247	235.068642	-6.262203	4.454997	
149	8.682700	5.264566	4.397455	-283.935067	-158.962349	283.935067	209.111269	-244.636887	4.503639	244.636887	-6.041188	4.482318	
150	8.882828	5.363306	4.363835	-297.546541	-164.516196	297.546541	216.428287	-254.071354	3.936309	254.071354	-5.944250	4.512828	
151	9.071118	5.454150	4.331785	-311.435681	-169.947717	311.435681	223.148418	-263.056124	3.559387	263.056124	-5.965722	4.546287	
152	9.245022	5.535148	4.301399	-325.234455	-175.142668	325.234455	229.091177	-271.512880	3.400838	271.512880	-6.118018	4.582312	
153	9.416918	5.615136	4.272637	-338.769391	-180.122283	338.769391	234.209505	-279.733226	3.486765	279.733226	-6.413630	4.620646	
154	9.593731	5.696612	4.245162	-351.993608	-184.892995	351.993608	238.487130	-287.852391	3.791450	287.852391	-6.808503	4.661244	
155	9.769687	5.775159	4.218465	-364.752179	-189.371561	364.752179	241.837051	-295.753695	4.323053	295.753695	-7.288655	4.704086	
156	9.939809	5.851939	4.192197	-376.962795	-193.565185	376.962795	244.279287	-303.511611	5.158638	303.511611	-7.915856	4.749076	
157	10.106815	5.931945	4.166234	-388.608934	-197.573639	388.608934	245.969376	-311.383143	6.327892	311.383143	-8.717448	4.796183	
158	10.275205	6.015564	4.140514	-399.572144	-201.472807	399.572144	247.099913	-319.513040	7.801099	319.513040	-9.665063	4.845518	
159	10.445624	6.098971	4.114894	-409.921735	-205.368706	409.921735	247.938258	-327.917808	9.580665	327.917808	-10.756825	4.897225	
160	10.612137	6.175809	4.089138	-419.846974	-209.364701	419.846974	248.733023	-336.487803	11.697495	336.487803	-12.017895	4.951279	
161	10.767037	6.242675	4.063036	-429.232713	-213.444289	429.232713	249.521981	-345.061755	14.187880	345.061755	-13.485999	5.007371	
162	10.912286	6.305559	4.036440	-437.999945	-217.585134	437.999945	250.260356	-353.657094	17.077500	353.657094	-15.197304	5.065070	
163	11.061218	6.373477	4.009110	-446.344399	-221.879963	446.344399	251.028295	-362.498059	20.351946	362.498059	-17.144825	5.124112	
164	11.229428	6.453433	3.980620	-454.267631	-226.416993	454.267631	251.888480	-371.855586	24.006900	371.855586	-19.312392	5.184515	
165	11.427279	6.557024	3.950497	-461.569082	-231.179699	461.569082	252.706554	-381.923409	28.120501	381.923409	-21.752399	5.246540	
166	11.656190	6.698260	3.918378	-468.129539	-236.061190	468.129539	253.226991	-392.717144	32.801160	392.717144	-24.556365	5.310598	
167	11.911651	6.882917	3.884059	-473.840395	-240.927105	473.840395	253.261158	-404.103559	38.089430	404.103559	-27.766921	5.377085	
168	12.191106	7.110151	3.847501	-478.625097	-245.746144	478.625097	252.818232	-416.029356	43.987818	416.029356	-31.398672	5.446291	
169	12.492355	7.379431	3.808767	-482.397517	-250.554907	482.397517	251.980739	-428.548261	50.518751	428.548261	-35.491457	5.518457	
170	12.807344	7.688843	3.767943	-484.744135	-255.245219	484.744135	250.663173	-441.558737	57.667983	441.558737	-40.060626	5.593739	
171	13.127526	8.034856	3.725206	-484.957097	-259.561009	484.957097	248.626125	-454.804955	65.353462	454.804955	-45.061751	5.672147	
172	13.450534	8.416701	3.680911	-482.388204	-263.293755	482.388204	245.688034	-468.170511	73.492578	468.170511	-50.448154	5.753665	
173	13.775186	8.832642	3.635499	-476.619757	-266.356354	476.619757	241.856701	-481.674468	82.017545	481.674468	-56.190560	5.838357	
174	14.096750	9.275093	3.589410	-467.484677	-268.729302	467.484677	237.289130	-495.230676	90.836912	495.230676	-62.242538	5.926243	
175	14.410570	9.735658	3.542956	-454.892904	-270.385703	454.892904	232.131950	-508.650918	99.845917	508.650918	-68.547297	6.017157	
176	14.715441	10.210802	3.496034	-438.688954	-271.248936	438.688954	226.430187	-521.783188	108.963260	521.783188	-75.073079	6.110843	
177	15.009123	10.700300	3.448144	-419.112398	-271.323348	419.112398	220.315882	-534.519323	118.129884	534.519323	-81.823065	6.207103	
178	15.278257	11.200248	3.398858	-397.199861	-270.832580	397.199861	214.245445	-546.696513	127.230872	546.696513	-88.789427	6.305772	
179	15.497655	11.697441	3.348056	-374.138114	-270.068406	374.138114	208.855137	-558.083660	136.026807	558.083660	-95.893118	6.406600	
180	15.646473	12.174144	3.295904	-350.428748	-269.190857	350.428748	204.622003	-568.597232	144.243910	568.597232	-103.002237	6.509300	
181	15.720845	12.619012	3.242799	-326.210244	-268.317314	326.210244	201.841207	-578.449954	151.725563	578.449954	-109.997308	6.613823	
182	15.729486	13.029737	3.189145	-302.042060	-267.687022	302.042060	200.830041	-587.985236	158.460154	587.985236	-116.793312	6.720532	
183	15.690015	13.409809	3.135153	-278.633231	-267.527789	278.633231	201.815784	-597.544567	164.558474	597.544567	-123.338385	6.830131	
184	15.630948	13.772912	3.080900	-255.963388	-267.675125	255.963388	204.402531	-607.351638	170.255333	607.351638	-129.612862	6.943618	
185	15.578540	14.150975	3.026452	-233.265554	-267.360597	233.265554	207.199786	-617.011950	175.761267	617.011950	-135.576486	7.062374	
186	15.540949	14.587845	2.971801	-209.645431	-265.375252	209.645431	208.070338	-625.135384	181.006527	625.135384	-141.067513	7.188153	
187	15.515818	15.119607	2.916805	-184.669076	-260.657372	184.669076	205.101679	-629.948351	185.637625	629.948351	-145.817090	7.322885	
188	15.501819	15.754966	2.861270	-158.881238	-253.246466	158.881238	198.236119	-630.716530	189.175942	630.716530	-149.565534	7.468292	
189	15.502115	16.464363	2.805066	-133.011190	-244.266870	133.011190	189.474472	-628.338082	191.123221	628.338082	-152.077014	7.625445	
190	15.521120	17.200258	2.748231	-106.430526	-234.488279	106.430526	180.487232	-624.062194	191.071934	624.062194	-153.090114	7.794601	
191	15.552867	17.928471	2.690980	-77.731057	-223.725761	77.731057	171.353605	-618.118962	188.695852	618.118962	-152.288023	7.975406	
192	15.589199	18.630623	2.633537	-46.336860	-211.587166	46.336860	161.699013	-609.838800	183.803575	609.838800	-149.418195	8.167045	
193	15.634342	19.299332	2.576074	-12.613007	-197.998904	12.613007	151.500320	-598.490056	176.429318	598.490056	-144.447323	8.368244	
194	15.688530	19.934035	2.518804	22.690195	-183.245557	-22.690195	141.253344	-583.804813	166.564515	583.804813	-137.385453	8.577457	
195	15.734838	20.527408	2.461966	58.860257	-167.713733	-58.860257	131.776131	-565.843583	153.989819	565.843583	-128.133834	8.793144	
196	15.756120	21.063092	2.405747	95.546609	-151.635078	-95.546609	123.694643	-544.731139	138.563814	544.731139	-116.718110	9.013869	
197	15.746547	21.523747	2.350276	132.530606	-135.146475	-132.530606	117.393771	-520.661453	120.425338	520.661453	-103.470804	9.238226	
198	15.708067	21.894647	2.295656	169.446450	-118.356755	-169.446450	113.161655	-493.932448	99.943018	493.932448	-88.987772	9.464763	
199	15.655382	22.170522	2.241963	205.902544	-101.437457	-205.902544	111.355186	-465.201973	77.694743	465.201973	-74.110849	9.692023	
200	15.618232	22.358910	2.189220	241.453708	-84.760181	-241.453708	112.664079	-435.651942	54.392906	435.651942	-59.881881	9.918641	
201	15.631310	22.468214	2.137401	275.498031	-68.714174	-275.498031	117.833812	-406.486779	30.757099	406.486779	-47.452731	10.143235	
202	15.725071	22.496991	2.086495	307.390980	-53.456672	-307.390980	127.177549	-378.438985	7.457413	378.438985	-38.014956	10.364146	
203	15.923532	22.441337	2.036542	336.616141	-39.005106	-336.616141	140.686176	-351.895055	-14.953402	351.895055	-32.664109	10.579277	
204	16.248022	22.307412	1.987639	362.905624	-25.454746	-362.905624	158.416692	-327.162498	-36.144783	327.162498	-32.264575	10.786066	
205	16.713087	22.103523	1.939968	386.157976	-12.966238	-386.157976	180.429103	-304.372979	-56.083374	304.372979	-37.354083	10.981528	
206	17.313445	21.825032	1.893768	406.192002	-1.617673	-406.192002	206.347032	-283.201446	-75.028310	283.201446	-47.991054	11.162223	
207	18.024352	21.460925	1.849168	422.617122	8.603849	-422.617122	235.152513	-262.794856	-93.475979	262.794856	-63.647144	11.324288	
208	18.817389	21.019802	1.806054	434.727131	17.621404	-434.727131	265.594682	-242.052476	-112.210726	242.052476	-83.179489	11.463713	
209	19.661544	20.543475	1.764128	441.148964	25.124898	-441.148964	296.902955	-219.921215	-132.492051	219.921215	-104.601635	11.576885	
210	20.509327	20.079602	1.723139	439.806669	30.830521	-439.806669	328.551060	-195.237500	-155.843686	195.237500	-125.131674	11.661277	
211	21.308267	19.653479	1.683061	428.734830	34.827136	-428.734830	359.485213	-166.539239	-183.427367	166.539239	-142.027095	11.715781	
212	22.034166	19.279046	1.644005	407.045878	37.486663	-407.045878	388.527873	-132.322338	-215.820621	132.322338	-153.355953	11.740479	
213	22.701781	18.970288	1.605978	375.409412	39.229747	-375.409412	415.380805	-91.387978	-253.129883	91.387978	-158.166279	11.736278	
214	23.344592	18.726476	1.568854	336.367189	40.455769	-336.367189	441.012065	-43.145774	-294.883294	43.145774	-156.392535	11.704744	
215	23.989922	18.513631	1.532618	294.653041	41.542202	-294.653041	467.453873	12.136141	-339.724035	-12.136141	-148.772909	11.648168	
216	24.637670	18.261191	1.497457	256.693590	42.770216	-256.693590	497.265654	73.201534	-385.055418	-73.201534	-136.728895	11.569690	
217	25.238549	17.866245	1.463634	228.875100	44.201490	-228.875100	532.326047	137.717200	-426.730934	-137.717200	-122.055518	11.473378	
218	25.687792	17.194145	1.431378	215.556992	45.706826	-215.556992	571.828171	202.416755	-458.880861	-202.416755	-106.854980	11.364082	
219	25.843967	16.085162	1.400891	217.681542	47.009556	-217.681542	610.561220	263.437032	-474.225199	-263.437032	-93.638400	11.246757	
220	25.557894	14.372491	1.372358	232.138189	47.427422	-232.138189	638.355681	316.505838	-465.330524	-316.505838	-84.385321	11.125566	
221	24.702281	11.897573	1.345931	252.089599	45.647294	-252.089599	640.384148	357.344199	-426.370248	-357.344199	-79.062634	11.003877	
222	23.202063	8.520639	1.321758	268.683877	40.052390	-268.683877	598.681287	382.840279	-354.596043	-382.840279	-75.688662	10.885342	
223	21.053593	4.152314	1.300005	274.589580	29.464741	-274.589580	496.892168	392.558959	-251.754712	-392.558959	-71.763315	10.774770	
224	18.324647	-1.168404	1.280753	268.189928	13.990692	-268.189928	329.149390	389.849303	-125.739990	-389.849303	-65.708762	10.677558	
225	15.131895	-7.179152	1.263848	255.114923	-4.407548	-255.114923	109.229944	381.937635	9.106708	-381.937635	-58.323046	10.597328	
226	11.600191	-13.371399	1.248924	245.180798	-22.187003	-245.180798	-127.951844	378.174842	135.159960	-378.174842	-53.726924	10.532343	
227	7.817656	-19.101073	1.235565	245.989675	-35.214741	-245.989675	-338.293177	386.578346	237.965489	-386.578346	-58.586313	10.472783	
228	3.829812	-23.806360	1.223333	258.351143	-40.071509	-258.351143	-488.538852	410.401155	311.595404	-410.401155	-78.891437	10.401446	
229	-0.282804	-27.205321	1.211611	278.249221	-35.401681	-278.249221	-568.374512	446.878351	357.588695	-446.878351	-115.008589	10.299009	
230	-4.335616	-29.338758	1.199553	301.587659	-22.349343	-301.587659	-587.152070	488.969805	379.890141	-488.969805	-159.559289	10.151613	
231	-8.088768	-30.457308	1.186238	326.466422	-3.685528	-326.466422	-563.236938	528.837894	381.906153	-528.837894	-201.126547	9.955774	
232	-11.343283	-30.859505	1.170989	353.207533	17.496197	-353.207533	-514.852454	560.801035	366.309631	-560.801035	-229.950050	9.717951	
233	-13.976713	-30.783264	1.153714	383.212237	38.677482	-383.212237	-455.582896	582.212499	335.553707	-582.212499	-240.781132	9.450648	
234	-15.924734	-30.371675	1.135075	417.318010	58.151823	-417.318010	-393.913293	592.849328	292.271979	-592.849328	-232.658351	9.168402	
235	-17.166771	-29.690851	1.116380	454.772436	74.918282	-454.772436	-334.965256	594.117447	239.621706	-594.117447	-207.808922	8.885080	
236	-17.726737	-28.763018	1.099221	493.098756	88.587190	-493.098756	-282.284893	588.414864	181.367203	-588.414864	-170.585675	8.612173	
237	-17.663241	-27.582069	1.084886	528.025629	99.232200	-528.025629	-238.684351	578.588392	121.534302	-578.588392	-126.303820	8.357798	
238	-17.054118	-26.134125	1.073717	553.635525	107.153310	-553.635525	-206.603172	567.316133	63.987055	-567.316133	-80.123210	8.126404	
239	-15.994659	-24.423864	1.064844	563.800898	112.719888	-563.800898	-188.180383	556.680812	12.046859	-556.680812	-36.340460	7.919105	
240	-14.601708	-22.481694	1.056887	553.779759	116.322049	-553.779759	-185.085061	548.192835	-31.820836	-548.192835	1.816503	7.734239	
241	-13.012924	-20.372278	1.049255	520.993877	118.320864	-520.993877	-197.870632	542.736237	-66.178227	-542.736237	32.225073	7.567951	
242	-11.376005	-18.203540	1.042183	465.967390	118.995854	-465.967390	-224.877147	540.446328	-90.763631	-540.446328	54.021880	7.414905	
243	-9.822926	-16.100400	1.035542	392.953838	118.492886	-392.953838	-261.794363	540.924502	-106.416832	-540.924502	67.571133	7.269063	
244	-8.445018	-14.162817	1.028709	309.953825	116.732854	-309.953825	-302.093461	543.392876	-114.606748	-543.392876	74.069316	7.124438	
245	-7.287387	-12.455957	1.021319	228.986463	113.417355	-228.986463	-337.626593	546.734881	-117.018992	-546.734881	75.166608	6.975821	
246	-6.362104	-11.014778	1.013044	165.539344	108.241005	-165.539344	-360.091674	549.862167	-115.224175	-549.862167	72.530196	6.819308	
247	-5.660305	-9.835599	1.003212	135.450618	101.076927	-135.450618	-363.163562	551.918286	-110.413164	-551.918286	67.510664	6.652464	
248	-5.153595	-8.875556	0.991255	149.531263	92.061420	-149.531263	-344.149348	552.114629	-103.518566	-552.114629	61.209323	6.474279	
249	-4.796172	-8.074886	0.977009	208.444216	81.670816	-208.444216	-304.812039	549.748857	-95.424676	-549.748857	54.578141	6.285070	
250	-4.532655	-7.382733	0.960719	300.844086	70.681803	-300.844086	-250.857146	544.339738	-87.030223	-544.339738	48.400800	6.086400	
251	-4.316701	-6.761677	0.942981	405.168602	60.115293	-405.168602	-191.273218	535.745334	-79.062641	-535.745334	43.148444	5.880879	
252	-4.124836	-6.181090	0.924474	494.917453	51.162558	-494.917453	-137.208895	524.189251	-71.827055	-524.189251	38.893665	5.671734	
253	-3.942996	-5.614820	0.905743	547.296980	44.893097	-547.296980	-98.771020	510.065994	-65.288579	-510.065994	35.489245	5.462402	
254	-3.755856	-5.038382	0.887115	551.567473	41.947511	-551.567473	-81.822401	493.797081	-59.181406	-493.797081	32.677204	5.256381	
255	-3.560908	-4.432044	0.868753	512.151534	42.449725	-512.151534	-86.760749	475.841502	-53.025917	-475.841502	30.062136	5.057102	
256	-3.374087	-3.807504	0.850778	444.741904	46.007635	-444.741904	-108.621367	456.603797	-46.437195	-456.603797	27.285105	4.867631	
257	-3.217068	-3.229365	0.833213	368.094295	51.772529	-368.094295	-138.982914	436.297267	-39.418045	-436.297267	24.226282	4.690338	
258	-3.100615	-2.769634	0.815941	297.340535	58.700507	-297.340535	-170.072379	415.151344	-32.188373	-415.151344	20.923231	4.526623	
259	-3.015298	-2.456011	0.798833	241.866699	65.828586	-241.866699	-197.172578	393.625918	-24.982892	-393.625918	17.452749	4.376879	
260	-2.938358	-2.285386	0.781823	205.576797	72.386778	-205.576797	-218.040768	372.278229	-18.054647	-372.278229	13.931053	4.240660	
261	-2.838897	-2.232645	0.764972	188.137672	77.847155	-188.137672	-232.217065	351.595077	-11.622754	-351.595077	10.468162	4.116902	
262	-2.681293	-2.243184	0.748431	186.603612	81.906792	-186.603612	-240.447894	331.827289	-5.819408	-331.827289	7.106289	4.004257	
263	-2.437520	-2.255268	0.732317	196.361875	84.403968	-196.361875	-243.828329	312.892384	-0.726007	-312.892384	3.834128	3.901478	
264	-2.093093	-2.226685	0.716736	211.893270	85.272861	-211.893270	-243.375431	294.540842	3.579360	-294.540842	0.641204	3.807607	
265	-1.644148	-2.133390	0.701788	227.883030	84.561942	-227.883030	-240.023317	276.536711	7.022898	-276.536711	-2.468363	3.722002	
266	-1.098797	-1.954908	0.687564	240.201150	82.450935	-240.201150	-234.640183	258.697436	9.573863	-258.697436	-5.500304	3.644298	
267	-0.480983	-1.676552	0.674231	246.287718	79.217788	-246.287718	-227.990795	240.978195	11.258299	-240.978195	-8.453072	3.574338	
268	0.173893	-1.300793	0.661965	245.064992	75.153140	-245.064992	-220.586745	223.480997	12.142754	-223.480997	-11.281029	3.512062	
269	0.827204	-0.847860	0.650777	236.688612	70.522333	-236.688612	-212.605955	206.345469	12.324533	-206.345469	-13.901726	3.457434	
270	1.444456	-0.350331	0.640571	222.231060	65.608792	-222.231060	-204.118420	189.744246	11.925737	-189.744246	-16.230718	3.410387	
271	2.000236	0.154607	0.631272	203.320264	60.709660	-203.320264	-195.250137	173.901331	11.081021	-173.901331	-18.215483	3.370758	
272	2.477895	0.636583	0.622793	181.792028	56.075490	-181.792028	-186.164035	159.045245	9.929668	-159.045245	-19.851903	3.338187	
273	2.870084	1.071888	0.615030	159.263791	51.878615	-159.263791	-177.022760	145.335862	8.608266	-145.335862	-21.188843	3.312075	
274	3.176146	1.433147	0.607919	136.851760	48.229110	-136.851760	-167.935243	132.824516	7.251006	-132.824516	-22.329311	3.291588	
275	3.393888	1.695121	0.601379	115.311349	45.203802	-115.311349	-159.021873	121.521617	6.005829	-121.521617	-23.407835	3.275572	
276	3.518274	1.850192	0.595285	95.217318	42.845677	-95.217318	-150.537572	111.460925	5.030027	-111.460925	-24.545305	3.262534	
277	3.548253	1.906174	0.589554	76.902276	41.146860	-76.902276	-142.827029	102.661802	4.459932	-102.661802	-25.826860	3.250865	
278	3.491822	1.870693	0.584165	60.408064	40.046810	-60.408064	-136.155296	95.065334	4.393195	-95.065334	-27.319717	3.239067	
279	3.364100	1.747268	0.579075	45.608572	39.433809	-45.608572	-130.606523	88.520340	4.885887	-88.520340	-29.073352	3.225801	
280	3.182683	1.542743	0.574138	32.352827	39.154392	-32.352827	-126.079779	82.803161	5.946482	-82.803161	-31.091139	3.209851	
281	2.962398	1.265013	0.569175	20.521302	39.058204	-20.521302	-122.364430	77.678033	7.551812	-77.678033	-33.334122	3.190076	
282	2.714254	0.921820	0.564066	10.065640	39.017461	-10.065640	-119.249863	72.962958	9.654322	-72.962958	-35.724525	3.165410	
283	2.453371	0.529831	0.558720	1.013151	38.897325	-1.013151	-116.511357	68.506539	12.132812	-68.506539	-38.116132	3.135047	
284	2.194411	0.105334	0.553019	-6.572774	38.562068	6.572774	-113.946601	64.198262	14.837735	-64.198262	-40.343997	3.098603	
285	1.936862	-0.352547	0.546863	-12.580059	37.900255	12.580059	-111.531766	60.046119	17.710919	-60.046119	-42.309898	3.055935	
286	1.672946	-0.849617	0.540296	-16.877590	36.862376	16.877590	-109.353908	56.119277	20.733613	-56.119277	-43.949424	3.006947	
287	1.402166	-1.376957	0.533466	-19.462196	35.523344	19.462196	-107.414559	52.433346	23.819335	-52.433346	-45.173378	2.951688	
288	1.126693	-1.918092	0.526422	-20.486206	34.055074	20.486206	-105.601010	48.962627	26.846839	-48.962627	-45.887713	2.890428	
289	0.848483	-2.462607	0.519103	-20.131705	32.620698	20.131705	-103.743713	45.689981	29.685348	-45.689981	-46.013279	2.823617	
290	0.576402	-3.001038	0.511512	-18.612633	31.289180	18.612633	-101.647284	42.611116	32.151025	-42.611116	-45.476959	2.751979	
291	0.322019	-3.518761	0.503811	-16.259810	29.995535	16.259810	-99.143636	39.731976	34.056037	-39.731976	-44.248501	2.676672	
292	0.088916	-4.000519	0.496197	-13.511872	28.618068	13.511872	-96.157542	37.057648	35.311073	-37.057648	-42.395270	2.599160	
293	-0.127867	-4.433177	0.488737	-10.822581	27.122620	10.822581	-92.721053	34.593119	35.927663	-34.593119	-40.062550	2.520889	
294	-0.336032	-4.799044	0.481352	-8.546495	25.593476	8.546495	-88.918489	32.369499	35.942498	-32.369499	-37.401883	2.443080	
295	-0.539789	-5.071714	0.473953	-6.862962	24.152184	6.862962	-84.790480	30.424535	35.370514	-30.424535	-34.536260	2.366809	
296	-0.740113	-5.229540	0.466593	-5.760067	22.896843	5.760067	-80.340153	28.755512	34.249874	-28.755512	-31.597483	2.293125	
297	-0.936935	-5.270131	0.459424	-5.088140	21.886776	5.088140	-75.620068	27.310064	32.686459	-27.310064	-28.750926	2.222906	
298	-1.126363	-5.208732	0.452520	-4.655987	21.131678	4.655987	-70.763476	26.003464	30.825749	-26.003464	-26.150241	2.156647	
299	-1.303759	-5.066353	0.445848	-4.319500	20.598737	4.319500	-65.958639	24.757445	28.818327	-24.757445	-23.898113	2.094443	
300	-1.467685	-4.853905	0.439367	-3.990289	20.224393	3.990289	-61.350483	23.525802	26.791059	-23.525802	-22.035864	2.036098	
301	-1.616495	-4.571778	0.433045	-3.609784	19.916625	3.609784	-57.009170	22.278306	24.842857	-22.278306	-20.549898	1.981286	
302	-1.744715	-4.226567	0.426778	-3.199888	19.585544	3.199888	-53.018519	20.990652	23.064417	-20.990652	-19.390199	1.929664	
303	-1.845361	-3.838415	0.420465	-2.888002	19.183099	2.888002	-49.490558	19.652215	21.534636	-19.652215	-18.489326	1.881015	
304	-1.922280	-3.445368	0.414165	-2.846692	18.731918	2.846692	-46.559883	18.265116	20.329365	-18.265116	-17.822876	1.835284	
305	-1.994044	-3.105308	0.408058	-3.217288	18.318933	3.217288	-44.395045	16.840206	19.522965	-16.840206	-17.435078	1.792180	
306	-2.074495	-2.869609	0.402270	-4.017814	18.016256	4.017814	-43.071114	15.398991	19.127472	-15.398991	-17.341704	1.750855	
307	-2.156867	-2.741990	0.396801	-5.083295	17.793974	5.083295	-42.381877	13.972414	19.034794	-13.972414	-17.441496	1.710269	
308	-2.222215	-2.670938	0.391613	-6.160997	17.520664	6.160997	-41.868918	12.584723	19.055616	-12.584723	-17.560898	1.669916	
309	-2.256624	-2.597770	0.386695	-7.112683	17.068513	7.112683	-41.143354	11.237147	19.045475	-11.237147	-17.572565	1.630104	
310	-2.256807	-2.501827	0.382016	-7.976453	16.393537	7.976453	-40.108228	9.919452	18.968860	-9.919452	-17.444365	1.591537	
311	-2.228144	-2.394131	0.377480	-8.853919	15.517150	8.853919	-38.874466	8.634974	18.854880	-8.634974	-17.208000	1.554862	
312	-2.187433	-2.307377	0.372960	-9.761879	14.525426	9.761879	-37.687620	7.408184	18.774239	-7.408184	-16.951819	1.520341	
313	-2.155020	-2.281765	0.368423	-10.552660	13.536037	10.552660	-36.790071	6.271369	18.793790	-6.271369	-16.771882	1.487468	
314	-2.131931	-2.316805	0.363917	-11.059919	12.579864	11.059919	-36.116010	5.239337	18.863724	-5.239337	-16.646626	1.455223	
315	-2.098180	-2.366206	0.359382	-11.293008	11.608192	11.293008	-35.339343	4.300020	18.839292	-4.300020	-16.446307	1.423012	
316	-2.036693	-2.392126	0.354640	-11.354991	10.613043	11.354991	-34.251289	3.436238	18.630498	-3.436238	-16.081415	1.391034	
317	-1.946762	-2.388050	0.349593	-11.310210	9.657513	11.310210	-32.874103	2.643521	18.247482	-2.643521	-15.559885	1.359806	
318	-1.837375	-2.361543	0.344250	-11.214849	8.824219	11.214849	-31.331804	1.924910	17.743917	-1.924910	-14.934195	1.329747	
319	-1.716212	-2.321142	0.338651	-11.107884	8.158807	11.107884	-29.740786	1.282094	17.169447	-1.282094	-14.248208	1.301079	
320	-1.586746	-2.273233	0.332855	-10.947596	7.649210	10.947596	-28.158872	0.714507	16.552163	-0.714507	-13.523680	1.273871	
321	-1.452906	-2.223759	0.326886	-10.664266	7.256135	10.664266	-26.617322	0.222074	15.910203	-0.222074	-12.779471	1.248108	
322	-1.319924	-2.176879	0.320745	-10.253131	6.942632	10.253131	-25.147797	-0.195499	15.261290	0.195499	-12.038173	1.223683	
323	-1.190626	-2.133206	0.314587	-9.759708	6.675223	9.759708	-23.764113	-0.541857	14.616669	0.541857	-11.312392	1.200425	
324	-1.068341	-2.105401	0.308701	-9.193798	6.437926	9.193798	-22.544635	-0.817318	14.003391	0.817318	-10.624505	1.178109	
325	-0.959197	-2.116229	0.303226	-8.519722	6.236400	8.519722	-21.616420	-1.014061	13.452727	1.014061	-10.006757	1.156270	
326	-0.862690	-2.157706	0.298081	-7.763806	6.055650	7.763806	-20.900387	-1.134693	12.924780	1.134693	-9.437376	1.134259	
327	-0.767985	-2.187731	0.293185	-7.044983	5.847953	7.044983	-20.115930	-1.203283	12.327857	1.203283	-8.842907	1.111839	
328	-0.663728	-2.173586	0.288624	-6.464425	5.573532	6.464425	-19.080353	-1.246010	11.616189	1.246010	-8.174236	1.089470	
329	-0.543512	-2.106433	0.284534	-6.047392	5.216914	6.047392	-17.785435	-1.277498	10.801361	1.277498	-7.424562	1.067979	
330	-0.404925	-1.985925	0.280914	-5.783197	4.775922	5.783197	-16.270312	-1.309040	9.907835	1.309040	-6.602256	1.048264	
331	-0.250753	-1.815559	0.277624	-5.663400	4.264867	5.663400	-14.583411	-1.354593	8.965032	1.354593	-5.728709	1.031219	
332	-0.093542	-1.621808	0.274523	-5.661331	3.736405	5.661331	-12.905304	-1.414080	8.046649	1.414080	-4.869954	1.017554	
333	0.046689	-1.460565	0.271496	-5.702549	3.271641	5.702549	-11.569791	-1.457660	7.266130	1.457660	-4.130338	1.007329	
334	0.156847	-1.374856	0.268447	-5.708388	2.918740	5.708388	-10.794095	-1.448795	6.684010	1.448795	-3.572099	0.999740	
335	0.236630	-1.355965	0.265355	-5.656629	2.661561	5.656629	-10.466911	-1.382332	6.260204	1.382332	-3.175051	0.993653	
336	0.292555	-1.356865	0.262270	-5.579558	2.449879	5.579558	-10.263533	-1.287634	5.904598	1.287634	-2.875137	0.988230	
337	0.332637	-1.335351	0.259185	-5.527013	2.245728	5.527013	-9.931195	-1.195845	5.550668	1.195845	-2.616895	0.983145	
338	0.358294	-1.289974	0.255934	-5.521009	2.054314	5.521009	-9.487177	-1.109151	5.202521	1.109151	-2.396780	0.978366	
339	0.363611	-1.254847	0.252336	-5.524765	1.909179	5.524765	-9.137190	-1.001821	4.909854	1.001821	-2.252360	0.973699	
340	0.347312	-1.258276	0.248422	-5.471403	1.826220	5.471403	-9.013879	-0.849079	4.694942	0.849079	-2.199552	0.968640	
341	0.314812	-1.300133	0.244391	-5.323397	1.792376	5.323397	-9.068990	-0.651004	4.533933	0.651004	-2.216415	0.962644	
342	0.269657	-1.358363	0.240373	-5.107009	1.787985	5.107009	-9.155734	-0.433818	4.391369	0.433818	-2.275687	0.955380	
343	0.216480	-1.399756	0.236385	-4.895624	1.790389	4.895624	-9.115338	-0.237193	4.231461	0.237193	-2.344665	0.946832	
344	0.164261	-1.407076	0.232480	-4.721481	1.776875	4.721481	-8.887329	-0.085695	4.031479	0.085695	-2.388797	0.937387	
345	0.116886	-1.395133	0.228710	-4.531551	1.742186	4.531551	-8.551899	0.029271	3.804185	-0.029271	-2.404970	0.927637	
346	0.072834	-1.381331	0.225051	-4.276557	1.691009	4.276557	-8.198618	0.128396	3.573722	-0.128396	-2.409315	0.918036	
347	0.034867	-1.361388	0.221523	-3.984996	1.618953	3.984996	-7.834791	0.219254	3.343828	-0.219254	-2.399867	0.908902	
348	0.007854	-1.315372	0.218191	-3.749381	1.516190	3.749381	-7.413362	0.287629	3.103983	-0.287629	-2.360804	0.900651	
349	-0.014247	-1.231192	0.215008	-3.642738	1.387531	3.642738	-6.924339	0.317038	2.862895	-0.317038	-2.301629	0.893789	
350	-0.046108	-1.130594	0.211836	-3.612322	1.259285	3.612322	-6.467979	0.326130	2.661472	-0.326130	-2.265400	0.888537	
351	-0.094742	-1.054503	0.208571	-3.521675	1.158523	3.521675	-6.169980	0.353986	2.535974	-0.353986	-2.286222	0.884606	
352	-0.161358	-1.026948	0.205184	-3.278299	1.097789	3.278299	-6.067287	0.418002	2.494461	-0.418002	-2.373840	0.881388	
353	-0.245831	-1.046417	0.201703	-2.872744	1.076192	2.872744	-6.119030	0.513655	2.523626	-0.513655	-2.519212	0.878211	
354	-0.339324	-1.097505	0.198111	-2.365633	1.084174	2.365633	-6.270723	0.631895	2.595987	-0.631895	-2.691926	0.874537	
355	-0.427871	-1.164420	0.194295	-1.847458	1.110178	1.847458	-6.486284	0.765789	2.682500	-0.765789	-2.858037	0.870139	
356	-0.500475	-1.233640	0.190072	-1.395320	1.140895	1.395320	-6.728399	0.907870	2.758508	-0.907870	-2.993325	0.865098	
357	-0.556299	-1.291940	0.185218	-1.067636	1.166481	1.067636	-6.961465	1.049892	2.812766	-1.049892	-3.093387	0.859710	
358	-0.605111	-1.332082	0.179601	-0.893897	1.189153	0.893897	-7.187927	1.191643	2.856131	-1.191643	-3.176951	0.854294	
359	-0.651020	-1.354905	0.173348	-0.854389	1.213726	0.854389	-7.424524	1.337357	2.899474	-1.337357	-3.255577	0.849051	
360	-0.687873	-1.365296	0.166817	-0.892129	1.239125	0.892129	-7.662701	1.482532	2.939518	-1.482532	-3.322757	0.844151	
361	-0.709246	-1.369310	0.160422	-0.954975	1.263065	0.954975	-7.886406	1.618903	2.973080	-1.618903	-3.375466	0.839751	
362	-0.706640	-1.368047	0.154539	-1.017641	1.277868	1.017641	-8.081689	1.744304	2.998960	-1.744304	-3.415274	0.835922	
363	-0.666462	-1.355805	0.149518	-1.066300	1.266723	1.066300	-8.223813	1.858558	3.010992	-1.858558	-3.440108	0.832682	
364	-0.577269	-1.326482	0.145611	-1.100206	1.216541	1.100206	-8.296546	1.959946	3.004725	-1.959946	-3.452262	0.830061	
365	-0.434043	-1.276008	0.142871	-1.141268	1.126747	1.141268	-8.312305	2.048887	2.984281	-2.048887	-3.463953	0.828068	
366	-0.234066	-1.202184	0.141202	-1.207675	1.002732	1.207675	-8.299281	2.130363	2.958844	-2.130363	-3.491432	0.826650	
367	0.024837	-1.102953	0.140434	-1.299821	0.849383	1.299821	-8.270689	2.205976	2.933446	-2.205976	-3.544385	0.825724	
368	0.339536	-0.974695	0.140334	-1.413000	0.672403	1.413000	-8.209600	2.267448	2.904760	-2.267448	-3.619587	0.825218	
369	0.705018	-0.815835	0.140679	-1.531886	0.476354	1.531886	-8.089765	2.305375	2.864909	-2.305375	-3.705728	0.825106	
370	1.123111	-0.627116	0.141292	-1.648294	0.258786	1.648294	-7.890373	2.314861	2.802260	-2.314861	-3.787220	0.825401	
371	1.593347	-0.412861	0.142008	-1.768230	0.016712	1.768230	-7.595940	2.292259	2.702536	-2.292259	-3.842091	0.826173	
372	2.092295	-0.188340	0.142709	-1.897327	-0.238783	1.897327	-7.210805	2.238714	2.557721	-2.238714	-3.843977	0.827504	
373	2.577512	0.026937	0.143499	-2.038456	-0.487115	2.038456	-6.750313	2.156513	2.366448	-2.156513	-3.763773	0.829435	
374	2.989745	0.211771	0.144705	-2.188974	-0.702135	2.188974	-6.239057	2.047346	2.135417	-2.047346	-3.578719	0.832028	
375	3.304405	0.356727	0.146604	-2.353469	-0.871832	2.353469	-5.718270	1.920571	1.880545	-1.920571	-3.297794	0.835386	
376	3.329911	0.373179	0.149083	-2.422784	-0.883427	2.422784	-5.413596	1.832228	1.710607	-1.832228	-3.013682	0.839355	
