kww	// User ID
29-6-2021	// Evaluation date
p34_warmup_014	29-6-2021	10:06:57:381	// Source file name and timestamp
357.143	// Sampling rate
0.881	// Data capture period

1.680000	// height
62.100000	// mass


Sample #	elbVar	shldrIR	LwristLinVelo	thorJFPd	thorSTPd	UaJFPp	UaSTPp	UaJFPd	UaSTPd	FaJFPp	FaSTPp	RwristLinVelo	
0	1.157022	-0.009436	1.806338	39.738749	2.094323	-39.738749	0.424807	14.761743	3.138521	-14.761743	-13.153990	2.316795	
1	1.195730	-0.008658	1.801128	39.618215	2.053120	-39.618215	0.122673	15.145482	3.206162	-15.145482	-13.566794	2.317367	
2	1.249885	-0.009700	1.794560	40.011542	2.088460	-40.011542	-0.213881	15.761471	3.320382	-15.761471	-14.160217	2.315167	
3	1.236731	-0.008390	1.787580	38.719952	1.808621	-38.719952	-0.351671	15.498185	3.246445	-15.498185	-13.894281	2.310821	
4	1.196706	-0.011244	1.781952	37.029677	1.426787	-37.029677	-0.378926	14.953657	3.115636	-14.953657	-13.327774	2.305546	
5	1.138637	-0.018335	1.778465	35.176365	0.980914	-35.176365	-0.324889	14.246384	2.954134	-14.246384	-12.571455	2.300005	
6	1.078133	-0.026666	1.777411	33.468536	0.533908	-33.468536	-0.234738	13.528444	2.796386	-13.528444	-11.779359	2.294618	
7	1.008842	-0.054690	1.778726	31.841281	0.137339	-31.841281	-0.158536	12.871494	2.641419	-12.871494	-10.978390	2.289696	
8	0.915435	-0.136587	1.782292	30.151378	-0.149683	-30.151378	-0.174059	12.389694	2.482926	-12.389694	-10.186809	2.285446	
9	0.798149	-0.281408	1.788033	28.414437	-0.302580	-28.414437	-0.307594	12.156397	2.320755	-12.156397	-9.447765	2.281832	
10	0.694762	-0.420746	1.795946	26.916035	-0.381215	-26.916035	-0.419219	12.060554	2.171803	-12.060554	-8.838482	2.278765	
11	0.658203	-0.451114	1.806134	26.102973	-0.489734	-26.102973	-0.340533	11.925301	2.083477	-11.925301	-8.455984	2.276335	
12	0.694149	-0.364268	1.818680	26.125256	-0.654407	-26.125256	-0.125021	11.762856	2.092685	-11.762856	-8.331206	2.274625	
13	0.766388	-0.229757	1.833428	26.721896	-0.822372	-26.721896	0.086263	11.681036	2.181995	-11.681036	-8.402931	2.273505	
14	0.851953	-0.085625	1.849870	27.635568	-0.962943	-27.635568	0.251285	11.693943	2.320775	-11.693943	-8.605521	2.272774	
15	0.945634	0.059572	1.867324	28.726928	-1.082080	-28.726928	0.366646	11.775640	2.490720	-11.775640	-8.905343	2.272257	
16	1.043978	0.197113	1.885265	29.905368	-1.184887	-29.905368	0.423844	11.924305	2.675775	-11.924305	-9.285088	2.271762	
17	1.143579	0.323822	1.903404	31.144748	-1.270622	-31.144748	0.437249	12.132840	2.860334	-12.132840	-9.728156	2.271059	
18	1.235522	0.435593	1.921576	32.391858	-1.324722	-32.391858	0.443397	12.381555	3.019573	-12.381555	-10.189236	2.269983	
19	1.310400	0.525034	1.939716	33.569418	-1.335169	-33.569418	0.469827	12.663478	3.130928	-12.663478	-10.624137	2.268469	
20	1.366477	0.584078	1.957835	34.636778	-1.315123	-34.636778	0.508612	12.995704	3.191983	-12.995704	-11.034812	2.266430	
21	1.405115	0.606345	1.975946	35.564942	-1.279358	-35.564942	0.536071	13.392189	3.211013	-13.392189	-11.439755	2.263681	
22	1.433466	0.602385	1.994059	36.358397	-1.244715	-36.358397	0.544902	13.830515	3.203511	-13.830515	-11.856273	2.259991	
23	1.463098	0.588435	2.012262	37.039919	-1.232497	-37.039919	0.526318	14.298168	3.188378	-14.298168	-12.319616	2.255025	
24	1.495968	0.564704	2.030673	37.566841	-1.239528	-37.566841	0.469409	14.809936	3.169556	-14.809936	-12.846052	2.248287	
25	1.524070	0.526601	2.049324	37.865691	-1.243845	-37.865691	0.388508	15.346855	3.134527	-15.346855	-13.391668	2.239323	
26	1.543058	0.476569	2.068247	37.940408	-1.238358	-37.940408	0.302035	15.866934	3.075794	-15.866934	-13.906087	2.227902	
27	1.555017	0.418658	2.087552	37.838285	-1.234844	-37.838285	0.214508	16.348784	2.998066	-16.348784	-14.375104	2.213958	
28	1.562312	0.358548	2.107210	37.592621	-1.244712	-37.592621	0.136230	16.779885	2.908301	-16.779885	-14.791650	2.197527	
29	1.566923	0.306362	2.126964	37.259617	-1.272083	-37.259617	0.085417	17.146211	2.813046	-17.146211	-15.145191	2.178773	
30	1.571003	0.266431	2.146559	36.904823	-1.317576	-36.904823	0.063740	17.449406	2.720529	-17.449406	-15.439617	2.157909	
31	1.577787	0.237733	2.165887	36.574023	-1.384665	-36.574023	0.057444	17.693234	2.640762	-17.693234	-15.687865	2.135078	
32	1.587533	0.215496	2.184870	36.263753	-1.464832	-36.263753	0.058818	17.885443	2.580967	-17.885443	-15.894607	2.110353	
33	1.594372	0.186322	2.203396	35.921050	-1.528510	-35.921050	0.068056	18.065358	2.543770	-18.065358	-16.062594	2.083730	
34	1.594464	0.143869	2.221472	35.528442	-1.555338	-35.528442	0.086445	18.260012	2.532562	-18.260012	-16.188602	2.055091	
35	1.588298	0.094976	2.239108	35.128159	-1.544044	-35.128159	0.117399	18.447816	2.550319	-18.447816	-16.248528	2.024345	
36	1.575726	0.045114	2.256084	34.780477	-1.494533	-34.780477	0.166882	18.602585	2.596419	-18.602585	-16.217681	1.991578	
37	1.556890	-0.004603	2.272204	34.527530	-1.409406	-34.527530	0.239724	18.714926	2.669919	-18.714926	-16.092247	1.957061	
38	1.533289	-0.051996	2.287635	34.374118	-1.298434	-34.374118	0.340789	18.768774	2.770076	-18.768774	-15.875863	1.921230	
39	1.505814	-0.095338	2.302693	34.312709	-1.168738	-34.312709	0.478123	18.754206	2.894663	-18.754206	-15.575747	1.884627	
40	1.476632	-0.134413	2.317493	34.333708	-1.025018	-34.333708	0.654728	18.686641	3.043673	-18.686641	-15.221637	1.847707	
41	1.448979	-0.168573	2.331945	34.419426	-0.874084	-34.419426	0.867691	18.581250	3.217773	-18.581250	-14.849963	1.810704	
42	1.423272	-0.197878	2.345829	34.559386	-0.721675	-34.559386	1.120980	18.436379	3.411413	-18.436379	-14.473373	1.773748	
43	1.401707	-0.218737	2.358862	34.770629	-0.580201	-34.770629	1.418442	18.236686	3.620314	-18.236686	-14.101011	1.736987	
44	1.389653	-0.223691	2.370928	35.093236	-0.467518	-35.093236	1.755797	17.960788	3.847317	-17.960788	-13.754132	1.700550	
45	1.385511	-0.216898	2.382177	35.500931	-0.380710	-35.500931	2.131337	17.612676	4.089161	-17.612676	-13.439843	1.664532	
46	1.382384	-0.213660	2.392859	35.864486	-0.296892	-35.864486	2.538013	17.226621	4.336338	-17.226621	-13.152547	1.628924	
47	1.378801	-0.221238	2.403253	36.053207	-0.204824	-36.053207	2.951964	16.825184	4.587653	-16.825184	-12.894736	1.593525	
48	1.377719	-0.235934	2.413596	36.017676	-0.111750	-36.017676	3.351149	16.400692	4.847985	-16.400692	-12.668462	1.558049	
49	1.383305	-0.246232	2.423936	35.837944	-0.035967	-35.837944	3.737593	15.910392	5.122509	-15.910392	-12.467165	1.522372	
50	1.400845	-0.237183	2.434178	35.634694	0.000691	-35.634694	4.117963	15.291280	5.419945	-15.291280	-12.289217	1.486627	
51	1.431160	-0.209226	2.444311	35.360455	-0.003500	-35.360455	4.466300	14.527808	5.745380	-14.527808	-12.137780	1.450977	
52	1.469160	-0.178293	2.454442	34.845345	-0.028785	-34.845345	4.741825	13.661995	6.091501	-13.661995	-12.005257	1.415376	
53	1.510588	-0.154761	2.464727	34.005395	-0.061708	-34.005395	4.925379	12.730329	6.446974	-12.730329	-11.877164	1.379685	
54	1.555325	-0.138819	2.475326	32.860449	-0.102927	-32.860449	5.014787	11.741538	6.806259	-11.741538	-11.746424	1.343845	
55	1.606707	-0.127228	2.486343	31.452368	-0.156150	-31.452368	5.004371	10.692579	7.172982	-10.692579	-11.618760	1.307845	
56	1.668081	-0.115928	2.497814	29.810612	-0.221213	-29.810612	4.890595	9.578027	7.553213	-9.578027	-11.498729	1.271587	
57	1.738593	-0.101451	2.509768	27.936757	-0.293653	-27.936757	4.689191	8.391831	7.941949	-8.391831	-11.370981	1.234937	
58	1.812833	-0.084862	2.522244	25.814217	-0.363921	-25.814217	4.428182	7.139875	8.321294	-7.139875	-11.204740	1.197860	
59	1.881781	-0.072875	2.535213	23.438182	-0.419195	-23.438182	4.145562	5.848664	8.665131	-5.848664	-10.964533	1.160484	
60	1.937549	-0.071845	2.548545	20.811345	-0.453213	-20.811345	3.875570	4.544988	8.952459	-4.544988	-10.626253	1.123131	
61	1.979728	-0.084966	2.562083	17.923896	-0.468684	-17.923896	3.607849	3.242617	9.185959	-3.242617	-10.194650	1.086210	
62	2.012000	-0.112926	2.575782	14.767614	-0.470359	-14.767614	3.311721	1.942677	9.380797	-1.942677	-9.684130	1.050045	
63	2.034319	-0.152281	2.589738	11.373481	-0.461919	-11.373481	3.003626	0.635650	9.538051	-0.635650	-9.092333	1.014982	
64	2.044481	-0.198783	2.604045	7.814528	-0.445305	-7.814528	2.724740	-0.677743	9.651972	0.677743	-8.415283	0.981550	
65	2.044115	-0.252223	2.618779	4.185799	-0.419424	-4.185799	2.479057	-1.977059	9.731980	1.977059	-7.665018	0.950265	
66	2.037293	-0.313272	2.634128	0.591955	-0.383259	-0.591955	2.250758	-3.249052	9.795821	3.249052	-6.854980	0.921452	
67	2.027049	-0.378222	2.650416	-2.906503	-0.342521	2.906503	2.038955	-4.514712	9.854800	4.514712	-5.990477	0.895442	
68	2.014734	-0.441735	2.668004	-6.307859	-0.305749	6.307859	1.852204	-5.806934	9.914072	5.806934	-5.075022	0.872766	
69	1.998948	-0.504477	2.687135	-9.590167	-0.273665	9.590167	1.705795	-7.118949	9.974003	7.118949	-4.109195	0.854045	
70	1.978475	-0.570205	2.707809	-12.684794	-0.243037	12.684794	1.620653	-8.420992	10.035670	8.420992	-3.092937	0.839810	
71	1.955676	-0.638786	2.729854	-15.521612	-0.214791	15.521612	1.608247	-9.706319	10.107721	9.706319	-2.032669	0.830502	
72	1.933071	-0.709543	2.753147	-18.054159	-0.190857	18.054159	1.665229	-10.972057	10.199230	10.972057	-0.934582	0.826493	
73	1.912022	-0.782723	2.777678	-20.274578	-0.172146	20.274578	1.778148	-12.209906	10.317012	12.209906	0.201959	0.827998	
74	1.893585	-0.857121	2.803435	-22.209626	-0.160948	22.209626	1.944253	-13.424006	10.465077	13.424006	1.383725	0.835097	
75	1.875882	-0.931333	2.830437	-23.888901	-0.161909	23.888901	2.206573	-14.623285	10.630980	14.623285	2.620250	0.847840	
76	1.857471	-1.001451	2.858822	-25.330970	-0.179943	25.330970	2.619853	-15.831933	10.798540	15.831933	3.909497	0.866281	
77	1.842319	-1.059360	2.888701	-26.540466	-0.214671	26.540466	3.175313	-17.091857	10.973700	17.091857	5.233861	0.890447	
78	1.834258	-1.098849	2.920022	-27.504934	-0.260191	27.504934	3.827027	-18.425666	11.165010	18.425666	6.577310	0.920270	
79	1.832136	-1.118185	2.952743	-28.210530	-0.310385	28.210530	4.564703	-19.834181	11.359115	19.834181	7.931698	0.955542	
80	1.832592	-1.117142	2.987002	-28.706265	-0.359401	28.706265	5.400552	-21.308949	11.530906	21.308949	9.287156	0.995950	
81	1.832884	-1.099154	3.023024	-29.169027	-0.399438	29.169027	6.305539	-22.808219	11.657348	22.808219	10.627706	1.041045	
82	1.832718	-1.074373	3.060939	-29.848439	-0.422494	29.848439	7.181716	-24.252984	11.725808	24.252984	11.939819	1.090177	
83	1.832442	-1.054956	3.100823	-30.922616	-0.426005	30.922616	7.933052	-25.568931	11.722756	25.568931	13.223044	1.142557	
84	1.829656	-1.047348	3.142824	-32.402448	-0.413436	32.402448	8.551686	-26.716579	11.616722	26.716579	14.483654	1.197441	
85	1.823488	-1.049946	3.187157	-34.187191	-0.388409	34.187191	9.057935	-27.692214	11.386717	27.692214	15.721899	1.254218	
86	1.817909	-1.056635	3.234017	-36.212176	-0.354287	36.212176	9.419246	-28.525011	11.044762	28.525011	16.930567	1.312409	
87	1.816849	-1.061451	3.283532	-38.485734	-0.316617	38.485734	9.587040	-29.253711	10.610060	29.253711	18.094640	1.371649	
88	1.821459	-1.061261	3.335684	-40.977873	-0.281677	40.977873	9.535386	-29.892775	10.094599	29.892775	19.197009	1.431622	
89	1.830351	-1.057367	3.390281	-43.536919	-0.255873	43.536919	9.272612	-30.423867	9.504078	30.423867	20.237134	1.492025	
90	1.840151	-1.054138	3.447062	-45.982702	-0.246946	45.982702	8.846593	-30.818923	8.837459	30.818923	21.229378	1.552610	
91	1.848685	-1.053412	3.505800	-48.228832	-0.262912	48.228832	8.307288	-31.074337	8.101198	31.074337	22.179404	1.613187	
92	1.857139	-1.052908	3.566244	-50.253971	-0.310618	50.253971	7.672212	-31.200163	7.318457	31.200163	23.085204	1.673589	
93	1.867264	-1.051414	3.628041	-52.037542	-0.397993	52.037542	6.953401	-31.185111	6.510428	31.185111	23.956152	1.733680	
94	1.875998	-1.052778	3.690819	-53.522211	-0.533718	53.522211	6.216185	-30.995737	5.667636	30.995737	24.814118	1.793379	
95	1.878316	-1.060390	3.754352	-54.613947	-0.721657	54.613947	5.555292	-30.615201	4.769484	30.615201	25.679171	1.852641	
96	1.875957	-1.070214	3.818646	-55.276798	-0.960538	55.276798	5.002428	-30.081870	3.831617	30.081870	26.561495	1.911475	
97	1.876176	-1.075616	3.883771	-55.551877	-1.250524	55.551877	4.525303	-29.459856	2.897069	29.459856	27.465389	1.970017	
98	1.884671	-1.072899	3.949727	-55.459982	-1.592868	55.459982	4.098653	-28.798486	2.000096	28.798486	28.384840	2.028507	
99	1.900905	-1.063189	4.016517	-54.986645	-1.987402	54.986645	3.743502	-28.116369	1.143139	28.116369	29.307160	2.087155	
100	1.917703	-1.053038	4.084051	-54.120312	-2.435099	54.120312	3.524798	-27.384743	0.293149	27.384743	30.228612	2.146050	
101	1.929238	-1.045950	4.152074	-52.880885	-2.931827	52.880885	3.493753	-26.583210	-0.576657	26.583210	31.143524	2.205163	
102	1.936881	-1.037222	4.220382	-51.364802	-3.464019	51.364802	3.637466	-25.755903	-1.456414	25.755903	32.033280	2.264410	
103	1.944786	-1.020115	4.288951	-49.726467	-4.015907	49.726467	3.908251	-24.961606	-2.322252	24.961606	32.872077	2.323723	
104	1.953779	-0.993363	4.357807	-48.057970	-4.580856	48.057970	4.285361	-24.209057	-3.167498	24.209057	33.637440	2.383053	
105	1.959123	-0.963977	4.426922	-46.322568	-5.168688	46.322568	4.807046	-23.448752	-4.016343	23.448752	34.324044	2.442316	
106	1.952216	-0.940477	4.496185	-44.456566	-5.786303	44.456566	5.532348	-22.613982	-4.905887	22.613982	34.918519	2.501324	
107	1.924599	-0.926587	4.565402	-42.458114	-6.419735	42.458114	6.487203	-21.662402	-5.857135	21.662402	35.375267	2.559697	
108	1.872958	-0.925463	4.634358	-40.342552	-7.067950	40.342552	7.682896	-20.569006	-6.874574	20.569006	35.675491	2.616934	
109	1.799621	-0.943266	4.702925	-38.067092	-7.774450	38.067092	9.160741	-19.299601	-7.960536	19.299601	35.861524	2.672675	
110	1.705400	-0.986827	4.771078	-35.526538	-8.596562	35.526538	10.993624	-17.809922	-9.119322	17.809922	35.965390	2.726800	
111	1.589299	-1.057949	4.838830	-32.640296	-9.565018	32.640296	13.234512	-16.106643	-10.341114	16.106643	35.966921	2.779248	
112	1.456130	-1.146447	4.906144	-29.410410	-10.673974	29.410410	15.848577	-14.298594	-11.579702	14.298594	35.816854	2.829868	
113	1.314024	-1.236635	4.972972	-25.901432	-11.901818	25.901432	18.742599	-12.512622	-12.772813	12.512622	35.468029	2.878424	
114	1.167736	-1.321292	5.039212	-22.174284	-13.251826	22.174284	21.872233	-10.806575	-13.882284	10.806575	34.907131	2.924607	
115	1.020818	-1.399149	5.104592	-18.234733	-14.753182	18.234733	25.244190	-9.220557	-14.887623	9.220557	34.150573	2.968115	
116	0.879221	-1.466832	5.168784	-14.075775	-16.433866	14.075775	28.851400	-7.824697	-15.767591	7.824697	33.231377	3.008824	
117	0.751420	-1.516167	5.231620	-9.760805	-18.302909	9.760805	32.620226	-6.715402	-16.487194	6.715402	32.175531	3.046852	
118	0.647156	-1.531265	5.293147	-5.477513	-20.323693	5.477513	36.330150	-6.015037	-16.965360	6.015037	30.939069	3.082375	
119	0.577777	-1.488119	5.353577	-1.506850	-22.412589	1.506850	39.590615	-5.858987	-17.062890	5.858987	29.400025	3.115341	
120	0.554791	-1.364881	5.413084	1.898103	-24.501776	-1.898103	42.004685	-6.351990	-16.642637	6.351990	27.451105	3.145411	
121	0.576146	-1.171437	5.471559	4.797774	-26.658598	-4.797774	43.611259	-7.429828	-15.711701	7.429828	25.130171	3.172157	
122	0.622354	-0.952351	5.528694	7.674385	-29.100469	-7.674385	45.018645	-8.851231	-14.454720	8.851231	22.625761	3.195307	
123	0.678533	-0.738541	5.584306	10.872058	-32.002264	-10.872058	46.748840	-10.457452	-13.038649	10.457452	20.092894	3.214821	
124	0.745755	-0.527846	5.638477	14.228611	-35.395112	-14.228611	48.849311	-12.285993	-11.494019	12.285993	17.551037	3.230790	
125	0.830289	-0.311246	5.691403	17.420066	-39.262291	-17.420066	51.215828	-14.446141	-9.799156	14.446141	14.968212	3.243364	
126	0.934612	-0.088087	5.743244	20.252984	-43.609602	-20.252984	53.855222	-17.022660	-7.979089	17.022660	12.361242	3.252754	
127	1.059961	0.139457	5.794086	22.519277	-48.456139	-22.519277	56.830191	-20.091799	-6.106138	20.091799	9.799966	3.259266	
128	1.213100	0.376865	5.843883	23.896007	-53.831352	-23.896007	60.141568	-23.780613	-4.209773	23.780613	7.307380	3.263392	
129	1.399859	0.629027	5.892469	24.285025	-59.840259	-24.285025	63.894894	-28.219054	-2.284259	28.219054	4.856503	3.265887	
130	1.618570	0.890748	5.939564	23.799385	-66.649530	-23.799385	68.371391	-33.495751	-0.378746	33.495751	2.473421	3.267732	
131	1.862477	1.153526	5.984751	22.510498	-74.373709	-22.510498	73.812180	-39.661284	1.407339	39.661284	0.241152	3.269996	
132	2.117287	1.406929	6.027545	20.397360	-82.997594	-20.397360	80.298782	-46.642199	3.013434	46.642199	-1.799732	3.273594	
133	2.368337	1.643369	6.067497	17.215853	-92.400590	-17.215853	87.734953	-54.293188	4.492329	54.293188	-3.720302	3.279013	
134	2.612279	1.862697	6.104169	12.731606	-102.547383	-12.731606	96.055932	-62.579144	5.930594	62.579144	-5.608712	3.286345	
135	2.854141	2.068489	6.137092	6.893532	-113.565091	-6.893532	105.345062	-71.599595	7.353542	71.599595	-7.478991	3.295642	
136	3.102091	2.273168	6.165771	-0.504494	-125.522151	0.504494	115.500285	-81.519531	8.813127	81.519531	-9.376812	3.307061	
137	3.364258	2.494928	6.189748	-9.904121	-138.349481	9.904121	126.201365	-92.500995	10.409758	92.500995	-11.408243	3.320668	
138	3.646357	2.744160	6.208675	-21.713988	-152.037719	21.713988	137.295999	-104.681427	12.180205	104.681427	-13.624511	3.336361	
139	3.955149	3.026674	6.222371	-36.228575	-166.698322	36.228575	148.831382	-118.250132	14.118904	118.250132	-16.045653	3.354038	
140	4.299414	3.350062	6.230813	-53.685202	-182.496997	53.685202	160.913916	-133.479263	16.259036	133.479263	-18.741930	3.373745	
141	4.683057	3.716050	6.234051	-74.199732	-199.639574	74.199732	173.762360	-150.604584	18.624289	150.604584	-21.776674	3.395666	
142	5.101179	4.115429	6.232110	-97.700734	-218.312335	97.700734	187.670099	-169.720651	21.164343	169.720651	-25.133581	3.420079	
143	5.544570	4.535436	6.225006	-124.012007	-238.623409	124.012007	202.861885	-190.815717	23.816479	190.815717	-28.778087	3.447324	
144	6.005948	4.967032	6.212824	-152.990164	-260.649566	152.990164	219.487366	-213.865140	26.558588	213.865140	-32.713993	3.477742	
145	6.484203	5.404346	6.195711	-184.591737	-284.519186	184.591737	237.720034	-238.940844	29.345033	238.940844	-36.921444	3.511866	
146	6.985294	5.846323	6.173820	-218.905394	-310.348468	218.905394	257.677967	-266.257754	32.122887	266.257754	-41.370444	3.550756	
147	7.517687	6.301029	6.147224	-256.045030	-338.047568	256.045030	279.215140	-296.065117	34.931942	296.065117	-46.119139	3.595885	
148	8.085938	6.778072	6.115894	-295.861983	-367.337168	295.861983	302.053321	-328.517979	37.833551	328.517979	-51.247545	3.648720	
149	8.690988	7.279223	6.079716	-337.937776	-397.956538	337.937776	326.087486	-363.699821	40.806640	363.699821	-56.753469	3.710656	
150	9.336036	7.803571	6.038506	-381.876602	-429.730403	381.876602	351.372114	-401.733928	43.816875	401.733928	-62.612240	3.783219	
151	10.023795	8.348735	5.992064	-427.301941	-462.524264	427.301941	378.040587	-442.727365	46.822378	442.727365	-68.770381	3.868068	
152	10.746265	8.899742	5.940204	-473.628312	-496.101018	473.628312	406.273699	-486.461463	49.640625	486.461463	-75.001498	3.966764	
153	11.484872	9.429492	5.882733	-520.075597	-529.942736	520.075597	436.129150	-532.253523	51.992404	532.253523	-80.951216	4.080412	
154	12.222094	9.920962	5.819414	-565.862730	-563.268731	565.862730	467.333293	-579.297324	53.827221	579.297324	-86.472339	4.209247	
155	12.945854	10.378317	5.749905	-610.312333	-595.116486	610.312333	499.178491	-626.858998	55.421660	626.858998	-91.729411	4.352492	
156	13.644085	10.806119	5.673693	-652.882037	-624.537100	652.882037	530.815996	-674.100046	57.050886	674.100046	-96.881625	4.508630	
157	14.304325	11.197870	5.590186	-693.190506	-650.758914	693.190506	561.497146	-720.094939	58.867613	720.094939	-101.972650	4.675610	
158	14.914924	11.544208	5.498987	-730.976407	-673.061307	730.976407	590.387166	-763.893514	61.019367	763.893514	-107.050841	4.850866	
159	15.462554	11.832631	5.399956	-766.152097	-690.791097	766.152097	616.630664	-804.488257	63.644686	804.488257	-112.169518	5.031334	
160	15.937056	12.055740	5.293023	-798.995718	-703.484645	798.995718	639.386278	-841.084295	66.934199	841.084295	-117.466296	5.213645	
161	16.337194	12.221019	5.178198	-830.061185	-711.000405	830.061185	657.799311	-873.430464	71.172055	873.430464	-123.236480	5.394530	
162	16.670202	12.342885	5.055883	-859.837391	-713.802425	859.837391	671.398894	-901.877276	76.622687	901.877276	-129.839185	5.571170	
163	16.956845	12.443588	4.927129	-888.592545	-712.981183	888.592545	680.171963	-927.450038	83.480637	927.450038	-137.630960	5.741719	
164	17.229881	12.553938	4.793250	-916.293112	-709.817735	916.293112	684.209228	-951.638412	91.877502	951.638412	-146.894677	5.906032	
165	17.519092	12.698700	4.655193	-942.393311	-705.238045	942.393311	683.507386	-975.826280	101.872799	975.826280	-157.736917	6.065817	
166	17.843055	12.891893	4.513691	-965.876487	-699.717357	965.876487	678.016649	-1001.096704	113.530295	1001.096704	-170.121527	6.224262	
167	18.208805	13.142494	4.369873	-985.771131	-693.635875	985.771131	667.753923	-1028.206332	126.988334	1028.206332	-183.943372	6.385501	
168	18.611883	13.452096	4.225184	-1001.384471	-687.337057	1001.384471	652.704250	-1057.389370	142.342838	1057.389370	-198.959911	6.554033	
169	19.035127	13.813820	4.080834	-1011.915508	-680.920206	1011.915508	632.673340	-1088.371594	159.598330	1088.371594	-214.787504	6.734259	
170	19.451491	14.226956	3.937570	-1016.084251	-674.451971	1016.084251	607.351615	-1120.843367	178.811266	1120.843367	-231.094138	6.930102	
171	19.839710	14.709349	3.795678	-1012.089275	-668.255376	1012.089275	576.537040	-1155.035842	200.033844	1155.035842	-247.667240	7.144845	
172	20.187542	15.281473	3.654968	-997.988143	-662.545369	997.988143	540.332272	-1191.228328	222.916088	1191.228328	-264.102370	7.381297	
173	20.475384	15.939032	3.515042	-972.447579	-656.950893	972.447579	499.387386	-1228.537155	246.336874	1228.537155	-279.478139	7.641668	
174	20.678342	16.654204	3.375792	-935.314637	-650.740392	935.314637	455.152528	-1264.965487	268.555528	1264.965487	-292.562431	7.927088	
175	20.773408	17.394290	3.237517	-887.327281	-643.251381	887.327281	409.649677	-1298.136058	287.618067	1298.136058	-302.142845	8.237551	
176	20.734634	18.125544	3.100686	-829.431192	-634.013773	829.431192	365.239196	-1325.561234	301.494813	1325.561234	-307.035831	8.572160	
177	20.548082	18.817082	2.965763	-762.856809	-622.809708	762.856809	324.695798	-1345.389368	308.365802	1345.389368	-306.281904	8.929191	
178	20.228833	19.449993	2.833094	-689.173683	-609.543232	689.173683	290.786461	-1356.952313	307.078391	1356.952313	-299.449142	9.306188	
179	19.806817	20.010351	2.702927	-609.314540	-593.768507	609.314540	265.458320	-1359.823651	297.182562	1359.823651	-286.503616	9.700169	
180	19.302446	20.467576	2.575505	-522.562565	-573.917807	522.562565	248.903863	-1352.134086	278.724392	1352.134086	-267.548683	10.107669	
181	18.716939	20.760925	2.451059	-426.847131	-546.828446	426.847131	238.697088	-1329.787161	252.349401	1329.787161	-243.007622	10.524728	
182	18.045962	20.824455	2.329692	-320.894203	-509.107952	320.894203	230.619832	-1288.476806	219.699464	1288.476806	-214.167365	10.946979	
183	17.301700	20.626029	2.211362	-206.198395	-459.200428	206.198395	220.686035	-1226.588542	183.422164	1226.588542	-183.352036	11.369834	
184	16.522584	20.175339	2.095933	-86.620596	-397.562170	86.620596	205.568865	-1145.329954	146.740889	1145.329954	-153.686645	11.788727	
185	15.769337	19.513598	1.983135	32.941213	-325.869450	-32.941213	182.226420	-1047.411570	112.950114	1047.411570	-128.802534	12.199237	
186	15.113523	18.702573	1.872528	147.286192	-246.711945	-147.286192	148.597277	-936.473300	84.845782	936.473300	-112.445616	12.597065	
187	14.625313	17.815378	1.763626	251.449938	-163.456678	-251.449938	104.695891	-816.908528	64.178203	816.908528	-108.031438	12.977878	
188	14.354409	16.923691	1.656237	341.187833	-80.093682	-341.187833	53.509864	-693.607444	51.118820	693.607444	-118.029803	13.337232	
189	14.310493	16.086920	1.551193	413.175657	-0.984766	-413.175657	1.366785	-571.592282	43.951264	571.592282	-143.313928	13.670737	
190	14.456802	15.356435	1.450496	465.025336	69.658537	-465.025336	-42.630536	-455.524217	39.257087	455.524217	-182.885059	13.974317	
191	14.697119	14.771221	1.355843	494.896997	128.307329	-494.896997	-67.877573	-349.472680	32.603794	349.472680	-233.973046	14.244279	
192	14.856163	14.338275	1.267281	500.820105	172.600832	-500.820105	-64.728851	-256.719191	19.872247	256.719191	-292.415541	14.477190	
193	14.699011	14.032018	1.183597	481.212736	202.431549	-481.212736	-29.000428	-178.040630	-0.820197	178.040630	-353.635769	14.668993	
194	13.995747	13.815905	1.103329	437.730390	221.486455	-437.730390	33.554659	-108.718274	-27.495908	108.718274	-414.121761	14.812268	
195	12.600954	13.667653	1.025206	380.670125	238.246998	-380.670125	107.362030	-36.696739	-54.344462	36.696739	-472.913143	14.891307	
196	10.559140	13.614629	0.948194	337.002571	265.487439	-337.002571	176.958572	55.522788	-75.609325	-55.522788	-532.729677	14.876127	
197	8.250201	13.782442	0.871646	358.356822	316.581855	-358.356822	250.979002	182.378086	-96.668908	-182.378086	-598.510712	14.718501	
198	6.510412	14.393382	0.795674	517.290660	396.358008	-517.290660	392.804833	338.451870	-150.787204	-338.451870	-668.954255	14.356267	
199	6.564638	15.564018	0.721266	868.070752	486.961685	-868.070752	720.510310	479.064808	-303.952142	-479.064808	-718.437394	13.736737	
200	9.553352	16.838853	0.649877	1360.110477	538.485216	-1360.110477	1317.614127	519.246662	-613.472206	-519.246662	-678.337880	12.872071	
201	15.560713	16.837022	0.583099	1770.959732	486.408996	-1770.959732	2069.296867	380.715867	-1031.981514	-380.715867	-454.341466	11.925734	
202	22.696807	13.855188	0.522669	1813.775418	305.513679	-1813.775418	2628.954420	77.341221	-1360.777200	-77.341221	-18.442969	11.263011	
203	27.829848	7.608021	0.470380	1415.717976	49.953647	-1415.717976	2707.749699	-255.180771	-1405.730582	255.180771	505.437750	11.287304	
204	29.403847	0.138298	0.427954	826.083369	-186.845532	-826.083369	2381.313035	-453.497382	-1195.271055	453.497382	929.928345	12.052204	
205	28.422901	-5.877192	0.397065	384.945783	-340.669095	-384.945783	1941.569455	-431.288513	-914.553393	431.288513	1143.721216	13.169643	
206	25.902595	-9.228866	0.379083	257.714997	-390.993204	-257.714997	1558.091914	-197.264838	-681.651867	197.264838	1101.829949	14.167362	
207	21.901819	-10.392978	0.374428	389.820082	-354.083260	-389.820082	1228.947122	158.044272	-498.214346	-158.044272	837.642773	14.766285	
208	16.699043	-10.577946	0.382237	632.530128	-270.815254	-632.530128	915.826230	509.088868	-330.475932	-509.088868	480.312891	14.908442	
209	11.086436	-10.750801	0.400677	868.463834	-180.770015	-868.463834	617.419841	768.001117	-166.902854	-768.001117	161.511951	14.676904	
210	5.894885	-11.239138	0.427564	1049.439136	-105.594997	-1049.439136	358.051183	915.434075	-19.719479	-915.434075	-59.427731	14.206760	
211	1.661558	-11.944775	0.460966	1172.148132	-50.419152	-1172.148132	157.360049	976.964934	95.861552	-976.964934	-183.327426	13.624904	
212	-1.460822	-12.712869	0.499600	1245.347179	-11.719225	-1245.347179	17.954086	987.562393	174.718601	-987.562393	-234.549766	13.024575	
213	-3.571617	-13.450883	0.542876	1273.845824	16.257206	-1273.845824	-67.522504	973.534464	219.689404	-973.534464	-238.343415	12.462715	
214	-4.810218	-14.076935	0.590616	1256.424798	38.057139	-1256.424798	-105.059962	949.077653	234.468093	-949.077653	-212.623718	11.967728	
215	-5.250084	-14.483167	0.642748	1191.199808	55.952517	-1191.199808	-94.489360	918.374558	220.870983	-918.374558	-168.855223	11.550363	
216	-4.926751	-14.555942	0.699202	1083.675015	70.052511	-1083.675015	-33.505443	879.474497	181.050424	-879.474497	-115.695191	11.212755	
217	-3.939907	-14.229449	0.759848	949.930974	78.796757	-949.930974	73.948295	828.839774	120.330863	-828.839774	-60.600890	10.953627	
218	-2.529122	-13.493012	0.824232	813.312691	79.665553	-813.312691	210.455346	767.827229	47.686429	-767.827229	-9.153184	10.769948	
219	-1.045165	-12.329815	0.891406	700.619796	70.708632	-700.619796	341.334618	708.592110	-25.014775	-708.592110	35.292107	10.654970	
220	0.155508	-10.679731	0.959973	638.969512	53.186218	-638.969512	418.451045	672.993041	-84.346335	-672.993041	70.265282	10.593504	
221	0.826315	-8.484043	1.028161	648.748560	33.674760	-648.748560	396.165473	682.487930	-118.599409	-682.487930	92.535199	10.558286	
222	0.915090	-5.770913	1.093948	732.114019	22.888278	-732.114019	254.474316	743.991412	-122.244704	-743.991412	98.291361	10.512348	
223	0.576608	-2.715972	1.155224	864.674413	30.238061	-864.674413	15.752745	841.040043	-98.887728	-841.040043	85.933572	10.418920	
224	0.098688	0.369835	1.209892	1001.283556	57.123917	-1001.283556	-258.319970	938.666478	-60.461725	-938.666478	59.558511	10.254821	
225	-0.232050	3.135850	1.255907	1098.105114	94.923642	-1098.105114	-493.953324	1001.697445	-21.793046	-1001.697445	28.839109	10.019423	
226	-0.259155	5.315409	1.291302	1135.367220	130.366300	-1135.367220	-640.069892	1013.135338	6.226237	-1013.135338	4.001782	9.733183	
227	0.022947	6.802146	1.314280	1120.996064	152.943760	-1120.996064	-684.042883	977.411409	19.609051	-977.411409	-9.042097	9.427334	
228	0.541903	7.649741	1.323433	1075.384134	158.333411	-1075.384134	-643.857904	910.471868	19.950551	-910.471868	-9.727103	9.132298	
229	1.197155	8.006282	1.317987	1015.073579	148.098732	-1015.073579	-552.195298	829.640418	11.819863	-829.640418	-1.388557	8.870265	
230	1.874808	8.032444	1.297981	947.706012	127.732024	-947.706012	-442.697603	748.537651	0.430832	-748.537651	11.042996	8.652495	
231	2.464465	7.855733	1.264384	876.270704	104.021123	-876.270704	-340.851426	675.598360	-9.991470	-675.598360	23.116467	8.480029	
232	2.876731	7.559827	1.219213	804.311891	82.748065	-804.311891	-260.254540	614.602524	-16.956774	-614.602524	31.875810	8.346515	
233	3.058022	7.187820	1.165686	736.722959	67.403673	-736.722959	-203.858550	565.911077	-19.712417	-565.911077	35.960034	8.241834	
234	3.001795	6.751440	1.108138	677.281789	58.863628	-677.281789	-167.894216	527.669870	-18.797949	-527.669870	35.332679	8.155310	
235	2.746621	6.241483	1.051545	626.702719	55.808694	-626.702719	-146.073854	497.034848	-15.400120	-497.034848	30.892374	8.077713	
236	2.348699	5.640696	1.000831	582.819103	55.892833	-582.819103	-132.987821	471.396133	-10.617686	-471.396133	23.842609	8.002001	
237	1.856075	4.939858	0.960171	542.318145	56.931209	-542.318145	-125.428213	448.965564	-5.072762	-448.965564	15.195808	7.923287	
238	1.306097	4.142258	0.932433	502.656041	57.367798	-502.656041	-121.689539	428.667104	0.975216	-428.667104	5.728355	7.838491	
239	0.729447	3.261956	0.918898	463.410171	56.311677	-463.410171	-120.451297	409.944642	7.392027	-409.944642	-3.916151	7.745866	
240	0.155409	2.329242	0.919272	426.429995	53.455221	-426.429995	-120.117997	392.527327	13.957697	-392.527327	-13.112320	7.644720	
241	-0.394785	1.378687	0.932111	394.511663	49.029725	-394.511663	-119.181573	376.210377	20.451940	-376.210377	-21.401355	7.535336	
242	-0.915418	0.431596	0.955368	369.978874	43.649845	-369.978874	-116.831759	360.788929	26.823545	-360.788929	-28.667137	7.418587	
243	-1.405604	-0.495570	0.986683	353.953817	37.994629	-353.953817	-112.762819	346.040189	33.020085	-346.040189	-34.933376	7.295624	
244	-1.877105	-1.384835	1.023624	345.912673	32.948327	-345.912673	-107.549731	332.056240	39.115688	-332.056240	-40.452711	7.167710	
245	-2.358946	-2.219852	1.064011	343.706647	29.616914	-343.706647	-102.959678	319.410909	45.435772	-319.410909	-45.800618	7.035512	
246	-2.859486	-2.983445	1.106025	344.482559	28.447197	-344.482559	-100.230764	308.364507	51.930540	-308.364507	-51.243710	6.898692	
247	-3.357442	-3.664876	1.148184	345.716422	28.988421	-345.716422	-99.162128	298.428737	58.013226	-298.428737	-56.491881	6.756682	
248	-3.837977	-4.262283	1.189440	345.329638	30.777023	-345.329638	-99.481107	289.077782	63.212558	-289.077782	-61.238565	6.609275	
249	-4.297658	-4.771242	1.229443	341.828076	33.546648	-341.828076	-101.127553	280.079091	67.317736	-280.079091	-65.305657	6.456375	
250	-4.726948	-5.187238	1.268513	334.921867	36.842525	-334.921867	-103.479987	271.205067	70.121672	-271.205067	-68.421297	6.297901	
251	-5.109200	-5.510612	1.306594	325.277372	40.109604	-325.277372	-105.557316	262.247055	71.422293	-262.247055	-70.261847	6.133967	
252	-5.425995	-5.742180	1.342015	313.618312	42.873022	-313.618312	-106.479102	253.034122	71.101841	-253.034122	-70.582718	5.965033	
253	-5.666267	-5.880261	1.372127	300.457532	44.860315	-300.457532	-105.843735	243.497927	69.228973	-243.497927	-69.353035	5.792109	
254	-5.827359	-5.918766	1.395292	286.309881	46.038799	-286.309881	-103.821618	233.804549	66.049858	-233.804549	-66.758694	5.616861	
255	-5.905535	-5.853729	1.411638	271.713260	46.413436	-271.713260	-100.658812	224.091941	61.838237	-224.091941	-63.036067	5.441348	
256	-5.897943	-5.691080	1.422166	257.078951	45.977911	-257.078951	-96.519665	214.347087	56.884085	-214.347087	-58.449546	5.267621	
257	-5.808992	-5.445598	1.427854	242.600151	44.787437	-242.600151	-91.642627	204.489581	51.513049	-204.489581	-53.314724	5.097627	
258	-5.646391	-5.136188	1.429523	228.322389	42.925586	-228.322389	-86.212132	194.332903	45.990336	-194.332903	-47.905051	4.933298	
259	-5.418804	-4.779535	1.428084	214.272824	40.537718	-214.272824	-80.445468	183.756881	40.527062	-183.756881	-42.451247	4.776553	
260	-5.142128	-4.387776	1.424538	200.443635	37.905642	-200.443635	-74.933915	172.959917	35.399443	-172.959917	-37.240710	4.628961	
261	-4.837781	-3.973487	1.419624	186.830019	35.323723	-186.830019	-70.363447	162.311114	30.895316	-162.311114	-32.561259	4.491285	
262	-4.527223	-3.557086	1.413569	173.491502	32.946478	-173.491502	-66.968338	152.026167	27.172543	-152.026167	-28.583735	4.363489	
263	-4.229852	-3.161100	1.406171	160.438039	30.825635	-160.438039	-64.623634	142.149107	24.247500	-142.149107	-25.358672	4.244994	
264	-3.956352	-2.795713	1.397053	147.586266	28.955991	-147.586266	-63.134407	132.666670	22.033500	-132.666670	-22.837821	4.134832	
265	-3.703333	-2.458703	1.385868	134.871808	27.243886	-134.871808	-62.156228	123.467993	20.349907	-123.467993	-20.870244	4.031972	
266	-3.460976	-2.147566	1.372399	122.305124	25.558435	-122.305124	-61.210267	114.386035	18.998463	-114.386035	-19.275236	3.935752	
267	-3.229075	-1.865997	1.356651	109.932255	23.864773	-109.932255	-60.039029	105.405010	17.885045	-105.405010	-17.968360	3.845860	
268	-3.018902	-1.617958	1.339167	97.793055	22.232649	-97.793055	-58.726985	96.672668	17.014204	-96.672668	-16.957841	3.761891	
269	-2.840716	-1.403547	1.321132	85.922737	20.732703	-85.922737	-57.427221	88.321438	16.391759	-88.321438	-16.243102	3.683121	
270	-2.697415	-1.222613	1.303732	74.392517	19.389728	-74.392517	-56.170026	80.413615	15.983328	-80.413615	-15.778418	3.608649	
271	-2.588114	-1.075164	1.287483	63.287981	18.206950	-63.287981	-54.954593	72.973442	15.743390	-72.973442	-15.507508	3.537585	
272	-2.508756	-0.960372	1.272322	52.626865	17.173550	-52.626865	-53.828323	65.949196	15.644836	-65.949196	-15.384354	3.469258	
273	-2.452421	-0.877699	1.258171	42.414855	16.269391	-42.414855	-52.874050	59.294118	15.685632	-59.294118	-15.385482	3.403344	
274	-2.415627	-0.821077	1.245220	32.776971	15.495374	-32.776971	-52.219781	53.130386	15.859033	-53.130386	-15.502529	3.339641	
275	-2.399181	-0.776342	1.233613	23.892885	14.862931	-23.892885	-51.952589	47.629834	16.123800	-47.629834	-15.708399	3.277844	
276	-2.401179	-0.735704	1.223183	15.872155	14.343799	-15.872155	-51.928560	42.790145	16.420216	-42.790145	-15.953136	3.217625	
277	-2.411065	-0.703320	1.213597	8.743815	13.858801	-8.743815	-51.751233	38.432062	16.668744	-38.432062	-16.160709	3.158898	
278	-2.419376	-0.682744	1.204541	2.480197	13.360504	-2.480197	-51.191839	34.410562	16.813578	-34.410562	-16.281485	3.101954	
279	-2.429158	-0.672032	1.195712	-2.949236	12.875842	2.949236	-50.415657	30.750456	16.876993	-30.750456	-16.345057	3.047095	
280	-2.445763	-0.671229	1.186694	-7.566128	12.426158	7.566128	-49.572739	27.501652	16.898886	-27.501652	-16.392440	2.994272	
281	-2.468286	-0.685582	1.176869	-11.414018	11.998217	11.414018	-48.603720	24.634397	16.881861	-24.634397	-16.423669	2.943158	
282	-2.495743	-0.719476	1.165462	-14.561502	11.592627	14.561502	-47.491474	22.122834	16.815527	-22.122834	-16.429536	2.893344	
283	-2.530522	-0.772178	1.151742	-17.127245	11.229392	17.127245	-46.350885	19.986063	16.704067	-19.986063	-16.417430	2.844411	
284	-2.577028	-0.837670	1.135253	-19.205257	10.922863	19.205257	-45.306393	18.255696	16.560274	-18.255696	-16.401375	2.795947	
285	-2.640698	-0.907614	1.116108	-20.763044	10.675883	20.763044	-44.440197	16.951538	16.404821	-16.951538	-16.398876	2.747531	
286	-2.725993	-0.977668	1.095213	-21.744453	10.486348	21.744453	-43.806564	16.067452	16.274075	-16.067452	-16.436972	2.698732	
287	-2.834042	-1.048541	1.073971	-22.160605	10.345011	22.160605	-43.386307	15.565114	16.187304	-15.565114	-16.524388	2.649113	
288	-2.959757	-1.123608	1.053642	-22.095690	10.228271	22.095690	-43.065478	15.350525	16.131113	-15.350525	-16.636146	2.598265	
289	-3.096715	-1.207760	1.035027	-21.697023	10.118169	21.697023	-42.750894	15.317248	16.094567	-15.317248	-16.750158	2.545872	
290	-3.247608	-1.302332	1.018348	-21.046786	10.015482	21.046786	-42.431734	15.437930	16.069639	-15.437930	-16.855776	2.491624	
291	-3.414837	-1.402276	1.003176	-20.145648	9.911135	20.145648	-42.117547	15.697142	16.040517	-15.697142	-16.928517	2.435195	
292	-3.587492	-1.502106	0.988680	-19.104861	9.780329	19.104861	-41.840638	16.010101	16.006845	-16.010101	-16.943113	2.376495	
293	-3.751854	-1.600191	0.974216	-18.177449	9.606669	18.177449	-41.658290	16.288901	15.978051	-16.288901	-16.892843	2.315820	
294	-3.901855	-1.695882	0.959699	-17.489960	9.383514	17.489960	-41.582426	16.491426	15.955294	-16.491426	-16.785687	2.253701	
295	-4.034992	-1.786732	0.945476	-16.892074	9.100748	16.892074	-41.532807	16.596648	15.936758	-16.596648	-16.638174	2.190670	
296	-4.143358	-1.867527	0.931860	-16.226867	8.734576	16.226867	-41.314297	16.541237	15.892711	-16.541237	-16.443076	2.127201	
297	-4.214614	-1.930850	0.918663	-15.554473	8.257942	15.554473	-40.697908	16.227257	15.754640	-16.227257	-16.156389	2.063890	
298	-4.247821	-1.971885	0.905145	-14.957222	7.676238	14.957222	-39.602793	15.659755	15.477759	-15.659755	-15.746475	2.001341	
299	-4.249462	-1.990485	0.890519	-14.419717	7.025518	14.419717	-38.084139	14.932157	15.060217	-14.932157	-15.203255	1.939762	
300	-4.208740	-1.985572	0.874745	-13.983348	6.329896	13.983348	-36.136993	14.042559	14.482929	-14.042559	-14.496103	1.879119	
301	-4.097971	-1.950297	0.858638	-13.758604	5.596237	13.758604	-33.660278	12.884679	13.694063	-12.884679	-13.577493	1.819685	
302	-3.888402	-1.872767	0.843063	-13.808786	4.836484	13.808786	-30.593920	11.367909	12.654244	-11.367909	-12.424336	1.762258	
303	-3.552502	-1.737388	0.828500	-14.081306	4.072907	14.081306	-26.964293	9.453610	11.360875	-9.453610	-11.054850	1.708066	
304	-3.063797	-1.525545	0.815341	-14.426550	3.334334	14.426550	-22.819489	7.130893	9.836619	-7.130893	-9.514608	1.658582	
305	-2.400164	-1.222533	0.804120	-14.785761	2.655653	14.785761	-18.216154	4.375893	8.118446	-4.375893	-7.864219	1.615374	
306	-1.548390	-0.827265	0.795433	-15.302511	2.074736	15.302511	-13.216713	1.138295	6.243518	-1.138295	-6.162700	1.580049	
307	-0.510807	-0.349150	0.789827	-16.148633	1.606103	16.148633	-7.833563	-2.617405	4.220823	2.617405	-4.430488	1.554133	
308	0.690699	0.201243	0.787793	-17.344893	1.210751	17.344893	-1.999498	-6.890986	2.025085	6.890986	-2.637203	1.539004	
309	2.010869	0.807899	0.789777	-18.780669	0.801123	18.780669	4.396952	-11.660780	-0.368648	11.660780	-0.739074	1.535874	
310	3.378721	1.440005	0.796111	-20.301530	0.273036	20.301530	11.437699	-16.872670	-2.953853	16.872670	1.285348	1.545654	
311	4.672312	2.040580	0.806877	-21.703251	-0.446285	21.703251	18.944034	-22.273586	-5.633706	22.273586	3.386500	1.568654	
312	5.764701	2.552890	0.821673	-22.769035	-1.362201	22.769035	26.532164	-27.472079	-8.264457	27.472079	5.467993	1.603963	
313	6.320398	2.823936	0.839529	-23.020478	-2.257601	23.020478	32.278481	-31.009284	-10.153332	31.009284	6.972431	1.649078	
314	6.582173	2.961200	0.858411	-22.806122	-3.051065	22.806122	36.860794	-33.524978	-11.602554	33.524978	8.109382	1.698062	
