kww	// User ID
29-6-2021	// Evaluation date
p35_warmup_001	29-6-2021	20:42:46:106	// Source file name and timestamp
357.143	// Sampling rate
1.669	// Data capture period

1.880000	// height
82.300000	// mass


Sample #	elbVar	shldrIR	LwristLinVelo	thorJFPd	thorSTPd	UaJFPp	UaSTPp	UaJFPd	UaSTPd	FaJFPp	FaSTPp	RwristLinVelo	
0	3.116107	2.150559	1.815980	-6.656025	-1.172888	6.656025	-10.868659	3.005478	3.925408	-3.005478	-21.002511	1.747342	
1	3.047578	1.979347	1.811816	-6.394919	-1.105261	6.394919	-10.096701	2.495963	3.863470	-2.495963	-21.377836	1.745488	
2	3.057850	1.898359	1.806503	-6.216118	-1.089080	6.216118	-9.741141	2.264730	3.834977	-2.264730	-21.987807	1.741733	
3	2.723235	1.457073	1.801352	-5.659221	-0.932431	5.659221	-7.900512	1.033560	3.688019	-1.033560	-21.387488	1.737192	
4	2.274268	0.899389	1.798604	-4.997898	-0.745076	4.997898	-5.682925	-0.501788	3.547725	0.501788	-20.433040	1.733839	
5	1.755058	0.274413	1.799171	-4.291238	-0.534965	4.291238	-3.251465	-2.222961	3.414894	2.222961	-19.245874	1.732699	
6	1.240936	-0.336821	1.803435	-3.639411	-0.319865	3.639411	-0.873759	-3.932485	3.286729	3.932485	-18.042149	1.734407	
7	0.776316	-0.890681	1.811273	-3.089398	-0.105606	3.089398	1.332534	-5.537266	3.157034	5.537266	-16.969691	1.739186	
8	0.396354	-1.355728	1.822094	-2.642536	0.101020	2.642536	3.295823	-6.968687	3.034500	6.968687	-16.177397	1.747031	
9	0.119309	-1.713725	1.834844	-2.281725	0.293550	2.281725	4.982125	-8.177597	2.930845	8.177597	-15.727766	1.757787	
10	-0.059412	-1.966395	1.848337	-1.998859	0.468082	1.998859	6.392006	-9.153068	2.850723	9.153068	-15.569351	1.771208	
11	-0.164460	-2.139385	1.861611	-1.783300	0.622675	1.783300	7.568179	-9.931995	2.794921	9.931995	-15.621516	1.787022	
12	-0.219972	-2.260935	1.873930	-1.610366	0.755403	1.610366	8.553056	-10.555791	2.767588	10.555791	-15.857081	1.804927	
13	-0.236630	-2.341076	1.884690	-1.443992	0.867473	1.443992	9.363589	-11.036328	2.772551	11.036328	-16.258534	1.824496	
14	-0.219355	-2.380370	1.893437	-1.249554	0.964637	1.249554	10.019537	-11.378442	2.808949	11.378442	-16.773646	1.845168	
15	-0.178426	-2.388408	1.899909	-1.013398	1.052672	1.013398	10.557703	-11.610261	2.870244	11.610261	-17.339312	1.866325	
16	-0.131126	-2.382748	1.904082	-0.743927	1.134324	0.743927	11.017222	-11.770363	2.938169	11.770363	-17.878591	1.887397	
17	-0.091651	-2.374651	1.906183	-0.458345	1.208527	0.458345	11.412964	-11.878630	2.990307	11.878630	-18.317098	1.907938	
18	-0.064118	-2.368231	1.906592	-0.171902	1.271810	0.171902	11.739885	-11.936235	3.014621	11.936235	-18.629471	1.927599	
19	-0.047212	-2.365229	1.905719	0.123242	1.324325	-0.123242	12.018207	-11.939998	3.006044	11.939998	-18.825657	1.946117	
20	-0.040645	-2.366129	1.903964	0.443758	1.370560	-0.443758	12.293578	-11.899225	2.958888	11.899225	-18.916495	1.963385	
21	-0.045333	-2.373414	1.901762	0.766292	1.412395	-0.766292	12.589762	-11.843418	2.868572	11.843418	-18.911432	1.979438	
22	-0.057105	-2.383836	1.899565	1.042450	1.446174	-1.042450	12.882273	-11.790509	2.740838	11.790509	-18.828974	1.994311	
23	-0.068261	-2.387466	1.897717	1.227522	1.466974	-1.227522	13.111444	-11.735659	2.592253	11.735659	-18.695096	2.007971	
24	-0.076313	-2.384772	1.896425	1.293950	1.476886	-1.293950	13.245740	-11.687416	2.439538	11.687416	-18.537293	2.020369	
25	-0.081532	-2.383908	1.895781	1.278869	1.487323	-1.278869	13.315709	-11.656997	2.298053	11.656997	-18.388454	2.031476	
26	-0.083463	-2.388440	1.895757	1.237245	1.510154	-1.237245	13.345198	-11.629234	2.175946	11.629234	-18.262091	2.041280	
27	-0.082155	-2.398470	1.896263	1.161237	1.550280	-1.161237	13.307784	-11.585744	2.070645	11.585744	-18.145768	2.049720	
28	-0.075598	-2.409856	1.897126	1.031314	1.606188	-1.031314	13.180091	-11.521326	1.981574	11.521326	-18.038018	2.056683	
29	-0.064312	-2.419110	1.898101	0.866432	1.675789	-0.866432	12.996074	-11.449368	1.906931	11.449368	-17.932353	2.062187	
30	-0.052932	-2.428354	1.899049	0.704368	1.759540	-0.704368	12.824583	-11.398559	1.842440	11.398559	-17.806806	2.066538	
31	-0.041287	-2.436783	1.899917	0.569795	1.855757	-0.569795	12.694303	-11.375653	1.793452	11.375653	-17.657533	2.070205	
32	-0.026672	-2.441762	1.900621	0.447552	1.960674	-0.447552	12.575957	-11.360195	1.764902	11.360195	-17.493331	2.073523	
33	-0.009560	-2.447863	1.901100	0.295658	2.074020	-0.295658	12.426252	-11.336349	1.751632	11.336349	-17.329939	2.076602	
34	0.010260	-2.460181	1.901354	0.092671	2.197699	-0.092671	12.226629	-11.302378	1.748793	11.302378	-17.194650	2.079490	
35	0.034438	-2.475624	1.901385	-0.143805	2.329576	0.143805	11.997398	-11.263946	1.756161	11.263946	-17.099241	2.082348	
36	0.062561	-2.490928	1.901216	-0.412343	2.457668	0.412343	11.750330	-11.226866	1.773747	11.226866	-17.029284	2.085386	
37	0.093880	-2.508116	1.900961	-0.758480	2.557284	0.758480	11.451132	-11.188806	1.801559	11.188806	-16.973624	2.088672	
38	0.130831	-2.525677	1.900693	-1.198100	2.597724	1.198100	11.079414	-11.139371	1.842248	11.139371	-16.946646	2.092184	
39	0.177323	-2.536468	1.900207	-1.671044	2.560711	1.671044	10.670944	-11.068948	1.902210	11.068948	-16.974269	2.095988	
40	0.231871	-2.538693	1.899084	-2.112704	2.451278	2.112704	10.281647	-10.984805	1.980690	10.984805	-17.048748	2.100231	
41	0.286405	-2.537358	1.897027	-2.514204	2.285123	2.514204	9.947941	-10.910223	2.059531	10.910223	-17.110569	2.104980	
42	0.337201	-2.529275	1.893923	-2.872127	2.077435	2.872127	9.669188	-10.850457	2.123286	10.850457	-17.105118	2.110094	
43	0.386404	-2.502327	1.889654	-3.130941	1.851310	3.130941	9.444103	-10.790416	2.167861	10.790416	-17.011808	2.115277	
44	0.431406	-2.453920	1.884166	-3.242697	1.643289	3.242697	9.308391	-10.729643	2.178251	10.729643	-16.805143	2.120334	
45	0.467223	-2.393105	1.877690	-3.237609	1.489148	3.237609	9.279507	-10.679657	2.136397	10.679657	-16.469538	2.125259	
46	0.492538	-2.330800	1.870624	-3.186099	1.401341	3.186099	9.325424	-10.646962	2.037131	10.646962	-16.036263	2.130048	
47	0.505954	-2.276770	1.863264	-3.136573	1.365386	3.136573	9.432086	-10.639236	1.873944	10.639236	-15.537376	2.134596	
48	0.507321	-2.232259	1.855839	-3.086372	1.361712	3.086372	9.621176	-10.654961	1.643456	10.654961	-14.973422	2.138727	
49	0.501482	-2.189960	1.848568	-3.000467	1.378316	3.000467	9.900479	-10.674306	1.361094	10.674306	-14.352924	2.142225	
50	0.493879	-2.146672	1.841604	-2.885666	1.401826	2.885666	10.241024	-10.682197	1.048423	10.682197	-13.704652	2.144856	
51	0.488381	-2.102368	1.835007	-2.807624	1.417337	2.807624	10.565986	-10.673889	0.723097	10.673889	-13.062561	2.146458	
52	0.487806	-2.053813	1.828676	-2.824513	1.423377	2.824513	10.792036	-10.644805	0.396918	10.644805	-12.452913	2.147009	
53	0.490068	-2.002497	1.822410	-2.953244	1.431892	2.953244	10.920013	-10.599547	0.066166	10.599547	-11.868648	2.146562	
54	0.489014	-1.957544	1.816149	-3.164805	1.452893	3.164805	11.034642	-10.552846	-0.280511	10.552846	-11.280708	2.145227	
55	0.481311	-1.925172	1.809984	-3.385510	1.488132	3.385510	11.216486	-10.517187	-0.643743	10.517187	-10.680291	2.143235	
56	0.467580	-1.904085	1.804012	-3.550562	1.533640	3.550562	11.490961	-10.498805	-1.016307	10.498805	-10.073729	2.140894	
57	0.447837	-1.890124	1.798348	-3.656291	1.581456	3.656291	11.841201	-10.497931	-1.395681	10.497931	-9.451132	2.138474	
58	0.420652	-1.880320	1.793176	-3.737921	1.623056	3.737921	12.240503	-10.511415	-1.784374	10.511415	-8.797102	2.136069	
59	0.385013	-1.874451	1.788692	-3.825091	1.654547	3.825091	12.676785	-10.538807	-2.184517	10.538807	-8.109623	2.133557	
60	0.340262	-1.873705	1.785068	-3.923644	1.677611	3.923644	13.156739	-10.579696	-2.594146	10.579696	-7.389772	2.130758	
61	0.288048	-1.876264	1.782435	-4.005994	1.695988	4.005994	13.685807	-10.627808	-3.003572	10.627808	-6.651055	2.127594	
62	0.233994	-1.878447	1.780791	-4.054601	1.709958	4.054601	14.236262	-10.678274	-3.400924	10.678274	-5.933125	2.124035	
63	0.182987	-1.881092	1.780003	-4.111673	1.715448	4.111673	14.757221	-10.730083	-3.781307	10.730083	-5.265551	2.119965	
64	0.135932	-1.886988	1.779940	-4.222167	1.710483	4.222167	15.225770	-10.776069	-4.141577	10.776069	-4.644203	2.115204	
65	0.093589	-1.893726	1.780547	-4.366452	1.698119	4.366452	15.657705	-10.807990	-4.473411	10.807990	-4.065779	2.109633	
66	0.060087	-1.893895	1.781717	-4.473069	1.682851	4.473069	16.075438	-10.827100	-4.766983	10.827100	-3.554208	2.103255	
67	0.040862	-1.879006	1.783162	-4.476478	1.665778	4.476478	16.476443	-10.839425	-5.015431	10.839425	-3.140068	2.096153	
68	0.037550	-1.846125	1.784507	-4.388405	1.642322	4.388405	16.827668	-10.850238	-5.219936	10.850238	-2.827348	2.088471	
69	0.046830	-1.801376	1.785486	-4.282327	1.607480	4.282327	17.106377	-10.863214	-5.391299	10.863214	-2.591017	2.080400	
70	0.064110	-1.752513	1.785983	-4.186392	1.563903	4.186392	17.339900	-10.881725	-5.541562	10.881725	-2.400373	2.072093	
71	0.085092	-1.704295	1.785976	-4.061378	1.521539	4.061378	17.587793	-10.911704	-5.681204	10.911704	-2.228374	2.063604	
72	0.105239	-1.662266	1.785538	-3.886377	1.488944	3.886377	17.892589	-10.958791	-5.823552	10.958791	-2.048335	2.054857	
73	0.122369	-1.630914	1.784848	-3.698829	1.466552	3.698829	18.249229	-11.022434	-5.975860	11.022434	-1.845242	2.045687	
74	0.140076	-1.606293	1.784080	-3.547135	1.447286	3.547135	18.598286	-11.092316	-6.125209	11.092316	-1.633056	2.036002	
75	0.165197	-1.578211	1.783218	-3.444374	1.422467	3.444374	18.854103	-11.149372	-6.247640	11.149372	-1.443883	2.025878	
76	0.198758	-1.541294	1.782081	-3.344762	1.392654	3.344762	18.999183	-11.177878	-6.336460	11.177878	-1.282047	2.015392	
77	0.233491	-1.499074	1.780588	-3.158432	1.370603	3.158432	19.124590	-11.178995	-6.411818	11.178995	-1.112651	2.004444	
78	0.265261	-1.457763	1.778836	-2.847818	1.364754	2.847818	19.308730	-11.167182	-6.494392	11.167182	-0.919076	1.992879	
79	0.297962	-1.419408	1.776938	-2.458501	1.370663	2.458501	19.538100	-11.155437	-6.586327	11.155437	-0.721816	1.980644	
80	0.334732	-1.381659	1.774951	-2.046384	1.382762	2.046384	19.771752	-11.147074	-6.684762	11.147074	-0.533683	1.967778	
81	0.376853	-1.342535	1.772895	-1.715880	1.394440	1.715880	19.963250	-11.144482	-6.789809	11.144482	-0.357859	1.954363	
82	0.427528	-1.303084	1.770728	-1.634927	1.390974	1.634927	20.052615	-11.157901	-6.899173	11.157901	-0.203776	1.940465	
83	0.486096	-1.266514	1.768376	-1.840025	1.365596	1.840025	20.041968	-11.197012	-7.015779	11.197012	-0.057996	1.926104	
84	0.546350	-1.235749	1.765832	-2.164705	1.331305	2.164705	20.020101	-11.261004	-7.151009	11.261004	0.116549	1.911290	
85	0.604127	-1.210233	1.763167	-2.412458	1.304332	2.412458	20.071936	-11.331980	-7.306541	11.331980	0.337141	1.896003	
86	0.661106	-1.185099	1.760412	-2.484861	1.289652	2.484861	20.221801	-11.386651	-7.466133	11.386651	0.585842	1.880193	
87	0.722801	-1.153458	1.757492	-2.408916	1.281389	2.408916	20.429445	-11.415384	-7.604928	11.415384	0.828198	1.863929	
88	0.789339	-1.113723	1.754280	-2.320623	1.271376	2.320623	20.620664	-11.418994	-7.711121	11.418994	1.058411	1.847443	
89	0.852455	-1.072921	1.750774	-2.333634	1.260922	2.333634	20.776875	-11.414921	-7.804230	11.414921	1.314165	1.830943	
90	0.908766	-1.034052	1.747161	-2.412460	1.259060	2.412460	20.929230	-11.428253	-7.904537	11.428253	1.617933	1.814438	
91	0.962281	-0.988747	1.743632	-2.466599	1.268242	2.466599	21.051075	-11.452180	-8.001402	11.452180	1.952449	1.797871	
92	1.014379	-0.929891	1.740218	-2.495982	1.279696	2.495982	21.086561	-11.463187	-8.081776	11.463187	2.300855	1.781252	
93	1.064118	-0.861923	1.736868	-2.544932	1.282870	2.544932	21.071364	-11.470993	-8.158661	11.470993	2.665349	1.764563	
94	1.112372	-0.794621	1.733621	-2.583914	1.276544	2.583914	21.128876	-11.515556	-8.259475	11.515556	3.058511	1.747695	
95	1.159260	-0.734064	1.730689	-2.531974	1.270097	2.531974	21.361202	-11.622044	-8.405393	11.622044	3.495736	1.730543	
96	1.202483	-0.682894	1.728335	-2.371892	1.270198	2.371892	21.769668	-11.769835	-8.595115	11.769835	3.981119	1.713082	
97	1.240591	-0.642145	1.726689	-2.152804	1.272988	2.152804	22.288798	-11.919214	-8.810253	11.919214	4.503246	1.695329	
98	1.272356	-0.611594	1.725765	-1.896813	1.276362	1.896813	22.890509	-12.060261	-9.047054	12.060261	5.062556	1.677296	
99	1.295158	-0.590315	1.725609	-1.590179	1.285776	1.590179	23.573716	-12.197894	-9.309525	12.197894	5.668633	1.659002	
100	1.309560	-0.571187	1.726277	-1.252260	1.304275	1.252260	24.248798	-12.312110	-9.567064	12.312110	6.297278	1.640554	
101	1.317998	-0.542986	1.727702	-0.934217	1.331242	0.934217	24.771172	-12.372031	-9.772454	12.372031	6.904735	1.622169	
102	1.322661	-0.504623	1.729680	-0.667064	1.362451	0.667064	25.077646	-12.363825	-9.901988	12.363825	7.462855	1.604025	
103	1.329910	-0.465014	1.731937	-0.470183	1.386635	0.470183	25.190378	-12.294536	-9.948420	12.294536	7.954120	1.586188	
104	1.343246	-0.430224	1.734179	-0.355719	1.398338	0.355719	25.157220	-12.187048	-9.919538	12.187048	8.382276	1.568675	
105	1.356280	-0.400723	1.736221	-0.299016	1.404270	0.299016	25.044139	-12.070343	-9.847161	12.070343	8.779078	1.551454	
106	1.362180	-0.377876	1.738089	-0.253286	1.407017	0.253286	24.943113	-11.972717	-9.773616	11.972717	9.179936	1.534420	
107	1.362094	-0.363896	1.739980	-0.179719	1.395486	0.179719	24.931467	-11.912425	-9.725022	11.912425	9.601694	1.517392	
108	1.361513	-0.355253	1.742098	-0.055803	1.355880	0.055803	25.007005	-11.885469	-9.698920	11.885469	10.038678	1.500138	
109	1.360931	-0.346141	1.744543	0.107497	1.287222	-0.107497	25.114753	-11.874581	-9.684786	11.874581	10.479771	1.482499	
110	1.357052	-0.334821	1.747319	0.267836	1.197462	-0.267836	25.207385	-11.863640	-9.674701	11.863640	10.911094	1.464492	
111	1.353087	-0.320405	1.750354	0.399252	1.089110	-0.399252	25.252298	-11.841958	-9.655887	11.841958	11.311979	1.446223	
112	1.356232	-0.301309	1.753525	0.485582	0.960610	-0.485582	25.224304	-11.807778	-9.617753	11.807778	11.671128	1.427802	
113	1.368095	-0.276568	1.756730	0.498026	0.816568	-0.498026	25.103883	-11.763636	-9.556202	11.763636	11.986934	1.409367	
114	1.384152	-0.246667	1.759912	0.459124	0.671215	-0.459124	24.912660	-11.711784	-9.475712	11.711784	12.261488	1.391036	
115	1.400170	-0.214522	1.763065	0.412045	0.537176	-0.412045	24.690701	-11.653686	-9.386061	11.653686	12.502676	1.372770	
116	1.417786	-0.181114	1.766205	0.339845	0.415311	-0.339845	24.423707	-11.587506	-9.285620	11.587506	12.714967	1.354461	
117	1.441805	-0.145354	1.769311	0.218388	0.302238	-0.218388	24.090183	-11.513238	-9.169976	11.513238	12.903561	1.336061	
118	1.471031	-0.112263	1.772316	0.058099	0.199237	-0.058099	23.730726	-11.437107	-9.053052	11.437107	13.087268	1.317538	
119	1.495265	-0.091518	1.775204	-0.092318	0.113767	0.092318	23.426531	-11.364736	-8.952454	11.364736	13.280938	1.298851	
120	1.506272	-0.086739	1.778005	-0.171465	0.053280	0.171465	23.214003	-11.290198	-8.859458	11.290198	13.471015	1.280003	
121	1.506140	-0.091236	1.780694	-0.174987	0.016946	0.174987	23.031357	-11.197124	-8.745787	11.197124	13.627613	1.261010	
122	1.498901	-0.096225	1.783159	-0.125543	-0.000560	0.125543	22.831939	-11.084999	-8.605614	11.084999	13.743635	1.241887	
123	1.484556	-0.101537	1.785356	-0.033443	-0.002371	0.033443	22.676485	-10.985649	-8.467988	10.985649	13.851040	1.222684	
124	1.465151	-0.111452	1.787445	0.040272	0.008005	-0.040272	22.603672	-10.930567	-8.357611	10.930567	13.988027	1.203511	
125	1.446002	-0.124264	1.789674	0.007274	0.025059	-0.007274	22.536920	-10.911748	-8.266236	10.911748	14.158460	1.184453	
126	1.432052	-0.132311	1.792129	-0.160990	0.044561	0.160990	22.357436	-10.889915	-8.162578	10.889915	14.330056	1.165526	
127	1.428454	-0.129771	1.794688	-0.461616	0.062358	0.461616	21.990433	-10.837887	-8.019603	10.837887	14.471882	1.146741	
128	1.436910	-0.119553	1.797193	-0.872444	0.073928	0.872444	21.476152	-10.766336	-7.840860	10.766336	14.586998	1.128151	
129	1.452485	-0.108458	1.799580	-1.328222	0.077178	1.328222	20.916877	-10.692910	-7.645201	10.692910	14.686712	1.109739	
130	1.469232	-0.097817	1.801822	-1.768183	0.072180	1.768183	20.346155	-10.608543	-7.434201	10.608543	14.756417	1.091358	
131	1.482089	-0.085985	1.803872	-2.160669	0.063266	2.160669	19.749289	-10.496848	-7.206149	10.496848	14.778722	1.072903	
132	1.486114	-0.074103	1.805704	-2.494769	0.057694	2.494769	19.135586	-10.359981	-6.974973	10.359981	14.757980	1.054421	
133	1.478551	-0.065430	1.807357	-2.771134	0.058836	2.771134	18.543695	-10.214287	-6.759086	10.214287	14.710059	1.036014	
134	1.462056	-0.059477	1.808911	-2.992622	0.063218	2.992622	17.984952	-10.065037	-6.561044	10.065037	14.643223	1.017728	
135	1.445971	-0.049821	1.810383	-3.185337	0.063222	3.185337	17.405513	-9.901002	-6.364236	9.901002	14.557150	0.999580	
136	1.437142	-0.033676	1.811691	-3.383977	0.055863	3.383977	16.775970	-9.720295	-6.160141	9.720295	14.457586	0.981659	
137	1.432785	-0.016148	1.812725	-3.596804	0.045505	3.596804	16.144774	-9.536971	-5.959807	9.536971	14.353267	0.964081	
138	1.429738	-0.000226	1.813445	-3.818318	0.035203	3.818318	15.564293	-9.368817	-5.772277	9.368817	14.251532	0.946887	
139	1.431891	0.019302	1.813903	-4.038269	0.022675	4.038269	15.028912	-9.221844	-5.589482	9.221844	14.156803	0.930079	
140	1.441701	0.046702	1.814157	-4.250911	0.004670	4.250911	14.499952	-9.085539	-5.403027	9.085539	14.066294	0.913712	
141	1.454993	0.078275	1.814208	-4.469161	-0.020947	4.469161	13.960667	-8.949930	-5.219896	8.949930	13.975905	0.897934	
142	1.468971	0.110735	1.814020	-4.708813	-0.056123	4.708813	13.420547	-8.813521	-5.044423	8.813521	13.880012	0.882905	
143	1.483765	0.144252	1.813568	-4.955611	-0.099195	4.955611	12.907982	-8.680874	-4.874336	8.680874	13.774940	0.868663	
144	1.498285	0.177761	1.812890	-5.162326	-0.144191	5.162326	12.454301	-8.556215	-4.712115	8.556215	13.663614	0.855081	
145	1.514876	0.212782	1.812072	-5.318000	-0.189761	5.318000	12.032303	-8.431775	-4.550681	8.431775	13.543870	0.842004	
146	1.538139	0.253916	1.811177	-5.461790	-0.238091	5.461790	11.578087	-8.293631	-4.372771	8.293631	13.402200	0.829405	
147	1.567864	0.303087	1.810202	-5.598523	-0.286363	5.598523	11.088439	-8.137750	-4.172429	8.137750	13.226359	0.817387	
148	1.602953	0.360852	1.809086	-5.697484	-0.331304	5.697484	10.589821	-7.962470	-3.951473	7.962470	13.013694	0.805998	
149	1.642880	0.427024	1.807728	-5.743014	-0.370803	5.743014	10.078833	-7.760553	-3.711124	7.760553	12.763013	0.795192	
150	1.684459	0.500024	1.805997	-5.742620	-0.401456	5.742620	9.547302	-7.530475	-3.457731	7.530475	12.472551	0.784940	
151	1.728151	0.582871	1.803765	-5.731658	-0.425677	5.731658	8.976095	-7.276228	-3.196236	7.276228	12.148410	0.775234	
152	1.778971	0.681970	1.800962	-5.730420	-0.449714	5.730420	8.357220	-7.003375	-2.929724	7.003375	11.807548	0.766064	
153	1.834470	0.795730	1.797593	-5.706207	-0.472784	5.706207	7.747801	-6.721750	-2.676063	6.721750	11.467826	0.757379	
154	1.882659	0.912956	1.793685	-5.639850	-0.489367	5.639850	7.219785	-6.440961	-2.464892	6.440961	11.136571	0.749081	
155	1.913348	1.022890	1.789217	-5.566035	-0.497795	5.566035	6.790545	-6.164351	-2.313734	6.164351	10.807233	0.741074	
156	1.923681	1.119074	1.784120	-5.494641	-0.501279	5.494641	6.463076	-5.890292	-2.218701	5.890292	10.464450	0.733305	
157	1.915902	1.196356	1.778336	-5.368890	-0.503957	5.368890	6.270287	-5.621974	-2.168988	5.621974	10.106489	0.725769	
158	1.893640	1.251693	1.771902	-5.151846	-0.507316	5.151846	6.223904	-5.368461	-2.158974	5.368461	9.750967	0.718441	
159	1.854928	1.281568	1.764947	-4.876731	-0.508825	4.876731	6.290883	-5.135085	-2.185426	5.135085	9.403153	0.711245	
160	1.791158	1.277931	1.757579	-4.585727	-0.503896	4.585727	6.437986	-4.924186	-2.240406	4.924186	9.044314	0.704143	
161	1.695902	1.233133	1.749815	-4.267600	-0.490678	4.267600	6.661406	-4.741340	-2.309003	4.741340	8.656324	0.697114	
162	1.568396	1.142478	1.741626	-3.849607	-0.471076	3.849607	6.991581	-4.596433	-2.373715	4.596433	8.237035	0.690135	
163	1.411282	1.005542	1.733022	-3.284061	-0.446781	3.284061	7.429096	-4.491913	-2.414870	4.491913	7.787862	0.683346	
164	1.228454	0.829296	1.723986	-2.641209	-0.417027	2.641209	7.889031	-4.416238	-2.413656	4.416238	7.302578	0.677017	
165	1.019322	0.618276	1.714387	-2.033223	-0.378426	2.033223	8.289496	-4.364733	-2.361868	4.364733	6.773724	0.671343	
166	0.777794	0.367777	1.704026	-1.495770	-0.326079	1.495770	8.625538	-4.343728	-2.258035	4.343728	6.193473	0.666401	
167	0.502174	0.075475	1.692692	-1.015318	-0.258084	1.015318	8.913943	-4.349973	-2.101518	4.349973	5.559477	0.662180	
168	0.201465	-0.250871	1.680187	-0.606055	-0.178968	0.606055	9.149322	-4.374537	-1.902139	4.374537	4.897013	0.658633	
169	-0.110643	-0.598402	1.666446	-0.323017	-0.097031	0.323017	9.316294	-4.419185	-1.685644	4.419185	4.260475	0.655737	
170	-0.422626	-0.954683	1.651613	-0.223476	-0.020664	0.223476	9.406263	-4.491652	-1.484379	4.491652	3.710558	0.653487	
171	-0.726287	-1.311269	1.635978	-0.315179	0.043233	0.315179	9.440273	-4.592810	-1.325971	4.592810	3.293456	0.651886	
172	-1.016603	-1.665362	1.619855	-0.548921	0.091408	0.548921	9.475343	-4.718417	-1.230852	4.718417	3.034948	0.650888	
173	-1.286149	-2.011724	1.603550	-0.879677	0.123456	0.879677	9.551322	-4.861143	-1.216271	4.861143	2.952305	0.650351	
174	-1.517900	-2.331599	1.587387	-1.315906	0.138316	1.315906	9.637570	-5.002150	-1.295115	5.002150	3.061908	0.650149	
175	-1.693769	-2.602992	1.571680	-1.882735	0.132212	1.882735	9.680533	-5.123639	-1.471968	5.123639	3.375387	0.650240	
176	-1.807172	-2.820133	1.556766	-2.581855	0.097729	2.581855	9.682130	-5.234287	-1.747420	5.234287	3.903349	0.650590	
177	-1.852319	-2.983808	1.543112	-3.399306	0.025776	3.399306	9.688924	-5.366939	-2.120619	5.366939	4.660535	0.651176	
178	-1.813669	-3.082746	1.531402	-4.299519	-0.090303	4.299519	9.731236	-5.554086	-2.573864	5.554086	5.633885	0.651998	
179	-1.687220	-3.105798	1.522469	-5.229684	-0.248013	5.229684	9.790111	-5.803160	-3.061216	5.803160	6.737974	0.653093	
180	-1.494479	-3.059524	1.517090	-6.150698	-0.433696	6.150698	9.821465	-6.099441	-3.531807	6.099441	7.856856	0.654523	
181	-1.264124	-2.962614	1.515824	-7.049327	-0.633798	7.049327	9.804678	-6.427711	-3.955857	6.427711	8.917866	0.656216	
182	-1.017519	-2.832344	1.518940	-7.933735	-0.842054	7.933735	9.749445	-6.772246	-4.321292	6.772246	9.889193	0.658007	
183	-0.769132	-2.679994	1.526378	-8.802698	-1.054972	8.802698	9.675093	-7.119525	-4.625186	7.119525	10.760690	0.659849	
184	-0.531863	-2.520004	1.537864	-9.612016	-1.270361	9.612016	9.623233	-7.471781	-4.879419	7.471781	11.548064	0.661815	
185	-0.322443	-2.376118	1.553046	-10.306816	-1.487053	10.306816	9.673839	-7.832879	-5.117875	7.832879	12.287336	0.664010	
186	-0.159180	-2.269075	1.571496	-10.854109	-1.695422	10.854109	9.891312	-8.172631	-5.380710	8.172631	13.000830	0.666541	
187	-0.057169	-2.207297	1.592592	-11.214834	-1.870398	11.214834	10.267479	-8.416942	-5.691676	8.416942	13.666055	0.669496	
188	-0.024415	-2.192900	1.615502	-11.364580	-1.988748	11.364580	10.761538	-8.490304	-6.061509	8.490304	14.244268	0.672982	
189	-0.058688	-2.224454	1.639335	-11.347781	-2.050632	11.347781	11.361632	-8.356723	-6.495076	8.356723	14.714120	0.677077	
190	-0.153754	-2.296221	1.663277	-11.220878	-2.065502	11.220878	12.069046	-8.000597	-6.993212	8.000597	15.063997	0.681728	
191	-0.306378	-2.399874	1.686552	-10.974907	-2.026981	10.974907	12.844162	-7.387740	-7.557187	7.387740	15.282053	0.686820	
192	-0.508072	-2.518527	1.708291	-10.600754	-1.923204	10.600754	13.590533	-6.487871	-8.167720	6.487871	15.339572	0.692246	
193	-0.737237	-2.625876	1.727570	-10.171993	-1.761597	10.171993	14.202343	-5.339853	-8.767364	5.339853	15.193051	0.697887	
194	-0.969053	-2.703579	1.743578	-9.770443	-1.565749	9.770443	14.628619	-4.049474	-9.290556	4.049474	14.821713	0.703613	
195	-1.186998	-2.750184	1.755690	-9.398855	-1.355376	9.398855	14.878656	-2.720476	-9.696642	2.720476	14.239525	0.709344	
196	-1.381329	-2.769866	1.763469	-9.035769	-1.142433	9.035769	14.981592	-1.428371	-9.973003	1.428371	13.489202	0.715080	
197	-1.544219	-2.764193	1.766730	-8.671925	-0.939605	8.671925	14.967570	-0.244244	-10.126265	0.244244	12.639576	0.720885	
198	-1.669154	-2.731115	1.765559	-8.262045	-0.759912	8.262045	14.851610	0.765323	-10.161411	-0.765323	11.749957	0.726839	
199	-1.751172	-2.663461	1.760190	-7.744252	-0.609038	7.744252	14.600659	1.555510	-10.062499	-1.555510	10.836410	0.732998	
200	-1.788089	-2.554223	1.750883	-7.110203	-0.486780	7.110203	14.160256	2.100746	-9.803644	-2.100746	9.888795	0.739373	
201	-1.784316	-2.407706	1.737963	-6.415773	-0.396176	6.415773	13.541058	2.398602	-9.378626	-2.398602	8.902787	0.745946	
202	-1.751628	-2.240319	1.721862	-5.695399	-0.336448	5.695399	12.820979	2.485686	-8.819468	-2.485686	7.900001	0.752711	
203	-1.700933	-2.067156	1.703109	-4.898997	-0.294125	4.898997	12.054120	2.412204	-8.180866	-2.412204	6.931876	0.759681	
204	-1.633385	-1.894319	1.682333	-3.998122	-0.266178	3.998122	11.276982	2.184721	-7.501431	-2.184721	6.050444	0.766853	
205	-1.544717	-1.723645	1.660304	-3.074671	-0.272048	3.074671	10.567647	1.773927	-6.791712	-1.773927	5.269247	0.774204	
206	-1.438451	-1.559124	1.637838	-2.233632	-0.323537	2.233632	10.007109	1.192298	-6.067901	-1.192298	4.574248	0.781712	
207	-1.330234	-1.409229	1.615621	-1.505454	-0.406027	1.505454	9.628232	0.538903	-5.374987	-0.538903	3.960811	0.789356	
208	-1.237228	-1.283017	1.594099	-0.847342	-0.498242	0.847342	9.436330	-0.058960	-4.764333	0.058960	3.441464	0.797092	
209	-1.167992	-1.187438	1.573552	-0.184274	-0.592853	0.184274	9.459732	-0.536534	-4.275539	0.536534	3.042341	0.804856	
210	-1.124518	-1.120326	1.554186	0.508980	-0.682984	-0.508980	9.664430	-0.865320	-3.918200	0.865320	2.767021	0.812631	
211	-1.106386	-1.068420	1.536009	1.172025	-0.753764	-1.172025	9.900496	-1.002094	-3.656424	1.002094	2.569265	0.820467	
212	-1.113965	-1.027886	1.518738	1.805678	-0.797003	-1.805678	10.088891	-0.905825	-3.454716	0.905825	2.408202	0.828432	
213	-1.148046	-1.014207	1.501938	2.517439	-0.818196	-2.517439	10.337471	-0.571883	-3.327433	0.571883	2.305560	0.836572	
214	-1.201864	-1.044196	1.485318	3.374127	-0.835503	-3.374127	10.841244	-0.082883	-3.315018	0.082883	2.319163	0.844955	
215	-1.265580	-1.111354	1.468907	4.355766	-0.849269	-4.355766	11.573207	0.490596	-3.408935	-0.490596	2.441853	0.853710	
216	-1.336849	-1.188699	1.452713	5.410841	-0.830327	-5.410841	12.212114	1.192441	-3.545437	-1.192441	2.590418	0.862926	
217	-1.417969	-1.261277	1.436413	6.471245	-0.758709	-6.471245	12.537709	2.065947	-3.690512	-2.065947	2.718687	0.872530	
218	-1.511102	-1.331348	1.419470	7.402003	-0.635078	-7.402003	12.546456	3.106399	-3.855309	-3.106399	2.837939	0.882342	
219	-1.610369	-1.395991	1.401314	8.021423	-0.479334	-8.021423	12.306851	4.249294	-4.038547	-4.249294	2.953213	0.892194	
220	-1.696133	-1.440019	1.381637	8.186827	-0.330809	-8.186827	11.916256	5.301421	-4.193373	-5.301421	3.027721	0.902008	
221	-1.752985	-1.449668	1.360574	7.836607	-0.216173	-7.836607	11.421581	6.095231	-4.258102	-6.095231	3.001476	0.911772	
222	-1.791330	-1.437926	1.338345	7.071850	-0.120838	-7.071850	10.832882	6.718669	-4.263274	-6.718669	2.899836	0.921475	
223	-1.836784	-1.445216	1.314938	6.161783	-0.004182	-6.161783	10.213891	7.415823	-4.351642	-7.415823	2.867775	0.931099	
224	-1.902273	-1.494830	1.290128	5.309016	0.160485	-5.309016	9.593274	8.322775	-4.613134	-8.322775	2.999528	0.940645	
225	-1.984373	-1.568856	1.263512	4.502502	0.375402	-4.502502	8.851848	9.438511	-5.000088	-9.438511	3.242135	0.950168	
226	-2.078528	-1.644239	1.234486	3.669004	0.631945	-3.669004	7.897778	10.732602	-5.450278	-10.732602	3.529466	0.959792	
227	-2.177158	-1.710029	1.202461	2.794538	0.910679	-2.794538	6.783048	12.121185	-5.923826	-12.121185	3.829315	0.969689	
228	-2.266027	-1.750628	1.167103	1.911157	1.189028	-1.911157	5.538464	13.460894	-6.345147	-13.460894	4.076487	0.980038	
229	-2.337550	-1.755306	1.128244	1.090954	1.457447	-1.090954	4.153807	14.664731	-6.661844	-14.664731	4.227854	0.990961	
230	-2.387922	-1.723054	1.085757	0.420417	1.708860	-0.420417	2.669135	15.681815	-6.850919	-15.681815	4.273273	1.002459	
231	-2.408187	-1.650679	1.039665	-0.078409	1.929705	0.078409	1.124742	16.444986	-6.874808	-16.444986	4.192571	1.014483	
232	-2.396440	-1.539584	0.990246	-0.452658	2.119548	0.452658	-0.484738	16.969963	-6.751663	-16.969963	4.024304	1.027051	
233	-2.360531	-1.398335	0.938000	-0.676259	2.301299	0.676259	-2.209489	17.348164	-6.555702	-17.348164	3.863327	1.040211	
234	-2.304629	-1.229171	0.883663	-0.588943	2.505798	0.588943	-4.160341	17.637961	-6.312769	-17.637961	3.751196	1.053982	
235	-2.223392	-1.021560	0.828213	-0.040515	2.742505	0.040515	-6.438535	17.813187	-5.950896	-17.813187	3.622641	1.068375	
236	-2.105551	-0.766646	0.772849	0.943905	2.984990	-0.943905	-8.981722	17.751448	-5.353317	-17.751448	3.363011	1.083385	
237	-1.943022	-0.475387	0.719033	2.186419	3.203281	-2.186419	-11.588788	17.328929	-4.472237	-17.328929	2.923283	1.098934	
238	-1.734848	-0.162949	0.668571	3.520749	3.392988	-3.520749	-14.147149	16.517666	-3.334739	-16.517666	2.316386	1.114882	
239	-1.483151	0.170296	0.623574	4.831601	3.554675	-4.831601	-16.652339	15.354971	-1.963535	-15.354971	1.538990	1.131108	
240	-1.190889	0.527443	0.586292	5.992872	3.677337	-5.992872	-19.062480	13.896097	-0.377133	-13.896097	0.582513	1.147490	
241	-0.860120	0.906506	0.558931	6.853715	3.748380	-6.853715	-21.305409	12.191597	1.387772	-12.191597	-0.545456	1.163926	
242	-0.491363	1.304039	0.543405	7.286982	3.764217	-7.286982	-23.342233	10.286841	3.284700	-10.286841	-1.839469	1.180441	
243	-0.085302	1.718683	0.540934	7.290830	3.741250	-7.290830	-25.200017	8.231841	5.257041	-8.231841	-3.298054	1.197144	
244	0.356154	2.148829	0.551638	6.945410	3.704934	-6.945410	-26.901556	6.064918	7.229711	-6.064918	-4.909088	1.214116	
245	0.828784	2.589215	0.574467	6.262353	3.668688	-6.262353	-28.375130	3.818170	9.104679	-3.818170	-6.636782	1.231364	
246	1.327474	3.036594	0.607563	5.184591	3.630919	-5.184591	-29.497247	1.519703	10.781993	-1.519703	-8.430054	1.248795	
247	1.847836	3.486335	0.648768	3.657283	3.575707	-3.657283	-30.105328	-0.818737	12.165647	0.818737	-10.225643	1.266242	
248	2.379827	3.923207	0.695971	1.662870	3.501727	-1.662870	-30.045388	-3.145457	13.121409	3.145457	-11.925694	1.283579	
249	2.903173	4.328626	0.747321	-0.705386	3.452027	0.705386	-29.288033	-5.323699	13.496682	5.323699	-13.408765	1.300798	
250	3.395847	4.678991	0.801290	-3.169349	3.479389	3.169349	-27.817985	-7.206229	13.191653	7.206229	-14.577180	1.317965	
251	3.844556	4.945764	0.856528	-5.365750	3.597484	5.365750	-25.540745	-8.747121	12.196924	8.747121	-15.396587	1.335167	
252	4.245312	5.126664	0.911940	-7.073922	3.786532	7.073922	-22.487101	-10.009050	10.608784	10.009050	-15.877467	1.352509	
253	4.596524	5.243565	0.966956	-8.258432	4.034293	8.258432	-18.861570	-11.050879	8.572604	11.050879	-16.024558	1.370136	
254	4.896626	5.307814	1.021348	-8.897257	4.334181	8.897257	-14.826910	-11.879258	6.220898	11.879258	-15.843268	1.388208	
255	5.147721	5.328029	1.074898	-8.931651	4.646800	8.931651	-10.468346	-12.526679	3.687900	12.526679	-15.352137	1.406830	
256	5.353368	5.320098	1.127485	-8.261566	4.917890	8.261566	-5.897039	-13.062353	1.105933	13.062353	-14.565877	1.425999	
257	5.511917	5.286341	1.179170	-6.688126	5.119532	6.688126	-1.257679	-13.500184	-1.410314	13.500184	-13.495622	1.445654	
258	5.616079	5.214466	1.229908	-4.099749	5.250571	4.099749	3.263673	-13.773750	-3.750025	13.773750	-12.168053	1.465742	
259	5.660207	5.099438	1.279371	-0.606518	5.327356	0.606518	7.427646	-13.825438	-5.805902	13.825438	-10.643039	1.486227	
260	5.649869	4.956817	1.327196	3.529930	5.359263	-3.529930	11.024250	-13.686326	-7.500111	13.686326	-8.994405	1.507078	
261	5.598502	4.810864	1.373308	7.863458	5.331856	-7.863458	13.938684	-13.430232	-8.811450	13.430232	-7.277568	1.528244	
262	5.514098	4.669496	1.417837	11.950597	5.248269	-11.950597	16.121899	-13.085548	-9.760966	13.085548	-5.550978	1.549639	
263	5.399501	4.522325	1.460847	15.527844	5.138432	-15.527844	17.555566	-12.653758	-10.374813	12.653758	-3.903981	1.571146	
264	5.259041	4.358151	1.502294	18.283928	5.014555	-18.283928	18.230495	-12.158520	-10.670502	12.158520	-2.428756	1.592616	
265	5.096771	4.168542	1.542098	19.901587	4.884545	-19.901587	18.135249	-11.627857	-10.655164	11.627857	-1.196903	1.613909	
266	4.916243	3.945990	1.580089	20.267222	4.766197	-20.267222	17.270820	-11.082657	-10.328446	11.082657	-0.259192	1.634960	
267	4.726164	3.695244	1.616042	19.392136	4.654456	-19.392136	15.685007	-10.564860	-9.706708	10.564860	0.372416	1.655777	
268	4.538799	3.430042	1.649833	17.392413	4.535646	-17.392413	13.469880	-10.130437	-8.823863	10.130437	0.718785	1.676346	
269	4.361645	3.157331	1.681406	14.476100	4.405780	-14.476100	10.700601	-9.787694	-7.711083	9.787694	0.824361	1.696566	
270	4.199114	2.883274	1.710682	10.808849	4.255867	-10.808849	7.452222	-9.503547	-6.418843	9.503547	0.771566	1.716245	
271	4.055446	2.619755	1.737717	6.512807	4.090884	-6.512807	3.877543	-9.285328	-5.009021	9.285328	0.639615	1.735234	
272	3.928342	2.372762	1.762802	1.798139	3.937319	-1.798139	0.184279	-9.166905	-3.515330	9.166905	0.463098	1.753537	
273	3.810030	2.136599	1.786279	-2.999994	3.805650	2.999994	-3.467983	-9.137970	-1.958046	9.137970	0.257316	1.771228	
274	3.697204	1.904668	1.808407	-7.561069	3.676436	7.561069	-6.980402	-9.165939	-0.371434	9.165939	0.045453	1.788330	
275	3.592101	1.680237	1.829531	-11.657860	3.535548	11.657860	-10.199042	-9.261167	1.200858	9.261167	-0.144545	1.804876	
276	3.495048	1.470368	1.850260	-15.082925	3.411607	15.082925	-12.900867	-9.476426	2.734253	9.476426	-0.303723	1.821027	
277	3.404639	1.276958	1.871385	-17.706096	3.343329	17.706096	-14.946351	-9.842836	4.214327	9.842836	-0.427597	1.837090	
278	3.322847	1.096018	1.893621	-19.576984	3.320062	19.576984	-16.373216	-10.344104	5.611823	10.344104	-0.488022	1.853441	
279	3.252253	0.919045	1.917455	-20.851319	3.290389	20.851319	-17.321410	-10.959952	6.909928	10.959952	-0.459332	1.870331	
280	3.195727	0.743020	1.943213	-21.707747	3.182149	21.707747	-17.882684	-11.684406	8.074917	11.684406	-0.298070	1.887777	
281	3.157135	0.573324	1.971188	-22.263288	2.926875	22.263288	-18.064502	-12.491901	9.021715	12.491901	0.079082	1.905789	
282	3.131014	0.410089	2.001572	-22.514793	2.520020	22.514793	-17.846271	-13.340439	9.710949	13.340439	0.696758	1.924497	
283	3.102860	0.245332	2.034395	-22.492805	2.006645	22.492805	-17.216809	-14.240044	10.214142	14.240044	1.468865	1.944020	
284	3.063655	0.069781	2.069657	-22.338709	1.418571	22.338709	-16.248395	-15.257235	10.652269	15.257235	2.286281	1.964430	
285	3.009400	-0.124107	2.107381	-22.097117	0.783080	22.097117	-15.077131	-16.408486	11.115135	16.408486	3.087372	1.985589	
286	2.934111	-0.337578	2.147440	-21.664201	0.135425	21.664201	-13.780785	-17.622335	11.623741	17.622335	3.851988	2.006742	
287	2.835526	-0.565859	2.189513	-21.006993	-0.521942	21.006993	-12.419242	-18.822180	12.156943	18.822180	4.584213	2.026702	
288	2.716937	-0.808983	2.233219	-20.225483	-1.227058	20.225483	-11.153711	-19.970590	12.713255	19.970590	5.292631	2.044822	
289	2.581942	-1.073098	2.278170	-19.412781	-2.017139	19.412781	-10.181093	-21.046231	13.317776	21.046231	5.982514	2.061412	
290	2.434398	-1.358954	2.324011	-18.605510	-2.912805	18.605510	-9.593889	-22.035964	13.981386	22.035964	6.673446	2.076912	
291	2.276578	-1.664528	2.370449	-17.846252	-3.931388	17.846252	-9.413830	-22.935379	14.704095	22.935379	7.383333	2.091082	
292	2.105119	-1.994277	2.417202	-17.183589	-5.084593	17.183589	-9.671163	-23.738336	15.504369	23.738336	8.095966	2.103125	
293	1.914711	-2.353982	2.463975	-16.628931	-6.367794	16.628931	-10.365829	-24.442933	16.403358	24.442933	8.786554	2.112352	
294	1.702981	-2.745336	2.510503	-16.184801	-7.769138	16.184801	-11.437745	-25.060938	17.395608	25.060938	9.459653	2.118689	
295	1.469654	-3.168864	2.556581	-15.868922	-9.284383	15.868922	-12.797524	-25.608098	18.452939	25.608098	10.146269	2.122548	
296	1.219149	-3.622170	2.602098	-15.715909	-10.935828	15.715909	-14.334871	-26.099275	19.506711	26.099275	10.928383	2.124436	
297	0.964518	-4.093997	2.647157	-15.830711	-12.787273	15.830711	-15.894169	-26.560796	20.419179	26.560796	11.968714	2.124784	
298	0.720639	-4.567390	2.692236	-16.377902	-14.905912	16.377902	-17.270700	-27.031551	21.026357	27.031551	13.445690	2.123866	
299	0.495020	-5.025631	2.738175	-17.458193	-17.296878	17.458193	-18.230751	-27.529601	21.191757	27.529601	15.462703	2.121809	
300	0.287599	-5.451062	2.785880	-19.023480	-19.880342	19.023480	-18.533507	-28.015918	20.811088	28.015918	18.017045	2.118800	
301	0.094370	-5.825500	2.835989	-20.925682	-22.514607	20.925682	-17.972809	-28.416447	19.823582	28.416447	21.005920	2.115120	
302	-0.091362	-6.137493	2.888728	-22.997756	-25.049114	22.997756	-16.438379	-28.674825	18.242621	28.674825	24.258759	2.110919	
303	-0.278076	-6.387632	2.943932	-25.051953	-27.386317	25.051953	-13.940500	-28.757687	16.144394	28.757687	27.583230	2.106201	
304	-0.472519	-6.582331	3.001098	-26.878216	-29.479895	26.878216	-10.553299	-28.637039	13.609090	28.637039	30.792313	2.100956	
305	-0.677662	-6.722040	3.059473	-28.294308	-31.284108	28.294308	-6.359617	-28.280842	10.698147	28.280842	33.697865	2.095114	
306	-0.895813	-6.803035	3.118076	-29.186999	-32.770358	29.186999	-1.479013	-27.653609	7.494170	27.653609	36.092278	2.088522	
307	-1.135065	-6.832648	3.175648	-29.512017	-33.958854	29.512017	3.916568	-26.730375	4.125489	26.730375	37.746040	2.081000	
308	-1.411198	-6.831579	3.230596	-29.288117	-34.889317	29.288117	9.651803	-25.482651	0.733725	25.482651	38.421419	2.072344	
309	-1.739496	-6.821492	3.281002	-28.653450	-35.610057	28.653450	15.569785	-23.875455	-2.556354	23.875455	37.922612	2.062396	
310	-2.124774	-6.814318	3.324805	-27.893010	-36.182978	27.893010	21.513846	-21.918883	-5.636384	21.918883	36.177738	2.051234	
311	-2.557130	-6.802425	3.360222	-27.323990	-36.682593	27.323990	27.324410	-19.719410	-8.404379	19.719410	33.292553	2.039207	
312	-3.021404	-6.775539	3.386193	-27.201621	-37.217103	27.201621	32.879068	-17.465447	-10.749856	17.465447	29.511257	2.026772	
313	-3.512776	-6.757075	3.402317	-27.737064	-37.934886	27.737064	38.193331	-15.340032	-12.569587	15.340032	25.105939	2.014322	
314	-4.031210	-6.786709	3.408446	-28.998171	-38.981625	28.998171	43.448857	-13.476168	-13.804571	13.476168	20.327539	2.002005	
315	-4.568546	-6.878354	3.404590	-30.740957	-40.432880	30.740957	48.869754	-11.977423	-14.441833	11.977423	15.420506	1.989651	
316	-5.115281	-7.030541	3.390977	-32.408189	-42.286493	32.408189	54.681403	-10.911649	-14.510520	10.911649	10.608648	1.976997	
317	-5.664877	-7.244901	3.367912	-33.203924	-44.526486	33.203924	61.194568	-10.324812	-14.104467	10.324812	6.108502	1.963817	
318	-6.199759	-7.504835	3.335856	-32.278762	-47.177054	32.278762	68.767677	-10.325841	-13.390150	10.325841	2.191376	1.949831	
319	-6.689547	-7.767469	3.295879	-29.106860	-50.317206	29.106860	77.682192	-11.109390	-12.550601	11.109390	-0.880241	1.934775	
320	-7.111564	-7.998550	3.249725	-23.764201	-54.060393	23.764201	88.115864	-12.820948	-11.698236	12.820948	-3.043463	1.918506	
321	-7.458172	-8.185497	3.199124	-16.844992	-58.481396	16.844992	100.121719	-15.474066	-10.874912	15.474066	-4.443162	1.900969	
322	-7.723318	-8.310548	3.145399	-9.148856	-63.545283	9.148856	113.550568	-19.059681	-10.111085	19.059681	-5.244239	1.882130	
323	-7.897077	-8.346168	3.089736	-1.599361	-69.165794	1.599361	128.068981	-23.612280	-9.405108	23.612280	-5.582590	1.861869	
324	-7.972761	-8.273183	3.033295	4.677845	-75.287441	-4.677845	143.238872	-29.136902	-8.659966	29.136902	-5.669806	1.839986	
325	-7.949892	-8.083429	2.976943	8.641111	-81.814475	-8.641111	158.514235	-35.574771	-7.706726	35.574771	-5.782126	1.816353	
326	-7.830982	-7.775878	2.921198	9.666407	-88.541363	-9.666407	173.264600	-42.832539	-6.408735	42.832539	-6.119070	1.790956	
327	-7.621644	-7.357410	2.866427	7.505319	-95.227854	-7.505319	186.897001	-50.828459	-4.650892	50.828459	-6.836333	1.763811	
328	-7.332441	-6.838511	2.812716	2.083786	-101.694070	-2.083786	198.905715	-59.561062	-2.209909	59.561062	-8.217919	1.734946	
329	-6.975772	-6.228212	2.759575	-6.572270	-107.829635	6.572270	208.881873	-69.086938	1.186763	69.086938	-10.579356	1.704464	
330	-6.562100	-5.539018	2.706190	-18.133242	-113.559058	18.133242	216.636392	-79.395244	5.638960	79.395244	-14.002206	1.672607	
331	-6.100236	-4.792684	2.651998	-31.905415	-118.831061	31.905415	222.269885	-90.355463	10.996486	90.355463	-18.288446	1.639691	
332	-5.599885	-4.015583	2.596981	-47.136945	-123.634798	47.136945	226.089249	-101.784499	16.984919	101.784499	-23.137821	1.606012	
333	-5.073054	-3.232267	2.541570	-63.130915	-128.004186	63.130915	228.539216	-113.503515	23.338621	113.503515	-28.290346	1.571885	
334	-4.530964	-2.460726	2.486472	-79.088329	-131.980890	79.088329	230.092368	-125.347355	29.829927	125.347355	-33.541088	1.537694	
335	-3.982205	-1.710846	2.432502	-94.129284	-135.557640	94.129284	231.087712	-137.157459	36.298722	137.157459	-38.766417	1.503787	
336	-3.437681	-0.995279	2.380312	-107.618703	-138.689037	107.618703	231.786205	-148.688599	42.640841	148.688599	-43.910260	1.470349	
337	-2.905908	-0.328583	2.330235	-119.419983	-141.406562	119.419983	232.477781	-159.668108	48.723103	159.668108	-48.885769	1.437463	
338	-2.384965	0.286924	2.282483	-129.631817	-143.860769	129.631817	233.435911	-170.060404	54.420684	170.060404	-53.610838	1.405206	
339	-1.876251	0.855232	2.237248	-138.315751	-146.182890	138.315751	234.850649	-180.056107	59.790155	180.056107	-58.178604	1.373634	
340	-1.387590	1.380837	2.194398	-145.679844	-148.398202	145.679844	236.729514	-189.852348	65.027370	189.852348	-62.790473	1.342733	
341	-0.914284	1.872156	2.153548	-151.937894	-150.485407	151.937894	238.963325	-199.522897	70.166272	199.522897	-67.465497	1.312468	
342	-0.446118	2.334204	2.114547	-156.930143	-152.399192	156.930143	241.498173	-208.990930	75.066017	208.990930	-72.061153	1.282787	
343	0.012989	2.763448	2.077472	-160.541426	-154.097132	160.541426	244.343209	-218.133436	79.638033	218.133436	-76.489015	1.253584	
344	0.454075	3.155063	2.042373	-163.315150	-155.631168	163.315150	247.567730	-226.934049	83.868777	226.934049	-80.719649	1.224694	
345	0.877925	3.513504	2.009371	-166.195347	-157.105778	166.195347	251.185680	-235.530721	87.810395	235.530721	-84.777983	1.195944	
346	1.288559	3.850560	1.978835	-169.701333	-158.527394	169.701333	254.999510	-244.087573	91.596313	244.087573	-88.757892	1.167223	
347	1.686119	4.173325	1.951368	-173.327925	-159.778816	173.327925	258.727937	-252.628639	95.312566	252.628639	-92.700952	1.138524	
348	2.072393	4.481642	1.927732	-176.031177	-160.762199	176.031177	262.241071	-261.062548	98.928369	261.062548	-96.551424	1.109840	
349	2.453723	4.776900	1.908818	-177.414958	-161.535450	177.414958	265.609249	-269.399687	102.446980	269.399687	-100.312667	1.081060	
350	2.837105	5.067747	1.895617	-177.817777	-162.239659	177.817777	268.904492	-277.811845	106.008066	277.811845	-104.133424	1.052021	
351	3.227741	5.362257	1.889210	-177.390667	-162.926011	177.390667	272.028395	-286.390644	109.747610	286.390644	-108.163208	1.022619	
352	3.630092	5.661338	1.890703	-175.865740	-163.531883	175.865740	274.772183	-295.072804	113.710573	295.072804	-112.468330	0.992858	
353	4.051758	5.969947	1.901208	-173.041165	-163.967475	173.041165	276.874802	-303.918516	118.016799	303.918516	-117.190192	0.962848	
354	4.495503	6.298904	1.921927	-168.931437	-164.158131	168.931437	278.050620	-313.198642	122.891229	313.198642	-122.554641	0.932793	
355	4.948094	6.651391	1.954237	-163.526740	-164.032073	163.526740	278.075079	-323.143931	128.446024	323.143931	-128.640579	0.902943	
356	5.400369	7.032885	1.999646	-156.495039	-163.465354	156.495039	276.631907	-333.867385	134.685780	333.867385	-135.420046	0.873518	
357	5.858027	7.456217	2.059671	-147.143852	-162.279502	147.143852	273.303497	-345.440549	141.599121	345.440549	-142.876045	0.844658	
358	6.322943	7.920702	2.135700	-135.023805	-160.372845	135.023805	268.029131	-357.904752	149.115326	357.904752	-150.926529	0.816458	
359	6.790162	8.415112	2.228757	-120.172998	-157.708977	120.172998	260.981532	-371.229279	157.135028	371.229279	-159.433679	0.788963	
360	7.255617	8.939360	2.339336	-102.721334	-154.228717	102.721334	252.099217	-385.351077	165.571775	385.351077	-168.259509	0.762156	
361	7.720286	9.504434	2.467478	-83.189795	-150.009656	83.189795	241.444119	-400.382072	174.389161	400.382072	-177.329769	0.736057	
362	8.191952	10.119131	2.612926	-62.467862	-145.276667	62.467862	229.397985	-416.496900	183.596749	416.496900	-186.643413	0.710773	
363	8.686579	10.790056	2.775140	-41.174748	-140.194706	41.174748	216.217004	-433.712954	193.238169	433.712954	-196.249610	0.686403	
364	9.216670	11.523065	2.953194	-19.989650	-134.865440	19.989650	202.012732	-451.844173	203.263723	451.844173	-206.091783	0.662941	
365	9.769020	12.311773	3.145780	0.292281	-129.388069	-0.292281	187.037961	-470.305826	213.217203	470.305826	-215.680187	0.640328	
366	10.310394	13.127531	3.351328	19.402716	-123.870944	-19.402716	171.856674	-488.168988	222.286261	488.168988	-224.167591	0.618549	
367	10.814609	13.935146	3.568163	37.341923	-118.416817	-37.341923	157.143576	-504.561662	229.758789	504.561662	-230.817497	0.597644	
368	11.280118	14.722937	3.794657	53.837965	-113.087606	-53.837965	143.287910	-519.066217	235.371558	519.066217	-235.345507	0.577683	
369	11.721768	15.497280	4.029377	68.471646	-107.905347	-68.471646	130.491014	-531.700417	239.168497	531.700417	-237.777895	0.558759	
370	12.135764	16.248990	4.271088	80.789411	-102.864398	-80.789411	119.143811	-542.253337	240.882130	542.253337	-237.820668	0.540953	
371	12.491143	16.956446	4.518580	90.352649	-97.819177	-90.352649	109.426750	-549.685246	239.731973	549.685246	-234.685847	0.524312	
372	12.753991	17.618848	4.770431	96.967741	-92.405249	-96.967741	100.744665	-552.106268	234.802374	552.106268	-227.573057	0.508936	
373	12.886156	18.213424	5.025056	101.563852	-86.403091	-101.563852	92.964653	-547.944038	225.174230	547.944038	-215.815758	0.495068	
374	12.862324	18.659748	5.281082	106.307374	-79.823079	-106.307374	86.451428	-537.376314	210.480725	537.376314	-199.237367	0.482997	
375	12.707162	18.916612	5.537492	111.735890	-72.775066	-111.735890	81.002404	-521.595664	191.617831	521.595664	-178.724947	0.472912	
376	12.467185	19.019393	5.793335	116.070880	-65.754847	-116.070880	77.293982	-501.657225	170.047644	501.657225	-155.647901	0.464898	
377	12.171859	19.009595	6.047606	118.449943	-59.331984	-118.449943	76.514058	-478.711847	146.917030	478.711847	-131.070895	0.459046	
378	11.836975	18.908886	6.299330	119.520172	-53.630600	-119.520172	78.423687	-453.791656	123.090665	453.791656	-105.797127	0.455484	
379	11.467946	18.723220	6.547454	119.894921	-48.458441	-119.894921	81.761499	-427.283489	99.261033	427.283489	-80.511639	0.454345	
380	11.065649	18.457048	6.790638	119.933412	-43.579017	-119.933412	85.288057	-399.266109	76.000205	399.266109	-55.843132	0.455763	
381	10.646882	18.138375	7.027186	120.017578	-38.914904	-120.017578	88.289725	-370.046529	53.992304	370.046529	-32.637307	0.459859	
382	10.262032	17.822613	7.255115	120.613786	-34.501806	-120.613786	90.248907	-340.164265	34.279810	340.164265	-12.370622	0.466717	
383	9.970117	17.562003	7.472193	122.049076	-30.282475	-122.049076	90.534796	-309.991509	17.817844	309.991509	3.246443	0.476316	
384	9.784127	17.362653	7.675950	124.113918	-26.107315	-124.113918	88.985906	-279.459880	4.682944	279.459880	13.327990	0.488400	
385	9.681610	17.199057	7.863843	126.199553	-21.893429	-126.199553	86.313051	-248.517995	-5.647135	248.517995	17.666922	0.502315	
386	9.648632	17.061360	8.033649	127.579136	-17.688248	-127.579136	83.964661	-217.677441	-13.833800	217.677441	16.232119	0.517045	
387	9.661640	16.944191	8.183902	127.179438	-13.578728	-127.179438	83.893859	-187.840672	-20.996032	187.840672	9.798597	0.531585	
388	9.677630	16.825060	8.314029	123.775163	-9.571154	-123.775163	87.975935	-159.875318	-28.404621	159.875318	-0.236153	0.545298	
389	9.682664	16.690600	8.424118	116.538033	-5.557132	-116.538033	97.380786	-134.362848	-36.680099	134.362848	-13.334314	0.557834	
390	9.714527	16.553893	8.514527	105.290409	-1.398415	-105.290409	112.784493	-111.652940	-45.936638	111.652940	-30.302112	0.568926	
391	9.828262	16.431429	8.585429	90.847751	3.005141	-90.847751	134.819195	-91.900568	-56.492753	91.900568	-52.376447	0.578463	
392	10.052169	16.309353	8.636450	75.343724	7.778157	-75.343724	163.718247	-74.847282	-69.095726	74.847282	-80.164946	0.586565	
393	10.379745	16.133622	8.666527	62.687658	13.202572	-62.687658	198.437400	-59.735876	-84.485009	59.735876	-113.460777	0.593462	
394	10.791440	15.828383	8.673680	59.207377	19.721945	-59.207377	236.374843	-45.455110	-102.903354	45.455110	-151.628640	0.599360	
395	11.268564	15.319862	8.654875	72.824967	27.690220	-72.824967	273.875292	-30.781635	-123.900254	30.781635	-193.458203	0.604367	
396	11.802012	14.561689	8.606304	109.411075	37.026336	-109.411075	306.722678	-14.653553	-146.239033	14.653553	-236.945312	0.608481	
397	12.403248	13.557633	8.523906	167.292484	47.040282	-167.292484	330.274452	3.624640	-167.925752	-3.624640	-279.551328	0.611704	
398	13.101417	12.368659	8.404038	232.994255	56.504339	-232.994255	339.483209	24.238317	-186.373472	-24.238317	-318.180231	0.614120	
399	13.926879	11.110683	8.244524	281.523854	63.827164	-281.523854	329.454363	46.708609	-198.653495	-46.708609	-348.793177	0.615887	
400	14.891760	9.932127	8.046020	284.246184	67.382284	-284.246184	296.862626	69.823301	-201.949354	-69.823301	-366.613684	0.617220	
401	15.967345	8.954232	7.813298	223.361474	65.941417	-223.361474	241.774421	91.762448	-194.255322	-91.762448	-367.099295	0.618336	
402	17.053161	8.208645	7.556050	104.219295	58.916862	-104.219295	169.318466	110.377723	-175.038049	-110.377723	-347.215160	0.619428	
403	17.970095	7.632231	7.288925	-43.742660	46.471339	43.742660	90.588118	123.627309	-145.828159	-123.627309	-306.985624	0.620741	
404	18.514018	7.115074	7.030422	-179.004225	29.596894	179.004225	20.716031	130.162087	-110.328279	-130.162087	-250.798617	0.622583	
405	18.500898	6.531451	6.800349	-265.184069	10.110682	265.184069	-27.131441	129.733190	-72.690499	-129.733190	-187.266752	0.625198	
406	17.774317	5.752412	6.616142	-284.285988	-9.547143	284.285988	-48.140125	123.208693	-35.177289	-123.208693	-127.269015	0.628761	
407	16.256643	4.679303	6.489027	-240.883497	-26.893877	240.883497	-47.606640	112.372779	2.194840	-112.372779	-80.814055	0.633475	
408	14.004533	3.274512	6.421241	-156.013847	-40.157086	156.013847	-36.976798	99.505539	40.175892	-99.505539	-53.838469	0.639531	
409	11.183233	1.559694	6.405224	-55.956197	-48.657322	55.956197	-27.250389	86.822671	78.473345	-86.822671	-46.789054	0.647018	
410	7.990359	-0.419222	6.425145	36.915075	-52.543307	-36.915075	-25.114395	76.146055	115.406612	-76.146055	-56.297089	0.655941	
411	4.598786	-2.624157	6.460280	108.537792	-52.215448	-108.537792	-33.341909	68.873805	149.281367	-68.873805	-78.089939	0.666218	
412	1.162477	-5.015068	6.489265	153.507327	-48.039521	-153.507327	-51.948800	65.951998	179.226473	-65.951998	-108.021217	0.677643	
413	-2.147587	-7.521211	6.494026	172.867509	-40.468846	-172.867509	-78.209048	67.694174	204.530541	-67.694174	-141.331377	0.689939	
414	-5.145560	-10.028737	6.462481	171.242346	-30.218002	-171.242346	-106.604021	73.631300	223.797549	-73.631300	-172.454903	0.702868	
415	-7.669743	-12.385286	6.389580	154.815324	-18.243194	-154.815324	-129.874449	82.588149	235.005707	-82.588149	-196.150044	0.716240	
416	-9.610938	-14.424297	6.276820	130.291401	-5.585735	-130.291401	-141.600995	92.946470	236.457173	-92.946470	-208.926675	0.729854	
417	-10.922998	-15.998369	6.130758	104.768910	6.841150	-104.768910	-138.903783	103.070184	227.908388	-103.070184	-209.825185	0.743514	
418	-11.630344	-16.990245	5.961051	86.492786	18.407327	-86.492786	-123.195099	111.889561	211.000184	-111.889561	-200.329427	0.757049	
419	-11.807638	-17.332853	5.778392	84.552340	28.661374	-84.552340	-99.392179	119.061448	188.787599	-119.061448	-183.439838	0.770270	
420	-11.539177	-17.045318	5.592821	106.408028	37.155157	-106.408028	-74.227091	124.525725	164.800269	-124.525725	-162.416875	0.783020	
421	-10.908243	-16.217205	5.412655	155.324245	43.504305	-155.324245	-53.816327	128.338669	142.034292	-128.338669	-139.994127	0.795312	
422	-10.003756	-14.965297	5.244003	228.287063	47.529697	-228.287063	-42.106819	130.802400	122.248613	-130.802400	-118.127409	0.807275	
423	-8.912723	-13.419284	5.090810	313.925708	49.288973	-313.925708	-40.716553	132.322583	105.777182	-132.322583	-97.962519	0.818930	
424	-7.713282	-11.713058	4.955278	393.272239	49.035993	-393.272239	-49.151894	133.230710	91.773872	-133.230710	-79.978911	0.830123	
425	-6.479908	-9.970212	4.838310	445.208841	47.191104	-445.208841	-65.206786	133.824718	78.799503	-133.824718	-64.280066	0.840667	
426	-5.287339	-8.298906	4.739706	454.202151	44.314405	-454.202151	-85.561181	134.447772	65.527314	-134.447772	-50.843285	0.850428	
427	-4.205985	-6.786475	4.658244	416.623350	41.002143	-416.623350	-106.230800	135.433351	51.233190	-135.433351	-39.626566	0.859263	
428	-3.296789	-5.489555	4.591775	341.786126	37.758084	-341.786126	-123.284576	137.020440	35.971681	-137.020440	-30.616622	0.867035	
429	-2.605463	-4.435633	4.537374	246.745310	34.958877	-246.745310	-134.054013	139.342517	20.485595	-139.342517	-23.832835	0.873679	
430	-2.154569	-3.639449	4.491544	149.547142	32.886314	-149.547142	-137.624701	142.445979	5.875300	-142.445979	-19.255000	0.879145	
431	-1.941413	-3.115243	4.450451	65.500621	31.737601	-65.500621	-134.159154	146.294509	-6.820285	-146.294509	-16.752519	0.883385	
432	-1.940508	-2.868010	4.410168	6.032125	31.593087	-6.032125	-124.125736	150.683603	-16.917431	-150.683603	-16.054666	0.886439	
433	-2.105667	-2.877676	4.367099	-21.954558	32.369890	21.954558	-107.912581	155.133317	-24.209700	-155.133317	-16.742894	0.888520	
434	-2.375511	-3.099841	4.318448	-16.657785	33.811705	16.657785	-85.790106	158.959455	-28.955268	-158.959455	-18.279285	0.890032	
435	-2.684398	-3.478321	4.262483	18.534567	35.557107	-18.534567	-58.365533	161.484721	-31.726758	-161.484721	-20.078677	0.891401	
436	-2.972965	-3.952889	4.198580	75.773664	37.256228	-75.773664	-27.184701	162.180571	-33.165874	-162.180571	-21.593937	0.892894	
437	-3.192338	-4.460550	4.127148	144.193089	38.650001	-144.193089	5.120839	160.699404	-33.790881	-160.699404	-22.370573	0.894798	
438	-3.307865	-4.937112	4.049497	211.754843	39.600306	-211.754843	35.166168	156.910592	-33.891902	-156.910592	-22.099498	0.897541	
439	-3.304070	-5.326672	3.967655	267.644960	40.097292	-267.644960	59.514294	150.959826	-33.505125	-150.959826	-20.672670	0.901449	
440	-3.181227	-5.594168	3.884075	304.704479	40.209017	-304.704479	75.668148	143.251078	-32.542950	-143.251078	-18.160338	0.906549	
441	-2.950528	-5.724728	3.801310	320.322511	40.013093	-320.322511	82.706142	134.321202	-30.943439	-134.321202	-14.759990	0.912639	
442	-2.636094	-5.717515	3.721717	315.943087	39.585424	-315.943087	81.224625	124.727929	-28.709735	-124.727929	-10.788431	0.919451	
443	-2.271728	-5.586464	3.647234	296.125762	39.003723	-296.125762	72.958643	115.022301	-25.940551	-115.022301	-6.630939	0.926705	
444	-1.890878	-5.352830	3.579255	266.785227	38.328701	-266.785227	60.233422	105.677465	-22.834838	-105.677465	-2.644411	0.934040	
445	-1.522647	-5.035360	3.518576	233.299506	37.603083	-233.299506	45.303855	96.985077	-19.606850	-96.985077	0.880640	0.941055	
446	-1.191625	-4.654146	3.465357	199.532049	36.870452	-199.532049	29.878033	89.070389	-16.411269	-89.070389	3.720863	0.947465	
447	-0.914580	-4.233499	3.419233	167.527591	36.167976	-167.527591	15.005969	81.955020	-13.339179	-81.955020	5.742753	0.953179	
448	-0.700702	-3.798201	3.379543	137.709302	35.513629	-137.709302	1.176948	75.608315	-10.427364	-75.608315	6.906299	0.958286	
449	-0.555755	-3.368155	3.345439	109.510125	34.914594	-109.510125	-11.565936	70.007318	-7.655377	-70.007318	7.234763	0.962938	
450	-0.481383	-2.955942	3.315957	82.148445	34.358918	-82.148445	-23.400816	65.141907	-4.964993	-65.141907	6.800511	0.967202	
451	-0.472814	-2.572199	3.290149	55.180653	33.803138	-55.180653	-34.456252	61.004355	-2.295981	-61.004355	5.723072	0.971033	
452	-0.518894	-2.225274	3.267140	28.667217	33.185669	-28.667217	-44.715653	57.575716	0.391590	-57.575716	4.159132	0.974390	
453	-0.603027	-1.919761	3.246106	3.145101	32.454630	-3.145101	-54.025170	54.775350	3.100074	-54.775350	2.295059	0.977391	
454	-0.708473	-1.666675	3.226290	-20.516082	31.603380	20.516082	-62.198368	52.504888	5.797387	-52.504888	0.314467	0.980306	
455	-0.822903	-1.479087	3.206981	-41.306403	30.662881	41.306403	-69.153361	50.724232	8.445425	-50.724232	-1.646459	0.983371	
456	-0.936486	-1.355451	3.187519	-58.150380	29.643569	58.150380	-74.826332	49.391811	11.007355	-49.391811	-3.499448	0.986743	
457	-1.041083	-1.283941	3.167334	-70.018729	28.520538	70.018729	-79.043158	48.407791	13.440493	-48.407791	-5.187166	0.990542	
458	-1.131642	-1.256749	3.145931	-76.185555	27.270390	76.185555	-81.591502	47.651912	15.700026	-47.651912	-6.676563	0.994849	
459	-1.204096	-1.272343	3.122879	-76.440299	25.899654	76.440299	-82.375703	47.024388	17.739170	-47.024388	-7.940823	0.999732	
460	-1.253616	-1.327131	3.097875	-71.110608	24.441750	71.110608	-81.489670	46.451657	19.505788	-46.451657	-8.950569	1.005249	
461	-1.277943	-1.410088	3.070776	-60.980226	22.941790	60.980226	-79.176116	45.877524	20.950446	-45.877524	-9.694940	1.011396	
462	-1.278605	-1.510793	3.041560	-47.248874	21.450256	47.248874	-75.758887	45.268002	22.036574	-45.268002	-10.185278	1.018124	
463	-1.257718	-1.626475	3.010267	-31.381581	20.012240	31.381581	-71.585142	44.615948	22.741105	-44.615948	-10.434753	1.025344	
464	-1.218559	-1.756053	2.976989	-14.801458	18.661072	14.801458	-66.991925	43.922016	23.059044	-43.922016	-10.464950	1.032867	
465	-1.166770	-1.893205	2.941887	1.315612	17.419915	-1.315612	-62.273050	43.179088	23.003713	-43.179088	-10.314580	1.040431	
466	-1.106309	-2.025988	2.905218	16.112417	16.294136	-16.112417	-57.624012	42.377136	22.592672	-42.377136	-10.015276	1.047779	
467	-1.036456	-2.141980	2.867336	29.033633	15.266784	-29.033633	-53.131077	41.502280	21.843738	-41.502280	-9.575465	1.054701	
468	-0.955694	-2.235422	2.828664	39.721896	14.307605	-39.721896	-48.804210	40.551285	20.788578	-40.551285	-9.002625	1.061125	
469	-0.865471	-2.305056	2.789644	48.020267	13.379180	-48.020267	-44.598026	39.546537	19.471815	-39.546537	-8.320026	1.067163	
470	-0.768892	-2.340583	2.750701	54.082420	12.444567	-54.082420	-40.436315	38.506988	17.934676	-38.506988	-7.556833	1.072945	
471	-0.670771	-2.316640	2.712238	58.335142	11.494848	-58.335142	-36.292866	37.459868	16.226096	-37.459868	-6.752257	1.078335	
472	-0.574093	-2.218543	2.674618	61.142925	10.557678	-61.142925	-32.270201	36.446604	14.419136	-36.446604	-5.944224	1.083054	
473	-0.475805	-2.073245	2.638153	62.564019	9.681423	-62.564019	-28.568506	35.483715	12.595520	-35.483715	-5.146870	1.087096	
474	-0.372406	-1.932575	2.603057	62.633882	8.937083	-62.633882	-25.404840	34.598305	10.820239	-34.598305	-4.365971	1.090571	
475	-0.261165	-1.836521	2.569399	61.590075	8.392156	-61.590075	-22.919179	33.821214	9.108412	-33.821214	-3.595706	1.093288	
476	-0.139360	-1.800795	2.537170	59.690610	8.051127	-59.690610	-21.057129	33.134902	7.429687	-33.134902	-2.818024	1.095074	
477	-0.014493	-1.807840	2.506346	57.237545	7.857879	-57.237545	-19.610300	32.539351	5.785988	-32.539351	-2.057833	1.096170	
478	0.095447	-1.810984	2.476831	54.671155	7.753029	-54.671155	-18.427077	32.092655	4.244512	-32.092655	-1.389991	1.096899	
479	0.178689	-1.776885	2.448420	52.264453	7.696839	-52.264453	-17.480256	31.810945	2.873290	-31.810945	-0.869104	1.097350	
480	0.235251	-1.709909	2.420871	49.938750	7.671082	-49.938750	-16.777738	31.622530	1.698623	-31.622530	-0.502952	1.097614	
481	0.268675	-1.627966	2.393967	47.508633	7.681203	-47.508633	-16.333347	31.468431	0.721162	-31.468431	-0.280785	1.097914	
482	0.282554	-1.539948	2.367524	44.910606	7.731659	-44.910606	-16.148144	31.338450	-0.070636	-31.338450	-0.185191	1.098404	
483	0.279299	-1.445699	2.341392	42.159329	7.814151	-42.159329	-16.200454	31.199268	-0.687773	-31.199268	-0.200066	1.099083	
484	0.259519	-1.345371	2.315446	39.206171	7.918096	-39.206171	-16.445181	30.982331	-1.134654	-30.982331	-0.316770	1.099945	
485	0.226835	-1.245314	2.289619	35.983552	8.028963	-35.983552	-16.778217	30.632570	-1.433089	-30.632570	-0.513667	1.101078	
486	0.189065	-1.155017	2.263950	32.545534	8.125471	-32.545534	-17.054235	30.136940	-1.628019	-30.136940	-0.749483	1.102469	
487	0.152020	-1.081417	2.238565	29.039306	8.186918	-29.039306	-17.139892	29.509043	-1.754630	-29.509043	-0.992044	1.103926	
488	0.117906	-1.026512	2.213584	25.591080	8.206906	-25.591080	-16.962731	28.761098	-1.829449	-28.761098	-1.227156	1.105285	
489	0.087457	-0.993810	2.189103	22.293957	8.199803	-22.293957	-16.540864	27.916675	-1.861487	-27.916675	-1.448192	1.106469	
490	0.059501	-0.989021	2.165201	19.276491	8.180831	-19.276491	-15.927246	27.022275	-1.849118	-27.022275	-1.656652	1.107446	
491	0.030597	-1.010587	2.141894	16.695900	8.163017	-16.695900	-15.220988	26.141536	-1.775670	-26.141536	-1.862938	1.108220	
492	-0.008053	-1.053580	2.119069	14.612989	8.192829	-14.612989	-14.692937	25.375189	-1.592357	-25.375189	-2.100894	1.108775	
493	-0.065290	-1.118011	2.096444	12.978621	8.324887	-12.978621	-14.623270	24.811125	-1.253669	-24.811125	-2.407935	1.109120	
494	-0.137212	-1.202921	2.073625	11.791776	8.548007	-11.791776	-14.979128	24.418872	-0.794643	-24.418872	-2.770629	1.109376	
495	-0.209205	-1.292314	2.050288	11.023356	8.778256	-11.023356	-15.453859	24.043527	-0.314932	-24.043527	-3.127664	1.109798	
496	-0.262521	-1.346777	2.026448	10.342976	8.898888	-10.342976	-15.691740	23.464611	0.068533	-23.464611	-3.392530	1.110717	
497	-0.282882	-1.332534	2.002621	9.402304	8.831991	-9.402304	-15.508438	22.559917	0.272674	-22.559917	-3.497744	1.112350	
498	-0.277852	-1.273404	1.979493	8.433434	8.618557	-8.433434	-15.055194	21.513157	0.335932	-21.513157	-3.481558	1.114623	
499	-0.271991	-1.237521	1.957281	8.090172	8.374241	-8.090172	-14.630956	20.666797	0.383507	-20.666797	-3.462915	1.117254	
500	-0.280221	-1.261594	1.935633	8.705245	8.168279	-8.705245	-14.385036	20.157086	0.486783	-20.157086	-3.510505	1.120047	
501	-0.299670	-1.319146	1.914123	9.900696	7.993502	-9.900696	-14.279851	19.830177	0.624854	-19.830177	-3.602788	1.122929	
502	-0.321300	-1.363048	1.892635	11.016350	7.809588	-11.016350	-14.152448	19.443540	0.747979	-19.443540	-3.691215	1.125738	
503	-0.337006	-1.368503	1.871354	11.726568	7.582348	-11.726568	-13.831493	18.878503	0.816309	-18.878503	-3.740372	1.128187	
504	-0.343260	-1.334871	1.850572	12.066132	7.307700	-12.066132	-13.310841	18.181027	0.819706	-18.181027	-3.737740	1.130061	
505	-0.347342	-1.284103	1.830426	12.270562	7.017973	-12.270562	-12.744627	17.472786	0.804695	-17.472786	-3.717839	1.131325	
506	-0.361001	-1.249670	1.810698	12.622039	6.753870	-12.622039	-12.257063	16.848644	0.832763	-16.848644	-3.737592	1.132021	
507	-0.387346	-1.243017	1.790952	13.195985	6.526283	-13.195985	-11.842434	16.322157	0.915033	-16.322157	-3.813885	1.132213	
508	-0.421170	-1.251978	1.770822	13.864266	6.322155	-13.864266	-11.427016	15.847268	1.020723	-15.847268	-3.923464	1.132064	
509	-0.457730	-1.269226	1.750137	14.478847	6.138134	-14.478847	-10.960384	15.374925	1.122759	-15.374925	-4.047484	1.131761	
510	-0.496335	-1.294382	1.728866	14.884391	5.984765	-14.884391	-10.463608	14.881482	1.218788	-14.881482	-4.182336	1.131303	
511	-0.535365	-1.322025	1.707092	14.972830	5.861430	-14.972830	-9.966561	14.352915	1.307410	-14.352915	-4.314785	1.130498	
512	-0.571068	-1.348468	1.685031	14.821067	5.753972	-14.821067	-9.441043	13.774294	1.374245	-13.774294	-4.425684	1.129181	
513	-0.602483	-1.374892	1.662980	14.583869	5.651978	-14.583869	-8.860937	13.159158	1.414981	-13.159158	-4.509185	1.127314	
514	-0.631806	-1.402077	1.641167	14.374002	5.552407	-14.374002	-8.260911	12.564215	1.442446	-12.564215	-4.569124	1.124933	
515	-0.661604	-1.432950	1.619679	14.279027	5.454942	-14.279027	-7.686624	12.031247	1.469438	-12.031247	-4.613380	1.122140	
516	-0.692898	-1.470869	1.598526	14.334756	5.355917	-14.334756	-7.135634	11.559476	1.497976	-11.559476	-4.645184	1.119102	
517	-0.726440	-1.515164	1.577678	14.518364	5.257816	-14.518364	-6.613428	11.165675	1.531118	-11.165675	-4.664474	1.115975	
518	-0.763209	-1.563985	1.557012	14.749709	5.177187	-14.749709	-6.158933	10.863922	1.575380	-10.863922	-4.674985	1.112871	
519	-0.800164	-1.616208	1.536404	14.912428	5.118169	-14.912428	-5.745131	10.600782	1.617928	-10.600782	-4.668449	1.109841	
520	-0.831485	-1.668862	1.515904	14.930175	5.063635	-14.930175	-5.300607	10.317483	1.635029	-10.317483	-4.624188	1.106852	
521	-0.854592	-1.717090	1.495717	14.768733	5.003322	-14.768733	-4.829173	10.007039	1.622221	-10.007039	-4.532296	1.103811	
522	-0.869608	-1.758069	1.476096	14.421957	4.940974	-14.421957	-4.382036	9.678979	1.587722	-9.678979	-4.394743	1.100604	
523	-0.877595	-1.790314	1.457273	13.937486	4.883104	-13.937486	-3.993219	9.350911	1.541083	-9.350911	-4.218269	1.097134	
524	-0.884238	-1.813669	1.439322	13.377394	4.842085	-13.377394	-3.720454	9.065433	1.510425	-9.065433	-4.028100	1.093427	
525	-0.899141	-1.834112	1.422035	12.758636	4.837065	-12.758636	-3.648967	8.864311	1.536721	-8.864311	-3.866005	1.089581	
526	-0.926474	-1.857127	1.404996	12.055270	4.877765	-12.055270	-3.811225	8.749931	1.632811	-8.749931	-3.752054	1.085566	
527	-0.960238	-1.878977	1.387804	11.247121	4.949779	-11.247121	-4.154564	8.690064	1.769940	-8.690064	-3.665968	1.081273	
528	-0.991474	-1.893180	1.370260	10.358060	5.023000	-10.358060	-4.592486	8.651356	1.910532	-8.651356	-3.576473	1.076735	
529	-1.016294	-1.898103	1.352398	9.440415	5.078636	-9.440415	-5.078166	8.625236	2.039772	-8.625236	-3.471218	1.072165	
530	-1.034587	-1.897140	1.334372	8.538387	5.123488	-8.538387	-5.610448	8.617401	2.158099	-8.617401	-3.351686	1.067796	
531	-1.046847	-1.895377	1.316299	7.675544	5.176417	-7.675544	-6.191220	8.620132	2.264337	-8.620132	-3.221085	1.063606	
532	-1.054711	-1.893919	1.298185	6.878605	5.248506	-6.878605	-6.816681	8.626958	2.357105	-8.626958	-3.086030	1.059289	
533	-1.059309	-1.887945	1.279983	6.182356	5.335649	-6.182356	-7.465582	8.643523	2.433572	-8.643523	-2.951049	1.054601	
534	-1.059947	-1.872306	1.261712	5.579064	5.423378	-5.579064	-8.091713	8.660158	2.490173	-8.660158	-2.814406	1.049610	
535	-1.057475	-1.848323	1.243488	5.005238	5.501295	-5.005238	-8.666535	8.652010	2.532571	-8.652010	-2.680003	1.044535	
536	-1.054770	-1.822268	1.225444	4.412926	5.568321	-4.412926	-9.200235	8.607950	2.571474	-8.607950	-2.557387	1.039475	
537	-1.052336	-1.795637	1.207689	3.815412	5.619397	-3.815412	-9.705913	8.541917	2.608792	-8.541917	-2.447342	1.034412	
538	-1.048654	-1.763103	1.190323	3.239996	5.640126	-3.239996	-10.176627	8.468175	2.642045	-8.468175	-2.346075	1.029432	
539	-1.044872	-1.724259	1.173408	2.699260	5.616681	-2.699260	-10.601487	8.383249	2.676404	-8.383249	-2.259450	1.024712	
540	-1.044152	-1.684679	1.156881	2.213181	5.545631	-2.213181	-10.982547	8.289490	2.720058	-8.289490	-2.198217	1.020255	
541	-1.047472	-1.644928	1.140583	1.796493	5.434735	-1.796493	-11.320833	8.191789	2.775139	-8.191789	-2.165254	1.015852	
542	-1.054412	-1.603930	1.124427	1.446068	5.302238	-1.446068	-11.606241	8.076801	2.841666	-8.076801	-2.157912	1.011247	
543	-1.065692	-1.564736	1.108453	1.146795	5.179308	-1.146795	-11.844818	7.939486	2.922607	-7.939486	-2.176125	1.006238	
544	-1.080443	-1.530781	1.092698	0.872923	5.091449	-0.872923	-12.050414	7.789875	3.016286	-7.789875	-2.215801	1.000784	
545	-1.093299	-1.505141	1.077178	0.614274	5.032123	-0.614274	-12.196559	7.616860	3.109182	-7.616860	-2.257319	0.994938	
546	-1.097494	-1.488408	1.062008	0.398052	4.975007	-0.398052	-12.237239	7.401369	3.183478	-7.401369	-2.273477	0.988636	
547	-1.091122	-1.474573	1.047419	0.255480	4.908646	-0.255480	-12.176537	7.159429	3.233414	-7.159429	-2.253755	0.981897	
548	-1.080016	-1.455587	1.033597	0.168501	4.842711	-0.168501	-12.072302	6.918934	3.274156	-6.918934	-2.215622	0.975077	
549	-1.074737	-1.433726	1.020560	0.107490	4.787048	-0.107490	-11.981298	6.684631	3.333120	-6.684631	-2.191931	0.968570	
550	-1.084397	-1.422655	1.008121	0.108379	4.741098	-0.108379	-11.929455	6.463286	3.430341	-6.463286	-2.209625	0.962407	
551	-1.112377	-1.431932	0.995919	0.213647	4.699643	-0.213647	-11.919261	6.269522	3.568379	-6.269522	-2.277160	0.956382	
552	-1.156953	-1.462325	0.983541	0.392927	4.654609	-0.392927	-11.940067	6.095943	3.738103	-6.095943	-2.386666	0.950301	
553	-1.213669	-1.511644	0.970677	0.595301	4.599714	-0.595301	-11.975228	5.928469	3.923255	-5.928469	-2.522270	0.943956	
554	-1.277308	-1.570907	0.957165	0.778627	4.543473	-0.778627	-12.014863	5.771995	4.103725	-5.771995	-2.669380	0.937084	
555	-1.342818	-1.626930	0.942953	0.893979	4.500836	-0.893979	-12.054982	5.633592	4.264405	-5.633592	-2.817710	0.929389	
556	-1.405335	-1.675873	0.928070	0.936721	4.474224	-0.936721	-12.088038	5.514519	4.398832	-5.514519	-2.957440	0.920513	
557	-1.463370	-1.725075	0.912580	0.956654	4.462068	-0.956654	-12.117583	5.417105	4.510946	-5.417105	-3.085165	0.910139	
558	-1.521120	-1.783605	0.896482	0.993990	4.467940	-0.993990	-12.158463	5.332731	4.613178	-5.332731	-3.209707	0.898342	
559	-1.582265	-1.854858	0.879673	1.062362	4.485463	-1.062362	-12.202034	5.242301	4.709107	-5.242301	-3.335611	0.885700	
560	-1.644766	-1.937821	0.862042	1.164813	4.492040	-1.164813	-12.217068	5.137074	4.786438	-5.137074	-3.449400	0.872969	
561	-1.705381	-2.029552	0.843544	1.277150	4.464648	-1.277150	-12.181184	5.020793	4.830673	-5.020793	-3.534792	0.860817	
562	-1.762535	-2.120679	0.824208	1.346498	4.392491	-1.346498	-12.080211	4.896963	4.830511	-4.896963	-3.586614	0.849807	
563	-1.814885	-2.199944	0.804174	1.346092	4.278226	-1.346092	-11.908397	4.769180	4.780005	-4.769180	-3.607854	0.840269	
564	-1.862769	-2.265645	0.783635	1.303251	4.134670	-1.303251	-11.684333	4.646934	4.685948	-4.646934	-3.606598	0.832122	
565	-1.907471	-2.320847	0.762760	1.242397	3.973393	-1.242397	-11.432256	4.532847	4.561736	-4.532847	-3.589043	0.825010	
566	-1.949537	-2.363656	0.741729	1.148411	3.798957	-1.148411	-11.162937	4.417975	4.418271	-4.417975	-3.557259	0.818566	
567	-1.990414	-2.390273	0.720697	1.017576	3.617191	-1.017576	-10.888327	4.303154	4.265306	-4.303154	-3.517324	0.812449	
568	-2.031930	-2.402288	0.699702	0.886807	3.435936	-0.886807	-10.625098	4.201429	4.112967	-4.201429	-3.477387	0.806353	
569	-2.075275	-2.408181	0.678685	0.787972	3.258126	-0.787972	-10.381910	4.117526	3.970817	-4.117526	-3.440265	0.800051	
570	-2.121789	-2.416301	0.657577	0.715445	3.084447	-0.715445	-10.157888	4.045220	3.844958	-4.045220	-3.405056	0.793330	
571	-2.172282	-2.429607	0.636324	0.654062	2.917557	-0.654062	-9.948443	3.977272	3.736220	-3.977272	-3.371709	0.786025	
572	-2.226983	-2.450007	0.614896	0.613918	2.764012	-0.613918	-9.746945	3.909570	3.642434	-3.909570	-3.341550	0.778157	
573	-2.286400	-2.478592	0.593258	0.610526	2.641892	-0.610526	-9.545395	3.841577	3.559609	-3.841577	-3.314435	0.769822	
574	-2.350908	-2.513957	0.571353	0.641239	2.577400	-0.641239	-9.341284	3.776575	3.483578	-3.776575	-3.286942	0.761069	
575	-2.420668	-2.559129	0.549134	0.714836	2.581480	-0.714836	-9.138334	3.723058	3.411258	-3.723058	-3.252794	0.751902	
576	-2.495947	-2.621154	0.526532	0.857110	2.639080	-0.857110	-8.935447	3.690960	3.336537	-3.690960	-3.204332	0.742317	
577	-2.576213	-2.700307	0.503416	1.071601	2.722878	-1.071601	-8.722526	3.682210	3.248475	-3.682210	-3.134488	0.732312	
578	-2.656014	-2.785098	0.479645	1.333090	2.801170	-1.333090	-8.479560	3.686441	3.132622	-3.686441	-3.033678	0.721878	
579	-2.723812	-2.856776	0.455268	1.602289	2.839155	-1.602289	-8.184218	3.685234	2.975990	-3.685234	-2.891185	0.711000	
580	-2.771848	-2.904679	0.430619	1.842243	2.812915	-1.842243	-7.835037	3.664422	2.779397	-3.664422	-2.707867	0.699726	
581	-2.800594	-2.936375	0.406046	2.054949	2.718453	-2.054949	-7.436624	3.625710	2.551920	-3.625710	-2.492091	0.688191	
582	-2.807793	-2.959123	0.381697	2.268033	2.562294	-2.268033	-6.965089	3.579393	2.290662	-3.579393	-2.242923	0.676654	
583	-2.782327	-2.963118	0.357735	2.485806	2.352621	-2.485806	-6.391954	3.529762	1.986412	-3.529762	-1.954398	0.665511	
584	-2.709789	-2.934483	0.334584	2.704310	2.099627	-2.704310	-5.721675	3.478065	1.641045	-3.478065	-1.628760	0.655168	
585	-2.577970	-2.863610	0.312838	2.930503	1.817982	-2.930503	-4.988970	3.428768	1.268344	-3.428768	-1.278416	0.645920	
586	-2.377383	-2.736088	0.293146	3.161809	1.525185	-3.161809	-4.246315	3.381919	0.892287	-3.381919	-0.922767	0.637965	
587	-2.099922	-2.535069	0.276285	3.388489	1.237128	-3.388489	-3.552565	3.328198	0.546767	-3.328198	-0.584726	0.631491	
588	-1.741846	-2.258821	0.263153	3.615100	0.966222	-3.615100	-2.951970	3.258245	0.263750	-3.258245	-0.284526	0.626725	
589	-1.308574	-1.924288	0.254503	3.848225	0.719225	-3.848225	-2.454279	3.172187	0.055919	-3.172187	-0.030142	0.623990	
590	-0.813830	-1.549520	0.250689	4.070030	0.494522	-4.070030	-2.035124	3.078129	-0.088241	-3.078129	0.189169	0.623676	
591	-0.279387	-1.151224	0.251742	4.259356	0.284970	-4.259356	-1.639824	2.983290	-0.199210	-2.983290	0.399261	0.626032	
592	0.261857	-0.761142	0.257565	4.434741	0.081685	-4.434741	-1.181753	2.886504	-0.320594	-2.886504	0.631433	0.631075	
593	0.750870	-0.432324	0.267928	4.634139	-0.113815	-4.634139	-0.607230	2.783490	-0.484395	-2.783490	0.901236	0.638590	
594	1.146189	-0.190666	0.282320	4.870492	-0.294891	-4.870492	0.063519	2.672052	-0.692729	-2.672052	1.208441	0.648082	
595	1.274826	-0.132140	0.299537	5.006117	-0.358995	-5.006117	0.512371	2.593527	-0.836082	-2.593527	1.423591	0.658698	
596	1.393772	-0.079933	0.317914	5.165150	-0.429325	-5.165150	0.990394	2.514209	-0.995650	-2.514209	1.663751	0.669519	
