kww	// User ID
29-6-2021	// Evaluation date
p35_e_100_crow_003	29-6-2021	20:41:28:245	// Source file name and timestamp
357.143	// Sampling rate
1.050	// Data capture period

1.880000	// height
82.300000	// mass


Sample #	elbVar	shldrIR	LwristLinVelo	thorJFPd	thorSTPd	UaJFPp	UaSTPp	UaJFPd	UaSTPd	FaJFPp	FaSTPp	RwristLinVelo	
0	1.018055	3.844963	2.485952	20.809768	-1.890459	-20.809768	26.746724	5.176421	-17.939853	-5.176421	27.039006	4.116587	
1	1.247197	3.522813	2.574251	19.085591	-1.360821	-19.085591	24.233096	2.559604	-14.201201	-2.559604	20.953754	4.217747	
2	1.508988	3.366616	2.653376	18.043260	-0.891188	-18.043260	21.747659	0.867438	-11.204765	-0.867438	15.630823	4.303072	
3	1.496164	2.432073	2.720646	16.309578	-0.141785	-16.309578	18.931182	-3.424197	-4.845118	3.424197	4.470893	4.370614	
4	1.331491	1.236098	2.772637	15.032516	0.709729	-15.032516	16.484852	-8.277029	2.333795	8.277029	-8.453944	4.419349	
5	1.021843	-0.141865	2.808726	14.296442	1.642696	-14.296442	14.792061	-13.401516	9.690886	13.401516	-21.952765	4.450351	
6	0.608719	-1.566479	2.829802	13.947855	2.596023	-13.947855	14.012752	-18.271112	16.336009	18.271112	-34.371567	4.465687	
7	0.131673	-2.951799	2.837892	13.736446	3.506537	-13.736446	14.173724	-22.623255	21.759894	22.623255	-44.762423	4.467993	
8	-0.364943	-4.217928	2.835498	13.574753	4.309090	-13.574753	15.261256	-26.261088	25.668586	26.261088	-52.623719	4.460118	
9	-0.848016	-5.317350	2.825311	13.380147	4.942976	-13.380147	17.210556	-29.106910	27.964946	29.106910	-57.831061	4.444863	
10	-1.295272	-6.235233	2.810032	12.979348	5.361167	-12.979348	19.874335	-31.221088	28.710567	31.221088	-60.543717	4.424715	
11	-1.691300	-6.976630	2.792095	12.285569	5.555655	-12.285569	23.086759	-32.743707	28.111675	32.743707	-61.166690	4.401623	
12	-2.019834	-7.541482	2.773423	11.317925	5.528866	-11.317925	26.708335	-33.840213	26.454854	33.840213	-60.213411	4.377084	
13	-2.267187	-7.930604	2.755403	10.065654	5.294106	-10.065654	30.507018	-34.645363	24.052206	34.645363	-58.182863	4.352408	
14	-2.429390	-8.156557	2.738935	8.607274	4.890476	-8.607274	34.221295	-35.262070	21.222589	35.262070	-55.541490	4.328668	
15	-2.506105	-8.227928	2.724496	7.092870	4.337460	-7.092870	37.666171	-35.812764	18.263236	35.812764	-52.671427	4.306511	
16	-2.502551	-8.165834	2.712280	5.474136	3.659950	-5.474136	40.592559	-36.362528	15.398415	36.362528	-49.804189	4.286218	
17	-2.433839	-8.011941	2.702307	3.642019	2.924636	-3.642019	42.769392	-36.871402	12.747470	36.871402	-47.061114	4.267900	
18	-2.315177	-7.794466	2.694445	1.699964	2.186300	-1.699964	44.180041	-37.302560	10.367175	37.302560	-44.542106	4.251530	
19	-2.160370	-7.533549	2.688418	-0.185985	1.474282	0.185985	44.939884	-37.664912	8.284150	37.664912	-42.327334	4.236858	
20	-1.986109	-7.253784	2.683919	-1.920818	0.804410	1.920818	45.212464	-37.966771	6.476111	37.966771	-40.413277	4.223468	
21	-1.801880	-6.966689	2.680665	-3.438824	0.174423	3.438824	45.139252	-38.215359	4.921022	38.215359	-38.782788	4.211005	
22	-1.605234	-6.678575	2.678254	-4.759764	-0.406002	4.759764	44.749264	-38.437828	3.644238	38.437828	-37.504005	4.199214	
23	-1.392157	-6.395724	2.676127	-5.952952	-0.919372	5.952952	44.041672	-38.661535	2.665062	38.661535	-36.623278	4.187754	
24	-1.163001	-6.116388	2.673710	-7.050284	-1.361127	7.050284	43.050529	-38.882003	1.966427	38.882003	-36.092698	4.176121	
25	-0.923755	-5.843944	2.670495	-8.045460	-1.728459	8.045460	41.862984	-39.083431	1.507320	39.083431	-35.850502	4.163807	
26	-0.686543	-5.588095	2.666105	-8.873306	-2.038995	8.873306	40.677551	-39.276784	1.217162	39.276784	-35.813869	4.150524	
27	-0.459282	-5.348142	2.660369	-9.527020	-2.322513	9.527020	39.639160	-39.477134	1.038973	39.477134	-35.880255	4.136280	
28	-0.238674	-5.113130	2.653222	-10.125742	-2.577609	10.125742	38.673700	-39.671055	0.974077	39.671055	-36.001348	4.121324	
29	-0.022091	-4.877789	2.644636	-10.701399	-2.791604	10.701399	37.691977	-39.830674	1.024081	39.830674	-36.144086	4.105969	
30	0.186984	-4.645705	2.634655	-11.148743	-2.966212	11.148743	36.723789	-39.927076	1.152939	39.927076	-36.256582	4.090447	
31	0.386752	-4.421359	2.623377	-11.414900	-3.096061	11.414900	35.777614	-39.926259	1.322361	39.926259	-36.310876	4.074905	
32	0.577587	-4.210088	2.610880	-11.555758	-3.167687	11.555758	34.825309	-39.810869	1.494073	39.810869	-36.293979	4.059514	
33	0.755958	-4.013929	2.597251	-11.623358	-3.189401	11.623358	33.928023	-39.597116	1.604634	39.597116	-36.148001	4.044564	
34	0.913853	-3.830058	2.582749	-11.566971	-3.186934	11.566971	33.227571	-39.298688	1.575485	39.298688	-35.769500	4.030393	
35	1.047290	-3.663288	2.567834	-11.317660	-3.162433	11.317660	32.801813	-38.915098	1.360068	38.915098	-35.113902	4.017266	
36	1.158243	-3.526738	2.552973	-10.925767	-3.096581	10.925767	32.647377	-38.465329	0.944821	38.465329	-34.210493	4.005342	
37	1.247651	-3.428132	2.538569	-10.492440	-2.986573	10.492440	32.773730	-37.975854	0.310279	37.975854	-33.069456	3.994656	
38	1.316547	-3.363619	2.525031	-10.057578	-2.851089	10.057578	33.192549	-37.462315	-0.553964	37.462315	-31.691610	3.984991	
39	1.369082	-3.318491	2.512731	-9.609506	-2.717329	9.609506	33.879873	-36.952086	-1.622204	36.952086	-30.111124	3.975785	
40	1.409556	-3.272937	2.501889	-9.134467	-2.607924	9.134467	34.768205	-36.468300	-2.842066	36.468300	-28.374177	3.966301	
41	1.440342	-3.214451	2.492564	-8.624920	-2.527738	8.624920	35.763662	-35.999224	-4.156767	35.999224	-26.527288	3.955892	
42	1.461962	-3.140862	2.484706	-8.026709	-2.473644	8.026709	36.806215	-35.519488	-5.522057	35.519488	-24.614475	3.944024	
43	1.474112	-3.050647	2.478210	-7.303668	-2.449710	7.303668	37.861145	-35.022417	-6.897060	35.022417	-22.666292	3.930184	
44	1.476046	-2.938794	2.472928	-6.497672	-2.465415	6.497672	38.884935	-34.525983	-8.230586	34.525983	-20.699965	3.913821	
45	1.465448	-2.801149	2.468697	-5.585776	-2.532884	5.585776	39.852031	-34.048275	-9.473740	34.048275	-18.724258	3.894336	
46	1.441545	-2.634914	2.465339	-4.487389	-2.663620	4.487389	40.717858	-33.586076	-10.576103	33.586076	-16.767992	3.871186	
47	1.409644	-2.440162	2.462555	-3.195606	-2.860664	3.195606	41.372855	-33.123760	-11.467773	33.123760	-14.909109	3.843994	
48	1.378051	-2.229900	2.459842	-1.720382	-3.116590	1.720382	41.743625	-32.647673	-12.092506	32.647673	-13.239106	3.812614	
49	1.351212	-2.027155	2.456677	-0.060911	-3.421242	0.060911	41.873812	-32.156490	-12.452159	32.156490	-11.797769	3.777205	
50	1.326629	-1.845979	2.452783	1.734422	-3.764970	-1.734422	41.863261	-31.666259	-12.597420	31.666259	-10.553522	3.738228	
51	1.299368	-1.685853	2.448143	3.591559	-4.132461	-3.591559	41.784506	-31.201462	-12.584143	31.201462	-9.454040	3.696281	
52	1.271041	-1.542075	2.442839	5.407766	-4.507107	-5.407766	41.624232	-30.776928	-12.433408	30.776928	-8.500617	3.651980	
53	1.250567	-1.412145	2.436895	6.993391	-4.882202	-6.993391	41.291956	-30.396865	-12.133959	30.396865	-7.747741	3.605941	
54	1.245522	-1.291781	2.430260	8.120107	-5.253530	-8.120107	40.694487	-30.068331	-11.676134	30.068331	-7.233945	3.558736	
55	1.259384	-1.172934	2.422833	8.620271	-5.605793	-8.620271	39.760543	-29.796563	-11.058694	29.796563	-6.967375	3.510857	
56	1.296936	-1.050261	2.414417	8.394957	-5.921227	-8.394957	38.440592	-29.584021	-10.282911	29.584021	-6.968133	3.462720	
57	1.364721	-0.924141	2.404719	7.449892	-6.197601	-7.449892	36.755487	-29.440323	-9.367678	29.440323	-7.262967	3.414676	
58	1.465763	-0.794819	2.393477	5.904356	-6.448827	-5.904356	34.783277	-29.367077	-8.351762	29.367077	-7.844963	3.366996	
59	1.599247	-0.657640	2.380544	3.865287	-6.689540	-3.865287	32.566073	-29.347509	-7.269785	29.347509	-8.679636	3.319820	
60	1.764882	-0.508664	2.365796	1.397610	-6.930752	-1.397610	30.117884	-29.376197	-6.146180	29.376197	-9.736311	3.273143	
61	1.961093	-0.348752	2.349052	-1.430611	-7.181811	1.430611	27.492598	-29.468375	-5.016403	29.468375	-10.969713	3.226881	
62	2.182227	-0.178534	2.330138	-4.560524	-7.443963	4.560524	24.757827	-29.628540	-3.926586	29.628540	-12.302681	3.180934	
63	2.423488	-0.000122	2.308976	-7.921319	-7.720533	7.921319	21.964175	-29.844587	-2.911209	29.844587	-13.663499	3.135164	
64	2.681656	0.178858	2.285615	-11.399118	-8.025269	11.399118	19.173697	-30.098106	-1.993894	30.098106	-14.991081	3.089385	
65	2.950512	0.348200	2.260240	-14.861070	-8.370168	14.861070	16.484325	-30.370574	-1.205330	30.370574	-16.206385	3.043420	
66	3.221348	0.497476	2.233145	-18.205511	-8.757452	18.205511	14.019913	-30.657332	-0.582683	30.657332	-17.218007	2.997130	
67	3.483953	0.621266	2.204751	-21.397286	-9.165375	21.397286	11.856272	-30.948224	-0.147593	30.948224	-17.939042	2.950394	
68	3.726763	0.722530	2.175617	-24.428260	-9.543223	24.428260	9.975984	-31.202055	0.106504	31.202055	-18.300671	2.903092	
69	3.937407	0.804943	2.146417	-27.234841	-9.831016	27.234841	8.339153	-31.363529	0.200742	31.363529	-18.254269	2.855107	
70	4.104695	0.868253	2.117861	-29.719240	-9.975116	29.719240	6.916072	-31.383101	0.165391	31.383101	-17.780742	2.806338	
71	4.227086	0.913515	2.090563	-31.842119	-9.950810	31.842119	5.636272	-31.235853	0.056740	31.235853	-16.933859	2.756701	
72	4.310865	0.945476	2.064884	-33.614322	-9.763402	33.614322	4.406813	-30.927322	-0.055709	30.927322	-15.811610	2.706142	
73	4.355488	0.968809	2.040964	-35.024002	-9.407589	35.024002	3.167099	-30.457654	-0.120205	30.457654	-14.477666	2.654668	
74	4.359291	0.980386	2.018812	-36.049266	-8.894013	36.049266	1.913571	-29.826933	-0.101068	29.826933	-12.994420	2.602447	
75	4.329772	0.969746	1.998297	-36.695310	-8.281361	36.695310	0.699426	-29.064195	0.024637	29.064195	-11.455902	2.549849	
76	4.266689	0.938143	1.979190	-36.974446	-7.580473	36.974446	-0.459584	-28.180731	0.258732	28.180731	-9.924773	2.497277	
77	4.157545	0.897526	1.961248	-36.908036	-6.741760	36.908036	-1.596261	-27.167540	0.583387	27.167540	-8.432029	2.444985	
78	4.000615	0.846323	1.944239	-36.551772	-5.784286	36.551772	-2.654627	-26.068023	0.967023	26.068023	-7.027080	2.393035	
79	3.809151	0.776116	1.927966	-35.966255	-4.796205	35.966255	-3.511568	-24.952504	1.370116	24.952504	-5.760878	2.341440	
80	3.595086	0.692077	1.912243	-35.160384	-3.835042	35.160384	-4.118203	-23.838232	1.755671	23.838232	-4.657141	2.290326	
81	3.364933	0.605777	1.896854	-34.135996	-2.915842	34.135996	-4.504685	-22.711125	2.100991	22.711125	-3.724037	2.239883	
82	3.126607	0.522440	1.881623	-32.960261	-2.054616	32.960261	-4.692961	-21.588965	2.395498	21.588965	-2.966996	2.190247	
83	2.889746	0.444918	1.866420	-31.700155	-1.275516	31.700155	-4.684464	-20.505986	2.631505	20.505986	-2.381331	2.141501	
84	2.661244	0.374394	1.851130	-30.380319	-0.603704	30.380319	-4.480027	-19.491430	2.793933	19.491430	-1.931823	2.093698	
85	2.446059	0.305487	1.835783	-29.058034	-0.069196	29.058034	-4.070936	-18.589956	2.863040	18.589956	-1.553633	2.046839	
86	2.251171	0.238078	1.820631	-27.794877	0.314220	27.794877	-3.500072	-17.827053	2.847861	17.827053	-1.203042	2.000873	
87	2.086358	0.184587	1.805926	-26.588359	0.561330	26.588359	-2.889563	-17.182904	2.794820	17.182904	-0.882096	1.955710	
88	1.959361	0.154546	1.791761	-25.426640	0.692520	25.426640	-2.340009	-16.637298	2.745281	16.637298	-0.592721	1.911266	
89	1.870234	0.147422	1.778228	-24.296725	0.721232	24.296725	-1.882865	-16.178686	2.708624	16.178686	-0.305735	1.867488	
90	1.814314	0.166024	1.765546	-23.149003	0.664594	23.149003	-1.564987	-15.782309	2.687061	15.782309	0.008801	1.824386	
91	1.789342	0.220066	1.753990	-21.972679	0.550095	21.972679	-1.483114	-15.430846	2.700863	15.430846	0.353169	1.782077	
92	1.799314	0.308142	1.743839	-20.840747	0.393407	20.840747	-1.655724	-15.148435	2.773117	15.148435	0.728488	1.740720	
93	1.855366	0.414006	1.735438	-19.828302	0.181767	19.828302	-1.963065	-14.992597	2.916528	14.992597	1.167614	1.700413	
94	1.971608	0.524775	1.729243	-18.948682	-0.100595	18.948682	-2.275720	-15.021749	3.146351	15.021749	1.726630	1.661208	
95	2.155234	0.639554	1.725831	-18.192617	-0.441697	18.192617	-2.558834	-15.269921	3.483722	15.269921	2.460392	1.623162	
96	2.399105	0.766557	1.725886	-17.671938	-0.803239	17.671938	-2.873631	-15.745093	3.939073	15.745093	3.409040	1.586324	
97	2.691652	0.917485	1.730086	-17.600768	-1.148247	17.600768	-3.313180	-16.450321	4.509967	16.450321	4.605017	1.550789	
98	3.030080	1.097158	1.739056	-18.050807	-1.461944	18.050807	-3.903233	-17.381388	5.191514	17.381388	6.093781	1.516729	
99	3.411641	1.300657	1.753395	-18.949878	-1.741335	18.949878	-4.598381	-18.517918	5.966777	18.517918	7.928245	1.484342	
100	3.816504	1.526656	1.773627	-20.214050	-1.975362	20.214050	-5.406252	-19.800081	6.789156	19.800081	10.120823	1.453808	
101	4.210770	1.781457	1.800054	-21.737395	-2.154897	21.737395	-6.406605	-21.113248	7.582689	21.113248	12.620117	1.425341	
102	4.575742	2.065611	1.832658	-23.469181	-2.288474	23.469181	-7.594698	-22.384307	8.283193	22.384307	15.362158	1.399150	
103	4.920206	2.372858	1.871177	-25.496225	-2.385674	25.496225	-8.843153	-23.642344	8.868786	23.642344	18.314962	1.375337	
104	5.248684	2.694582	1.915278	-27.915563	-2.444335	27.915563	-9.997954	-24.920131	9.302319	24.920131	21.434678	1.353949	
105	5.540874	3.017858	1.964549	-30.672908	-2.460822	30.672908	-10.924447	-26.176703	9.494370	26.176703	24.604152	1.335109	
106	5.769274	3.329314	2.018416	-33.621778	-2.436052	33.621778	-11.520917	-27.327855	9.357564	27.327855	27.648799	1.318968	
107	5.909568	3.610696	2.076109	-36.711404	-2.377036	36.711404	-11.671485	-28.281722	8.823249	28.281722	30.383681	1.305600	
108	5.936657	3.833260	2.136660	-39.963292	-2.302266	39.963292	-11.224028	-28.946132	7.832241	28.946132	32.609559	1.294992	
109	5.831687	3.971224	2.198857	-43.231731	-2.234960	43.231731	-10.101089	-29.254714	6.395940	29.254714	34.086998	1.287012	
110	5.583955	4.010754	2.261192	-46.157517	-2.186089	46.157517	-8.390199	-29.161001	4.631618	29.161001	34.540093	1.281434	
111	5.180807	3.942111	2.321890	-48.399386	-2.155709	48.399386	-6.306643	-28.605403	2.714330	28.605403	33.700484	1.278028	
112	4.611350	3.754504	2.379030	-49.735450	-2.143679	49.735450	-4.106207	-27.554736	0.843091	27.554736	31.390157	1.276587	
113	3.881932	3.443526	2.430750	-50.000232	-2.148599	50.000232	-2.031987	-26.043252	-0.766424	26.043252	27.610861	1.276938	
114	3.018824	3.016326	2.475423	-49.056756	-2.165286	49.056756	-0.280582	-24.141380	-1.915650	24.141380	22.561769	1.278953	
115	2.057039	2.485263	2.511756	-46.694243	-2.185533	46.694243	1.012668	-21.924497	-2.456452	21.924497	16.560994	1.282508	
116	1.036294	1.865761	2.538797	-42.634136	-2.202315	42.634136	1.788871	-19.475733	-2.314256	19.475733	10.006016	1.287480	
117	0.002234	1.178825	2.555980	-36.765610	-2.217001	36.765610	2.106396	-16.898365	-1.515793	16.898365	3.366070	1.293784	
118	-0.999433	0.450346	2.563204	-29.215808	-2.236059	29.215808	2.108216	-14.323147	-0.189423	14.323147	-2.893958	1.301382	
119	-1.919360	-0.288022	2.560883	-20.295120	-2.265073	20.295120	1.999495	-11.914174	1.439053	11.914174	-8.313035	1.310256	
120	-2.699850	-1.002572	2.550107	-10.526021	-2.311662	10.526021	2.066197	-9.840072	3.067089	9.840072	-12.446913	1.320403	
121	-3.299389	-1.659527	2.532644	-0.583312	-2.382097	0.583312	2.508235	-8.189389	4.408461	8.189389	-15.070360	1.331790	
122	-3.705229	-2.226088	2.510662	8.777575	-2.478905	-8.777575	3.352018	-6.987415	5.258179	6.987415	-16.201884	1.344297	
123	-3.910669	-2.686795	2.486606	16.697958	-2.613118	-16.697958	4.603344	-6.308781	5.487366	6.308781	-15.919353	1.357738	
124	-3.925963	-3.041766	2.463169	22.396186	-2.796505	-22.396186	6.160760	-6.184899	5.096260	6.184899	-14.444770	1.371954	
125	-3.796614	-3.286520	2.442809	25.585724	-3.021552	-25.585724	7.729251	-6.473404	4.241233	6.473404	-12.218831	1.386841	
126	-3.566048	-3.423929	2.427346	26.491870	-3.283868	-26.491870	9.097149	-7.026352	3.119709	7.026352	-9.625686	1.402310	
127	-3.263460	-3.472888	2.418022	25.370787	-3.587936	-25.370787	10.164791	-7.772545	1.908954	7.772545	-6.923829	1.418267	
128	-2.935469	-3.442914	2.415335	22.460174	-3.898581	-22.460174	10.760674	-8.541457	0.784828	8.541457	-4.435481	1.434626	
129	-2.637831	-3.333242	2.418750	18.311622	-4.144087	-18.311622	10.799868	-9.093169	-0.127918	9.093169	-2.469755	1.451292	
130	-2.406316	-3.157639	2.426875	13.719150	-4.272888	-13.719150	10.438784	-9.279959	-0.793810	9.279959	-1.177509	1.468169	
131	-2.254054	-2.943600	2.437810	9.440524	-4.271557	-9.440524	9.943161	-9.050467	-1.240992	9.050467	-0.588450	1.485197	
132	-2.176999	-2.713296	2.449521	5.959484	-4.149379	-5.959484	9.527994	-8.417021	-1.523661	8.417021	-0.644469	1.502335	
133	-2.165197	-2.477898	2.460096	3.441919	-3.922195	-3.441919	9.303198	-7.395086	-1.684479	7.395086	-1.271881	1.519535	
134	-2.210801	-2.242796	2.467703	1.915416	-3.605719	-1.915416	9.295420	-5.986918	-1.741899	5.986918	-2.425229	1.536728	
135	-2.295443	-2.008268	2.470687	1.257631	-3.223481	-1.257631	9.453938	-4.244197	-1.690514	4.244197	-3.991941	1.553827	
136	-2.388930	-1.772790	2.467902	1.122902	-2.811192	-1.122902	9.643273	-2.240356	-1.507390	2.240356	-5.780378	1.570775	
137	-2.469898	-1.538763	2.458692	1.134425	-2.401240	-1.134425	9.703673	-0.016673	-1.175741	0.016673	-7.633326	1.587577	
138	-2.541515	-1.312229	2.442503	1.125076	-2.004693	-1.125076	9.533928	2.433738	-0.700487	-2.433738	-9.503487	1.604290	
139	-2.617318	-1.109122	2.418767	1.003839	-1.631355	-1.003839	9.075745	5.095429	-0.095659	-5.095429	-11.338727	1.621006	
140	-2.699360	-0.949260	2.387248	0.656648	-1.301468	-0.656648	8.268768	7.872559	0.631680	-7.872559	-12.997162	1.637833	
141	-2.780947	-0.832817	2.348201	0.136261	-1.016978	-0.136261	7.082753	10.672118	1.475048	-10.672118	-14.366529	1.654843	
142	-2.852301	-0.751917	2.302267	-0.503015	-0.766823	0.503015	5.522347	13.407554	2.414546	-13.407554	-15.370950	1.672032	
143	-2.916530	-0.714580	2.250384	-1.233868	-0.539951	1.233868	3.633480	15.980484	3.421250	-15.980484	-15.960554	1.689341	
144	-3.000482	-0.737544	2.193523	-1.745494	-0.322897	1.745494	1.518407	18.338691	4.486271	-18.338691	-16.175083	1.706689	
145	-3.120616	-0.830857	2.132557	-1.701673	-0.111198	1.701673	-0.709754	20.423901	5.606610	-20.423901	-16.051581	1.723981	
146	-3.259867	-0.985019	2.068545	-1.186692	0.102763	1.186692	-2.954115	22.115429	6.734135	-22.115429	-15.554271	1.741121	
147	-3.397055	-1.187230	2.002888	-0.499439	0.333018	0.499439	-5.118251	23.298159	7.792581	-23.298159	-14.665871	1.758056	
148	-3.530010	-1.447606	1.937144	0.229564	0.573393	-0.229564	-7.091957	23.909195	8.723006	-23.909195	-13.436421	1.774798	
149	-3.657057	-1.774932	1.872870	0.897702	0.811199	-0.897702	-8.765707	23.896701	9.459204	-23.896701	-11.927041	1.791379	
150	-3.766237	-2.152206	1.811647	1.203074	1.053681	-1.203074	-10.040735	23.202610	9.909911	-23.202610	-10.190130	1.807811	
151	-3.852034	-2.562967	1.754999	0.871881	1.300809	-0.871881	-10.814134	21.819567	10.004901	-21.819567	-8.295510	1.824116	
152	-3.920976	-3.003910	1.704222	-0.116443	1.527368	0.116443	-11.006849	19.847422	9.711939	-19.847422	-6.320297	1.840322	
153	-3.978557	-3.457862	1.660258	-1.734558	1.713173	1.734558	-10.619687	17.464367	9.013098	-17.464367	-4.318953	1.856420	
154	-4.019963	-3.895963	1.623718	-4.063140	1.847601	4.063140	-9.691566	14.809334	7.893959	-14.809334	-2.317575	1.872386	
155	-4.036451	-4.300846	1.595032	-7.155062	1.911958	7.155062	-8.241896	11.949787	6.354301	-11.949787	-0.333696	1.888190	
156	-4.027022	-4.659078	1.574451	-10.951046	1.892093	10.951046	-6.336965	8.990285	4.433175	-8.990285	1.609440	1.903810	
157	-3.997338	-4.952111	1.561888	-15.250158	1.789155	15.250158	-4.142518	6.112896	2.216201	-6.112896	3.483602	1.919210	
158	-3.950389	-5.160203	1.556872	-19.743938	1.617928	19.743938	-1.886490	3.490034	-0.177919	-3.490034	5.251539	1.934287	
159	-3.885352	-5.263909	1.558668	-24.124961	1.412338	24.124961	0.175223	1.218472	-2.599836	-1.218472	6.861002	1.948890	
160	-3.805091	-5.254219	1.566386	-28.026516	1.209731	28.026516	1.807274	-0.648373	-4.879427	0.648373	8.255396	1.962879	
161	-3.719162	-5.142151	1.578999	-31.026703	1.024167	31.026703	2.867744	-2.070566	-6.868602	2.070566	9.396724	1.976139	
162	-3.635740	-4.947089	1.595421	-32.837238	0.851002	32.837238	3.326057	-3.047478	-8.470510	3.047478	10.267684	1.988553	
163	-3.556010	-4.681173	1.614576	-33.290367	0.689508	33.290367	3.207534	-3.581198	-9.619782	3.581198	10.849655	1.999994	
164	-3.478410	-4.352728	1.635370	-32.314642	0.544246	32.314642	2.556167	-3.639234	-10.281119	3.639234	11.125039	2.010357	
165	-3.401463	-3.975183	1.656689	-30.067785	0.410664	30.067785	1.445635	-3.205865	-10.483025	3.205865	11.101555	2.019598	
166	-3.320733	-3.560743	1.677458	-26.897751	0.281956	26.897751	-0.039896	-2.297922	-10.307852	2.297922	10.803559	2.027733	
167	-3.224354	-3.110590	1.696668	-23.253528	0.163873	23.253528	-1.834467	-0.963093	-9.848427	0.963093	10.245520	2.034813	
168	-3.095057	-2.619697	1.713427	-19.644925	0.070040	19.644925	-3.879978	0.705497	-9.192352	-0.705497	9.440899	2.040898	
169	-2.916288	-2.085086	1.726940	-16.509746	0.012984	16.509746	-6.115804	2.594476	-8.414676	-2.594476	8.423264	2.046039	
170	-2.669614	-1.505047	1.736471	-14.154476	-0.003856	14.154476	-8.503287	4.549371	-7.546348	-4.549371	7.236330	2.050319	
171	-2.332732	-0.876360	1.741530	-12.794475	0.008972	12.794475	-11.078380	6.348943	-6.544515	-6.348943	5.913374	2.053896	
172	-1.889663	-0.197198	1.742063	-12.563890	0.034462	12.563890	-13.943118	7.788782	-5.310340	-7.788782	4.479139	2.057005	
173	-1.337404	0.527616	1.738409	-13.583035	0.051753	13.583035	-17.191322	8.731447	-3.738712	-8.731447	2.958363	2.059967	
174	-0.682198	1.285098	1.731256	-16.054601	0.024532	16.054601	-20.883295	9.052984	-1.757280	-9.052984	1.367725	2.063194	
175	0.065209	2.055713	1.721717	-20.306623	-0.106064	20.306623	-25.029017	8.587142	0.643813	-8.587142	-0.301856	2.067129	
176	0.889563	2.820342	1.711349	-26.771424	-0.393731	26.771424	-29.471516	7.139613	3.373191	-7.139613	-2.086972	2.072225	
177	1.764366	3.564072	1.701986	-35.785144	-0.853673	35.785144	-33.745790	4.589016	6.183511	-4.589016	-4.005594	2.078983	
178	2.648347	4.265488	1.695526	-47.450138	-1.486365	47.450138	-37.110104	0.937044	8.659614	-0.937044	-6.001703	2.087943	
179	3.496001	4.896506	1.693757	-61.721404	-2.297275	61.721404	-38.705829	-3.776663	10.313819	3.776663	-7.953021	2.099649	
180	4.275319	5.440144	1.698301	-78.389534	-3.270434	78.389534	-37.704257	-9.578700	10.730724	9.578700	-9.720260	2.114619	
181	4.969657	5.886349	1.710659	-96.991253	-4.384280	96.991253	-33.475214	-16.571421	9.643506	16.571421	-11.171446	2.133281	
182	5.563889	6.212456	1.732172	-116.856493	-5.662906	116.856493	-25.741377	-24.830360	6.957921	24.830360	-12.193233	2.155940	
183	6.048786	6.397536	1.763746	-137.093129	-7.144987	137.093129	-14.597342	-34.328659	2.791882	34.328659	-12.716125	2.182776	
184	6.435674	6.450840	1.805733	-156.422240	-8.798397	156.422240	-0.412963	-44.972896	-2.558573	44.972896	-12.688912	2.213803	
185	6.744749	6.400311	1.858182	-173.192091	-10.547353	173.192091	16.226703	-56.598417	-8.717285	56.598417	-12.036541	2.248860	
186	6.985082	6.263230	1.921006	-185.680938	-12.364539	185.680938	34.538579	-68.924832	-15.246534	68.924832	-10.713029	2.287614	
187	7.155040	6.043141	1.993958	-192.478959	-14.253298	192.478959	53.587387	-81.596482	-21.630822	81.596482	-8.758768	2.329580	
188	7.251861	5.743024	2.076610	-192.720963	-16.186810	192.720963	72.333868	-94.221518	-27.318128	94.221518	-6.274553	2.374158	
189	7.276278	5.371646	2.168339	-186.135451	-18.118977	186.135451	89.708023	-106.385561	-31.787540	106.385561	-3.392714	2.420691	
190	7.234065	4.940306	2.268340	-173.303390	-20.008491	173.303390	104.683333	-117.745760	-34.604932	117.745760	-0.276723	2.468523	
191	7.137779	4.459056	2.375726	-155.982918	-21.805537	155.982918	116.294816	-128.096038	-35.477977	128.096038	2.907737	2.517100	
192	7.002063	3.933929	2.489564	-136.839258	-23.448662	136.839258	123.642801	-137.304141	-34.273093	137.304141	6.027123	2.566015	
193	6.835821	3.365927	2.608773	-118.847672	-24.877075	118.847672	125.931492	-145.284554	-30.973825	145.284554	8.969393	2.614987	
194	6.644996	2.758634	2.732135	-104.789765	-26.024409	104.789765	122.624386	-152.014524	-25.680622	152.014524	11.656955	2.663804	
195	6.434171	2.120445	2.858481	-96.726363	-26.830397	96.726363	113.623088	-157.494206	-18.601143	157.494206	14.049465	2.712369	
196	6.200096	1.448544	2.986765	-95.661954	-27.294903	95.661954	99.230527	-161.785044	-9.933856	161.785044	16.044111	2.760738	
197	5.935288	0.711776	3.115952	-101.467912	-27.532033	101.467912	79.875219	-165.093691	0.219592	165.093691	17.426483	2.809052	
198	5.633215	-0.132226	3.245026	-112.821093	-27.715638	112.821093	55.983911	-167.698660	11.777089	167.698660	18.011802	2.857466	
199	5.283847	-1.092809	3.373204	-127.261634	-27.938430	127.261634	28.450229	-169.802209	24.496760	169.802209	17.812580	2.906230	
200	4.878224	-2.145271	3.500133	-141.890918	-28.225421	141.890918	-1.148791	-171.494596	37.948506	171.494596	17.040725	2.955742	
201	4.417927	-3.266446	3.625891	-154.515272	-28.637062	154.515272	-31.177116	-172.824348	51.638147	172.824348	16.036717	3.006443	
202	3.910356	-4.437412	3.750964	-164.024817	-29.241538	164.024817	-60.167794	-173.885442	65.019685	173.885442	15.224612	3.058690	
203	3.363304	-5.629117	3.876283	-170.046166	-30.072410	170.046166	-86.537199	-174.859691	77.456071	174.859691	15.061143	3.112774	
204	2.787109	-6.810094	4.003275	-172.700061	-31.157593	172.700061	-108.755177	-175.951546	88.294132	175.951546	15.985213	3.168987	
205	2.194392	-7.955074	4.133758	-172.487432	-32.517690	172.487432	-125.637039	-177.256575	96.929441	177.256575	18.384201	3.227662	
206	1.603776	-9.029528	4.269696	-170.215723	-34.091117	170.215723	-136.237049	-178.715141	102.768296	178.715141	22.627150	3.289118	
207	1.040827	-9.979995	4.413035	-166.881507	-35.704438	166.881507	-139.839068	-180.183646	105.301631	180.183646	29.035761	3.353598	
208	0.521695	-10.761294	4.565483	-163.397528	-37.195678	163.397528	-136.391236	-181.471005	104.343877	181.471005	37.659020	3.421281	
209	0.035245	-11.383739	4.727985	-160.525636	-38.594198	160.525636	-126.984745	-182.260333	100.158453	182.260333	48.077808	3.492310	
210	-0.456192	-11.925392	4.900201	-159.102621	-40.144533	159.102621	-113.516386	-182.094179	93.237532	182.094179	59.488017	3.566708	
211	-0.997567	-12.462551	5.080351	-159.779927	-42.035484	159.779927	-97.382715	-180.455850	83.875701	180.455850	70.933330	3.644239	
212	-1.625572	-13.001716	5.265280	-162.472967	-44.122699	162.472967	-78.978977	-176.721103	72.113302	176.721103	81.321449	3.724394	
213	-2.370760	-13.513290	5.450426	-166.622205	-46.048531	166.622205	-58.667665	-170.133767	58.126920	170.133767	89.327539	3.806432	
214	-3.260310	-13.989564	5.629960	-171.730824	-47.533050	171.730824	-37.382087	-160.048389	42.457796	160.048389	93.596048	3.889397	
215	-4.312765	-14.448478	5.797403	-177.227753	-48.491585	177.227753	-16.279424	-146.165065	25.914268	146.165065	93.119754	3.972162	
216	-5.532535	-14.920834	5.946423	-182.110868	-49.093095	182.110868	3.705431	-128.601272	9.412555	128.601272	87.546824	4.053455	
217	-6.905844	-15.442192	6.071513	-184.816804	-49.848065	184.816804	22.195230	-107.919384	-6.190629	107.919384	77.396650	4.131755	
218	-8.400574	-16.037675	6.168534	-183.212529	-51.608371	183.212529	39.567388	-85.030435	-20.266474	85.030435	63.977072	4.205283	
219	-9.968922	-16.708480	6.235197	-174.718358	-55.476612	174.718358	56.876784	-61.007274	-32.484505	61.007274	49.033087	4.272224	
220	-11.547977	-17.427957	6.271395	-156.591722	-62.685413	156.591722	75.564815	-36.883368	-42.781872	36.883368	34.360340	4.331024	
221	-13.065529	-18.145589	6.279080	-126.622829	-74.396580	126.622829	97.032735	-13.444236	-51.275852	13.444236	21.378956	4.380728	
222	-14.451067	-18.801312	6.261763	-84.318010	-91.519873	84.318010	122.337976	8.684002	-58.229464	-8.684002	11.056159	4.421216	
223	-15.641110	-19.337274	6.224136	-31.653895	-114.654849	31.653895	152.162892	28.733304	-64.084393	-28.733304	4.168334	4.452986	
224	-16.582783	-19.696556	6.171789	27.171307	-143.953872	-27.171307	186.608674	45.846416	-69.312232	-45.846416	1.172319	4.476907	
225	-17.237492	-19.821847	6.110653	86.516945	-178.938747	-86.516945	224.764589	59.358194	-74.096989	-59.358194	1.864092	4.494197	
226	-17.579633	-19.661914	6.046240	140.273231	-218.597486	-140.273231	264.692475	68.787991	-78.173894	-68.787991	5.439838	4.506162	
227	-17.591723	-19.180535	5.983088	182.898512	-261.746757	-182.898512	303.928717	73.567329	-80.950821	-73.567329	10.892520	4.513965	
228	-17.265667	-18.361981	5.924434	210.440277	-307.202041	-210.440277	339.913860	73.041363	-81.673419	-73.041363	17.143612	4.518759	
229	-16.616261	-17.210934	5.871963	221.299522	-353.585225	-221.299522	370.097819	66.986419	-79.345674	-66.986419	22.634617	4.521649	
230	-15.689385	-15.757866	5.825720	216.153105	-399.307030	-216.153105	392.363461	55.915607	-72.765552	-55.915607	25.312616	4.523375	
231	-14.548100	-14.062797	5.784354	196.966317	-442.983154	-196.966317	405.791039	40.715081	-61.030650	-40.715081	23.457451	4.524210	
232	-13.251908	-12.198960	5.745539	165.549761	-483.823000	-165.549761	410.705598	22.148604	-43.957169	-22.148604	16.284920	4.524172	
233	-11.851878	-10.232937	5.706288	122.646688	-521.461529	-122.646688	408.031675	0.680840	-21.948719	-0.680840	3.748203	4.523250	
234	-10.388159	-8.208926	5.663199	68.202308	-555.416680	-68.202308	398.549491	-23.459028	4.558228	23.459028	-14.070955	4.521433	
235	-8.884083	-6.146518	5.612631	1.898153	-585.073863	-1.898153	382.773158	-50.317823	35.385466	50.317823	-37.208903	4.518660	
236	-7.357874	-4.066426	5.550781	-75.928769	-610.082847	75.928769	361.949951	-80.296444	70.234965	80.296444	-65.435493	4.514805	
237	-5.834242	-2.005634	5.473686	-163.002942	-630.364546	163.002942	338.609373	-113.941075	108.501883	113.941075	-98.120631	4.509658	
238	-4.332509	0.004199	5.377213	-255.966424	-646.110998	255.966424	315.627529	-151.920745	149.673927	151.920745	-134.665607	4.502898	
239	-2.845400	1.958034	5.257200	-352.576345	-658.089026	352.576345	295.369364	-195.482575	193.571130	195.482575	-174.782221	4.494057	
240	-1.346367	3.859031	5.109775	-452.008304	-667.646739	452.008304	280.023735	-246.393838	239.721636	246.393838	-217.952700	4.482498	
241	0.168888	5.686613	4.931722	-553.810914	-676.315708	553.810914	272.037260	-306.129255	286.520781	306.129255	-262.596962	4.467434	
242	1.688890	7.421082	4.720770	-657.707918	-685.466504	657.707918	273.220062	-375.869483	332.221615	375.869483	-307.001350	4.447960	
243	3.236927	9.085550	4.475953	-764.164291	-696.204121	764.164291	283.801307	-457.171732	376.570342	457.171732	-351.002814	4.423100	
244	4.859768	10.721682	4.198029	-874.405165	-709.390253	874.405165	303.113422	-551.524759	420.124084	551.524759	-395.374682	4.391909	
245	6.588142	12.353661	3.889881	-990.001489	-725.770330	990.001489	330.544496	-659.696977	463.076491	659.696977	-440.595717	4.353617	
246	8.433152	13.981235	3.556992	-1112.471335	-746.049254	1112.471335	365.828424	-781.683399	505.347511	781.683399	-486.855331	4.307712	
247	10.399901	15.591228	3.208034	-1242.865382	-770.545076	1242.865382	408.506753	-916.662796	547.076115	916.662796	-534.496165	4.253832	
248	12.489843	17.172671	2.855455	-1381.295618	-798.829889	1381.295618	457.229843	-1063.126524	588.858330	1063.126524	-584.164264	4.191672	
249	14.660735	18.681997	2.516402	-1525.961307	-829.767054	1525.961307	510.417902	-1217.980709	630.530483	1217.980709	-635.433196	4.121048	
250	16.806673	20.021671	2.214075	-1672.410808	-861.534045	1672.410808	566.524257	-1375.517100	670.428904	1375.517100	-685.975221	4.041997	
251	18.827712	21.113806	1.978064	-1814.652994	-891.730688	1814.652994	622.632210	-1529.455145	707.460914	1529.455145	-733.791047	3.954706	
252	20.693101	21.969478	1.840394	-1947.295036	-917.972992	1947.295036	674.010696	-1676.283732	742.853948	1676.283732	-779.208198	3.859465	
253	22.431081	22.675685	1.824531	-2066.830924	-938.750884	2066.830924	715.714074	-1816.643322	779.686460	1816.643322	-824.500887	3.756721	
254	24.087265	23.341238	1.933125	-2171.314685	-953.612530	2171.314685	743.972701	-1953.865358	821.475673	1953.865358	-872.461911	3.647056	
255	25.678538	24.039734	2.148557	-2258.497311	-962.293702	2258.497311	756.121530	-2090.292778	870.324756	2090.292778	-924.587292	3.531010	
256	27.198290	24.807606	2.446264	-2325.193523	-964.362276	2325.193523	750.234945	-2226.605050	926.743684	2226.605050	-981.056871	3.408958	
257	28.661112	25.695877	2.806315	-2369.101788	-959.854883	2369.101788	725.124797	-2364.693463	991.214054	2364.693463	-1042.398874	3.281126	
258	30.092212	26.771019	3.216877	-2389.365743	-949.544669	2389.365743	680.677168	-2507.461813	1063.976668	2507.461813	-1109.199623	3.147718	
259	31.508315	28.088438	3.672551	-2385.468874	-934.825235	2385.468874	618.176510	-2657.228771	1144.247931	2657.228771	-1181.288042	3.009073	
260	32.946691	29.714512	4.171507	-2357.531048	-917.698782	2357.531048	540.005050	-2816.671382	1231.144113	2816.671382	-1258.701807	2.865761	
261	34.455306	31.721413	4.712970	-2306.969296	-900.556226	2306.969296	449.733924	-2987.689657	1323.340366	2987.689657	-1341.346186	2.718526	
262	36.069731	34.159370	5.295449	-2237.031047	-886.040630	2237.031047	352.646587	-3169.736693	1418.185070	3169.736693	-1428.133768	2.568201	
263	37.833851	37.064474	5.915930	-2153.721774	-877.236980	2153.721774	255.671661	-3361.657405	1512.526543	3361.657405	-1517.754930	2.415685	
264	39.772250	40.425019	6.569600	-2063.281631	-876.837785	2063.281631	166.889399	-3560.384382	1601.868950	3560.384382	-1607.652501	2.261973	
265	41.841434	44.142751	7.249730	-1967.044456	-885.339313	1967.044456	93.867437	-3757.096850	1678.821111	3757.096850	-1692.269670	2.108141	
266	43.938224	48.052952	7.948076	-1860.596928	-900.670551	1860.596928	42.335342	-3938.035702	1733.881288	3938.035702	-1763.578553	1.955308	
267	45.915990	51.902298	8.656021	-1734.049248	-919.275884	1734.049248	17.460999	-4088.623275	1757.088340	4088.623275	-1812.114176	1.804680	
268	47.629215	55.381739	9.366453	-1571.491730	-936.293833	1571.491730	21.802197	-4197.738837	1741.534056	4197.738837	-1829.385037	1.657576	
269	49.018656	58.346216	10.074842	-1363.818060	-945.997540	1363.818060	49.717976	-4258.276994	1687.009552	4258.276994	-1811.765206	1.515346	
270	50.053607	60.831965	10.778318	-1116.632793	-943.125104	1116.632793	89.784834	-4261.484834	1595.780291	4261.484834	-1758.326567	1.379268	
271	50.567375	62.770442	11.475033	-843.162771	-923.705795	843.162771	133.084281	-4193.024896	1465.538175	4193.024896	-1664.467945	1.250489	
272	50.369133	63.997488	12.165132	-573.041571	-888.261065	573.041571	177.457803	-4043.459213	1294.610206	4043.459213	-1526.828941	1.130023	
273	49.530140	64.547512	12.850993	-345.511969	-842.662638	345.511969	224.074796	-3821.808272	1091.572145	3821.808272	-1353.664005	1.018893	
274	48.423135	64.729305	13.535211	-179.621764	-791.855949	179.621764	268.564087	-3548.197815	873.599993	3548.197815	-1164.147473	0.918107	
275	47.561362	64.941568	14.217250	-72.833996	-736.578919	72.833996	301.269462	-3240.799578	659.087283	3240.799578	-982.627938	0.828284	
276	47.373408	65.413624	14.891253	-14.938124	-676.950679	14.938124	320.056515	-2917.973673	461.054446	2917.973673	-832.831584	0.749558	
277	48.012135	66.100938	15.546975	5.803263	-615.323100	-5.803263	337.814695	-2599.893371	282.455661	2599.893371	-730.645071	0.682071	
278	49.355417	66.821839	16.172349	1.609702	-554.587090	-1.609702	375.875989	-2299.968000	116.658215	2299.968000	-681.405983	0.626118	
279	51.090678	67.400362	16.755920	-11.789362	-494.909482	11.789362	453.708478	-2019.778224	-49.344531	2019.778224	-680.791216	0.581853	
280	52.782940	67.672522	17.290356	-20.569641	-436.571615	20.569641	591.746210	-1759.396567	-229.780160	1759.396567	-717.604889	0.549370	
281	54.024033	67.519239	17.774258	-20.191826	-386.420503	20.191826	820.736861	-1527.009328	-432.525548	1527.009328	-781.701060	0.528849	
282	54.519749	66.898997	18.206223	0.359301	-353.281319	-0.359301	1172.129251	-1326.291756	-655.334709	1326.291756	-869.391839	0.520403	
283	53.982841	65.743490	18.572671	84.788195	-334.725190	-84.788195	1657.544391	-1138.726085	-884.409564	1138.726085	-983.017374	0.524183	
284	52.091810	63.990272	18.835889	312.805139	-311.105914	-312.805139	2266.914952	-921.839444	-1094.520668	921.839444	-1129.700746	0.540693	
285	48.662762	61.744704	18.929073	778.769002	-247.403400	-778.769002	2980.824538	-624.313187	-1258.218781	624.313187	-1318.035369	0.570445	
286	43.885291	59.058103	18.766344	1542.933420	-96.633584	-1542.933420	3751.249637	-216.127730	-1361.116029	216.127730	-1547.231431	0.613263	
287	38.530777	55.124146	18.280191	2511.736347	187.982119	-2511.736347	4400.364933	271.084138	-1411.188137	-271.084138	-1767.671339	0.668126	
288	34.115929	47.139688	17.500361	3262.467258	616.527805	-3262.467258	4458.134105	715.384873	-1419.111139	-715.384873	-1821.786627	0.733518	
289	32.258116	30.563032	16.647345	3102.655401	1093.808128	-3102.655401	3267.829397	944.597045	-1329.077400	-944.597045	-1486.068223	0.807769	
290	32.706644	4.571409	16.099653	1805.783483	1390.271541	-1805.783483	927.417747	881.906653	-1026.647512	-881.906653	-706.834296	0.889183	
291	33.170665	-21.980492	16.100004	256.174030	1317.548409	-256.174030	-1034.802089	657.283107	-580.178266	-657.283107	264.110783	0.976082	
292	32.323758	-37.870586	16.512984	-493.786932	950.977135	493.786932	-1355.332174	499.111757	-285.825319	-499.111757	1111.673662	1.066862	
293	30.606919	-40.733340	17.009921	-322.990444	516.591980	322.990444	-456.177145	548.348681	-288.779010	-548.348681	1657.801504	1.160021	
294	28.386730	-35.523938	17.341171	306.979034	166.585592	-306.979034	627.326332	799.628847	-451.288815	-799.628847	1841.729121	1.254189	
295	25.508797	-27.907061	17.399084	1012.116578	-58.937855	-1012.116578	1328.664104	1152.262391	-583.975287	-1152.262391	1716.557691	1.348175	
296	22.053948	-21.153578	17.176111	1649.923868	-179.603658	-1649.923868	1595.197639	1495.151648	-613.859009	-1495.151648	1421.320531	1.440912	
297	18.422029	-16.198399	16.718728	2217.474300	-230.513473	-2217.474300	1576.059182	1765.160658	-561.856182	-1765.160658	1082.836621	1.531349	
298	14.778181	-12.960150	16.096603	2733.160885	-237.444921	-2733.160885	1399.943491	1949.789208	-460.668767	-1949.789208	759.583992	1.618484	
299	11.077456	-11.242701	15.383812	3179.756803	-213.787077	-3179.756803	1136.044035	2058.568492	-332.161344	-2058.568492	475.197316	1.701509	
300	7.414275	-10.848574	14.647975	3497.129684	-167.533461	-3497.129684	827.755766	2102.650339	-199.238436	-2102.650339	249.577605	1.779838	
301	4.026681	-11.551808	13.944168	3605.161786	-105.399634	-3605.161786	509.625349	2090.340704	-84.826649	-2090.340704	94.082301	1.853020	
302	1.166203	-13.103181	13.311757	3455.483070	-34.817006	-3455.483070	214.859115	2030.220024	-5.817341	-2030.220024	6.699435	1.920636	
303	-0.995465	-15.197314	12.773402	3076.398023	35.462460	-3076.398023	-22.783263	1935.336340	29.484107	-1935.336340	-24.318131	1.982235	
304	-2.440220	-17.454854	12.335135	2560.583866	97.089645	-2560.583866	-178.795012	1825.257244	21.776388	-1825.257244	-15.613939	2.037326	
305	-3.281516	-19.496746	11.987827	2010.488104	144.112525	-2010.488104	-244.118606	1723.338007	-21.254652	-1723.338007	16.407467	2.085440	
306	-3.659193	-21.052817	11.711595	1508.869095	173.391655	-1508.869095	-216.625558	1649.083902	-88.249587	-1649.083902	59.406036	2.126226	
307	-3.693863	-21.923131	11.481593	1127.741072	184.246224	-1127.741072	-100.368054	1613.519764	-165.238820	-1613.519764	104.577982	2.159595	
308	-3.520287	-21.831458	11.271507	926.311436	178.230950	-926.311436	73.947003	1621.202107	-234.086014	-1621.202107	143.354122	2.185833	
309	-3.296490	-20.418484	11.054851	924.666093	158.999789	-924.666093	238.110063	1670.867924	-273.341410	-1670.867924	165.824472	2.205431	
310	-3.163439	-17.436338	10.807061	1086.018181	132.186177	-1086.018181	310.707508	1751.326885	-265.888822	-1751.326885	163.099247	2.218765	
311	-3.215094	-13.022471	10.509831	1329.011993	104.927929	-1329.011993	244.326366	1839.073367	-210.945072	-1839.073367	132.900393	2.226609	
312	-3.473295	-7.828461	10.156600	1565.268775	84.264929	-1565.268775	60.328715	1904.006457	-129.556906	-1904.006457	84.247052	2.230915	
313	-3.838327	-2.780856	9.755987	1736.223010	74.644005	-1736.223010	-165.060302	1921.260557	-52.682668	-1921.260557	34.237474	2.234122	
314	-4.108599	1.360019	9.330066	1825.435376	76.438617	-1825.435376	-353.928029	1880.708955	-0.832375	-1880.708955	-2.481239	2.237888	
315	-4.114131	4.229434	8.907529	1848.054848	86.769314	-1848.054848	-466.532534	1789.420848	23.483761	-1789.420848	-20.760985	2.243363	
316	-3.822083	5.788462	8.514744	1830.327487	101.694621	-1830.327487	-502.987214	1666.988459	28.241465	-1666.988459	-23.340183	2.251864	
317	-3.301198	6.194743	8.168399	1792.571285	117.998010	-1792.571285	-485.169350	1535.201371	23.020514	-1535.201371	-16.104947	2.264230	
318	-2.623581	5.753055	7.872727	1744.950814	133.871004	-1744.950814	-439.828434	1408.384298	15.151530	-1408.384298	-5.007303	2.280561	
319	-1.823020	4.865825	7.622241	1692.127675	148.862697	-1692.127675	-388.705226	1291.160489	8.796311	-1291.160489	5.585753	2.300942	
320	-0.910287	3.925296	7.407365	1636.611558	163.204322	-1636.611558	-344.160233	1182.012470	5.385921	-1182.012470	13.522411	2.325351	
321	0.100103	3.212249	7.219052	1578.481946	176.973505	-1578.481946	-309.703405	1077.623298	4.739363	-1077.623298	18.418198	2.353197	
322	1.175298	2.862637	7.050779	1515.836087	189.896102	-1515.836087	-284.058016	975.777957	6.028489	-975.777957	20.818910	2.383503	
323	2.261926	2.881530	6.898676	1446.073629	201.471638	-1446.073629	-264.886888	876.310542	8.315875	-876.310542	21.503015	2.415207	
324	3.286877	3.168799	6.760714	1366.326171	210.961361	-1366.326171	-250.348943	780.797226	10.788861	-780.797226	21.048893	2.447281	
325	4.170927	3.569054	6.635617	1274.131196	217.436486	-1274.131196	-239.312781	691.665128	12.845778	-691.665128	19.683338	2.478773	
326	4.850355	3.938284	6.522086	1168.641735	220.040870	-1168.641735	-231.126006	611.060070	14.121941	-611.060070	17.366426	2.508815	
327	5.288592	4.178057	6.418481	1051.409631	218.288532	-1051.409631	-225.485268	540.173306	14.539905	-540.173306	13.979368	2.536580	
328	5.478358	4.228314	6.322843	926.596879	212.238090	-926.596879	-222.378941	479.340793	14.373748	-479.340793	9.412838	2.561212	
329	5.438068	4.063202	6.233093	800.458513	202.538294	-800.458513	-221.654572	428.199731	14.153994	-428.199731	3.560845	2.581960	
330	5.203824	3.699236	6.147231	679.778947	190.238952	-679.778947	-222.534832	385.674139	14.439878	-385.674139	-3.624396	2.598612	
331	4.816934	3.181567	6.063461	570.355209	176.583919	-570.355209	-223.861353	350.369051	15.713363	-350.369051	-12.095253	2.611626	
332	4.315417	2.558272	5.980244	475.902620	162.934192	-475.902620	-224.856542	320.936091	18.392296	-320.936091	-21.762688	2.621645	
333	3.737432	1.876748	5.896454	396.900829	150.575621	-396.900829	-225.580747	296.017227	22.764063	-296.017227	-32.522828	2.629095	
334	3.130013	1.201171	5.811630	330.307875	140.368670	-330.307875	-226.716187	274.112924	28.810497	-274.112924	-44.127915	2.634309	
335	2.544992	0.605718	5.726102	271.180314	132.588094	-271.180314	-229.054747	253.851068	36.186157	-253.851068	-56.102315	2.637687	
336	2.014503	0.128799	5.640706	215.437259	127.204683	-215.437259	-233.220458	234.606319	44.529395	-234.606319	-67.987108	2.639583	
337	1.542529	-0.236045	5.556105	161.062121	124.058816	-161.062121	-239.534789	216.391716	53.651040	-216.391716	-79.505703	2.640217	
338	1.125942	-0.503894	5.472539	107.601090	122.663158	-107.601090	-247.824278	199.212526	63.373859	-199.212526	-90.409376	2.639724	
339	0.758267	-0.697794	5.390063	56.125736	122.283297	-56.125736	-257.389684	183.092493	73.503872	-183.092493	-100.472183	2.638197	
340	0.414518	-0.865239	5.308372	8.921689	122.323108	-8.921689	-267.311346	168.309746	83.968385	-168.309746	-109.645680	2.635594	
341	0.061209	-1.054941	5.226514	-31.645582	122.358706	31.645582	-276.673596	155.099618	94.730643	-155.099618	-117.974520	2.631716	
342	-0.320952	-1.290964	5.143202	-63.711656	121.925098	63.711656	-284.504251	143.385709	105.606054	-143.385709	-125.410542	2.626359	
343	-0.735618	-1.580599	5.057313	-86.015997	120.579025	86.015997	-289.940916	132.916154	116.324397	-132.916154	-131.878932	2.619447	
344	-1.179291	-1.928448	4.968011	-98.079957	118.102994	98.079957	-292.570431	123.434387	126.680429	-123.434387	-137.402902	2.611014	
345	-1.647216	-2.336873	4.874669	-100.185303	114.513821	100.185303	-292.392264	114.718398	136.491779	-114.718398	-142.009629	2.601113	
346	-2.138876	-2.810450	4.776838	-93.464371	109.969637	93.464371	-289.680695	106.623709	145.546772	-106.623709	-145.670860	2.589742	
347	-2.655782	-3.365528	4.674167	-80.186233	104.726180	80.186233	-285.079346	99.092366	153.689385	-99.092366	-148.410035	2.576867	
348	-3.193586	-4.013650	4.566258	-63.026394	99.028962	63.026394	-279.342820	92.050452	160.799342	-92.050452	-150.285913	2.562454	
349	-3.742931	-4.737351	4.452805	-43.798316	93.019356	43.798316	-272.846397	85.384533	166.682305	-85.384533	-151.284178	2.546448	
350	-4.296695	-5.503224	4.333864	-23.486168	86.793486	23.486168	-265.665808	79.034910	171.129747	-79.034910	-151.372060	2.528808	
351	-4.850858	-6.285302	4.209828	-3.264114	80.458366	3.264114	-257.959962	73.010786	174.012537	-73.010786	-150.572952	2.509556	
352	-5.401097	-7.063186	4.081198	15.230882	74.101930	-15.230882	-249.911449	67.342608	175.214486	-67.342608	-148.893117	2.488798	
353	-5.939463	-7.807675	3.948629	30.887538	67.733027	-30.887538	-241.276535	62.035507	174.560257	-62.035507	-146.258508	2.466641	
354	-6.454780	-8.485947	3.813116	43.594853	61.321257	-43.594853	-231.525683	57.058783	171.938188	-57.058783	-142.623219	2.443056	
355	-6.937090	-9.083313	3.675894	53.500515	54.911419	-53.500515	-220.498486	52.382756	167.441693	-52.382756	-138.083817	2.417867	
356	-7.373907	-9.595973	3.538168	60.691784	48.601747	-60.691784	-208.412936	47.972485	161.286722	-47.972485	-132.809855	2.390909	
357	-7.745741	-10.005124	3.401115	65.618970	42.444258	-65.618970	-195.466301	43.765872	153.677693	-43.765872	-126.930525	2.362150	
358	-8.034156	-10.277854	3.266020	68.858666	36.427312	-68.858666	-181.741064	39.699905	144.725064	-39.699905	-120.457392	2.331701	
359	-8.225720	-10.392480	3.134245	69.913108	30.556215	-69.913108	-167.479065	35.731031	134.481051	-35.731031	-113.307945	2.299850	
360	-8.305027	-10.343322	3.007094	67.291668	24.915584	-67.291668	-153.182601	31.854158	123.093824	-31.854158	-105.437023	2.267118	
361	-8.247672	-10.114057	2.885757	60.146580	19.613675	-60.146580	-139.178725	28.077015	110.802053	-28.077015	-96.848529	2.234258	
362	-8.016048	-9.675137	2.771472	48.904394	14.757539	-48.904394	-125.377120	24.332285	97.845534	-24.332285	-87.534083	2.202097	
363	-7.565117	-9.002210	2.665697	34.914929	10.493341	-34.914929	-111.388353	20.499603	84.449811	-20.499603	-77.483439	2.171423	
364	-6.849667	-8.068340	2.570184	20.070201	6.981056	-20.070201	-96.693568	16.488620	70.816791	-16.488620	-66.703433	2.143153	
365	-5.827144	-6.842212	2.487006	6.376586	4.340915	-6.376586	-80.843942	12.236815	57.136988	-12.236815	-55.234794	2.118508	
366	-4.471401	-5.317899	2.418371	-4.317588	2.634277	4.317588	-63.454093	7.713172	43.548898	-7.713172	-43.145546	2.098846	
367	-2.783234	-3.523959	2.366239	-10.608237	1.838480	10.608237	-44.062204	2.918084	30.015557	-2.918084	-30.466985	2.085412	
368	-0.788262	-1.499371	2.332218	-12.055377	1.782022	12.055377	-22.174799	-2.228944	16.287043	2.228944	-17.157290	2.079347	
369	1.458558	0.718730	2.317886	-9.643613	2.103881	9.643613	2.533702	-7.992071	1.994239	7.992071	-3.141164	2.081819	
370	3.850487	3.053341	2.324946	-5.740558	2.347874	5.740558	29.809194	-14.693900	-13.125042	14.693900	11.503395	2.093894	
371	6.235291	5.346231	2.354557	-3.376214	2.169416	3.376214	58.607753	-22.518405	-29.062229	22.518405	26.423139	2.116189	
372	8.341971	7.298627	2.405828	-5.271954	1.444854	5.271954	85.988646	-31.089131	-44.688205	31.089131	40.318190	2.148402	
373	10.031488	8.772539	2.475534	-12.499124	0.246493	12.499124	109.947999	-40.062495	-59.044080	40.062495	52.347911	2.189279	
374	10.321618	8.890331	2.554821	-21.839171	-0.934330	21.839171	117.602869	-45.171148	-64.054110	45.171148	55.540788	2.234907	
375	10.971252	9.349598	2.638237	-33.433734	-2.192642	33.433734	129.748116	-52.108798	-72.018110	52.108798	61.358268	2.282861	
