kww	// User ID
29-6-2021	// Evaluation date
p35_warmup_032	29-6-2021	20:52:52:671	// Source file name and timestamp
357.143	// Sampling rate
1.031	// Data capture period

1.880000	// height
82.300000	// mass


Sample #	elbVar	shldrIR	LwristLinVelo	thorJFPd	thorSTPd	UaJFPp	UaSTPp	UaJFPd	UaSTPd	FaJFPp	FaSTPp	RwristLinVelo	
0	-1.355991	1.193952	2.498284	42.680433	-4.291836	-42.680433	67.085528	-10.194359	-19.881864	10.194359	31.090562	3.480282	
1	-1.074895	1.049308	2.582870	37.473805	-3.497803	-37.473805	60.852081	-11.675885	-16.474117	11.675885	26.452237	3.538896	
2	-0.826015	0.993893	2.660281	33.719158	-2.915758	-33.719158	55.593055	-12.420855	-13.790677	12.420855	22.712447	3.587789	
3	-0.516863	0.543342	2.728236	26.384539	-2.089154	-26.384539	46.085063	-14.566027	-8.102336	14.566027	13.632018	3.626313	
4	-0.217242	-0.038834	2.783501	18.875120	-1.334567	-18.875120	35.713815	-16.892014	-1.655799	16.892014	2.771132	3.654715	
5	0.056973	-0.719342	2.825015	11.708129	-0.662514	-11.708129	25.249331	-19.274435	5.122987	19.274435	-9.107853	3.674149	
6	0.300400	-1.412799	2.852659	5.523219	-0.097226	-5.523219	15.742250	-21.508778	11.626394	21.508778	-20.811564	3.686115	
7	0.518825	-2.064573	2.867091	0.559047	0.360955	-0.559047	7.671885	-23.516701	17.552520	23.516701	-31.647243	3.692242	
8	0.717290	-2.640772	2.869408	-3.178151	0.704131	3.178151	1.201554	-25.264511	22.699192	25.264511	-41.126262	3.694209	
9	0.896878	-3.125172	2.861080	-5.860209	0.920923	5.860209	-3.591396	-26.807506	26.953566	26.807506	-48.956921	3.693620	
10	1.057431	-3.515550	2.843816	-7.669448	1.017857	7.669448	-6.746650	-28.172368	30.299486	28.172368	-55.059185	3.691897	
11	1.200600	-3.821559	2.819323	-8.774697	1.026483	8.774697	-8.499357	-29.335073	32.799345	29.335073	-59.537530	3.690282	
12	1.326536	-4.055063	2.789188	-9.308093	0.978366	9.308093	-9.090391	-30.276733	34.508692	30.276733	-62.522636	3.689869	
13	1.434683	-4.226736	2.754849	-9.363638	0.892254	9.363638	-8.708258	-30.980131	35.474466	30.980131	-64.160597	3.691522	
14	1.524705	-4.348441	2.717561	-9.142164	0.783292	9.142164	-7.569909	-31.451435	35.754952	31.451435	-64.640795	3.695632	
15	1.596971	-4.431531	2.678389	-8.994792	0.669999	8.994792	-5.979771	-31.714442	35.414328	31.714442	-64.142559	3.702010	
16	1.656726	-4.480235	2.638189	-9.060846	0.562239	9.060846	-4.226669	-31.758743	34.548636	31.758743	-62.841841	3.710177	
17	1.710056	-4.491622	2.597631	-9.085452	0.452793	9.085452	-2.371717	-31.556888	33.254259	31.556888	-60.904216	3.719617	
18	1.759729	-4.465303	2.557274	-8.939693	0.349963	8.939693	-0.417775	-31.109004	31.592666	31.109004	-58.472634	3.729712	
19	1.808532	-4.408876	2.517552	-8.935165	0.295927	8.935165	1.408512	-30.450290	29.633737	30.450290	-55.696185	3.739729	
20	1.858516	-4.330126	2.478793	-9.333674	0.318601	9.333674	2.880754	-29.640856	27.470885	29.640856	-52.703386	3.748958	
21	1.910426	-4.226479	2.441294	-9.984083	0.396073	9.984083	4.059261	-28.746806	25.197357	28.746806	-49.585974	3.756845	
22	1.966573	-4.092012	2.405258	-10.614220	0.492026	10.614220	5.100593	-27.812952	22.899743	27.812952	-46.440639	3.763031	
23	2.028198	-3.929608	2.370677	-11.107962	0.595835	11.107962	6.009118	-26.858680	20.643583	26.858680	-43.353143	3.767256	
24	2.092213	-3.746610	2.337423	-11.477939	0.718141	11.477939	6.692366	-25.909605	18.471375	25.909605	-40.357795	3.769263	
25	2.154554	-3.551630	2.305410	-11.740539	0.875466	11.740539	7.082125	-24.997158	16.434906	24.997158	-37.471167	3.768899	
26	2.212955	-3.353431	2.274580	-11.806004	1.076485	11.806004	7.179007	-24.120714	14.593136	24.120714	-34.716936	3.766209	
27	2.267128	-3.155046	2.244809	-11.563454	1.310116	11.563454	7.041304	-23.266586	12.986528	23.266586	-32.115583	3.761394	
28	2.316507	-2.959971	2.215904	-10.975909	1.549660	10.975909	6.759265	-22.451728	11.624209	22.451728	-29.671456	3.754723	
29	2.353808	-2.777478	2.187698	-10.039416	1.763585	10.039416	6.450674	-21.699711	10.461676	21.699711	-27.331147	3.746425	
30	2.367206	-2.617200	2.160200	-8.826977	1.928772	8.826977	6.209542	-21.006849	9.424279	21.006849	-25.004434	3.736525	
31	2.351700	-2.484943	2.133563	-7.471541	2.039486	7.471541	6.046838	-20.342612	8.473368	20.342612	-22.652188	3.724799	
32	2.309571	-2.380149	2.107905	-6.028856	2.092462	6.028856	5.958784	-19.672087	7.602702	19.672087	-20.285614	3.710953	
33	2.241080	-2.300588	2.083325	-4.506451	2.074418	4.506451	6.010624	-18.992599	6.785039	18.992599	-17.901706	3.694841	
34	2.145817	-2.247795	2.059986	-2.989633	1.978146	2.989633	6.240019	-18.315958	5.985327	18.315958	-15.496648	3.676492	
35	2.028220	-2.224098	2.038044	-1.584660	1.809477	1.584660	6.606665	-17.630933	5.192375	17.630933	-13.095552	3.655935	
36	1.892072	-2.230996	2.017639	-0.274018	1.569748	0.274018	7.126602	-16.921393	4.389247	16.921393	-10.711712	3.633097	
37	1.737574	-2.266476	1.998984	1.031479	1.248884	-1.031479	7.879253	-16.197132	3.544491	16.197132	-8.338848	3.607897	
38	1.565675	-2.321451	1.982315	2.349199	0.838805	-2.349199	8.886480	-15.485313	2.639003	15.485313	-5.985977	3.580425	
39	1.379328	-2.383645	1.967779	3.654709	0.346049	-3.654709	10.098583	-14.785759	1.666364	14.785759	-3.679592	3.550932	
40	1.182989	-2.441841	1.955419	4.962532	-0.213292	-4.962532	11.466592	-14.077371	0.624659	14.077371	-1.454897	3.519665	
41	0.982258	-2.491483	1.945163	6.270519	-0.820428	-6.270519	12.988769	-13.376252	-0.480503	13.376252	0.650421	3.486787	
42	0.783993	-2.538098	1.936822	7.528285	-1.448702	-7.528285	14.672723	-12.727404	-1.628417	12.727404	2.602765	3.452405	
43	0.596286	-2.586968	1.930158	8.704602	-2.067799	-8.704602	16.478969	-12.153440	-2.784629	12.153440	4.375266	3.416607	
44	0.426586	-2.636303	1.924957	9.793159	-2.656410	-9.793159	18.341178	-11.649741	-3.917794	11.649741	5.953567	3.379485	
45	0.279418	-2.681234	1.921049	10.789308	-3.204767	-10.789308	20.220137	-11.214912	-5.012134	11.214912	7.340352	3.341131	
46	0.157141	-2.715021	1.918332	11.675650	-3.702614	-11.675650	22.080521	-10.859110	-6.054083	10.859110	8.542990	3.301589	
47	0.064663	-2.728829	1.916725	12.391658	-4.126572	-12.391658	23.819969	-10.578915	-7.006174	10.578915	9.549352	3.260904	
48	0.009249	-2.716068	1.916068	12.874087	-4.453024	-12.874087	25.327387	-10.361698	-7.816663	10.361698	10.332809	3.219203	
49	-0.006288	-2.676712	1.916117	13.133611	-4.678076	-13.133611	26.600828	-10.209596	-8.460527	10.209596	10.885789	3.176713	
50	0.016287	-2.620699	1.916636	13.252063	-4.811680	-13.252063	27.713520	-10.123277	-8.950058	10.123277	11.228112	3.133722	
51	0.076362	-2.568140	1.917506	13.321498	-4.866087	-13.321498	28.729750	-10.088645	-9.315919	10.088645	11.389939	3.090469	
52	0.172308	-2.525867	1.918739	13.388463	-4.853095	-13.388463	29.671859	-10.087849	-9.594863	10.087849	11.399595	3.046960	
53	0.297726	-2.466671	1.920321	13.417384	-4.779533	-13.417384	30.483083	-10.106321	-9.807328	10.106321	11.267125	3.002964	
54	0.447530	-2.355697	1.922042	13.336368	-4.649625	-13.336368	31.052865	-10.140894	-9.935347	10.140894	10.974704	2.958259	
55	0.622234	-2.186774	1.923473	13.115597	-4.468137	-13.115597	31.318862	-10.202366	-9.945220	10.202366	10.504992	2.912807	
56	0.824805	-1.984882	1.924138	12.792010	-4.233277	-12.792010	31.322258	-10.301103	-9.823863	10.301103	9.871498	2.866719	
57	1.055980	-1.775754	1.923705	12.425669	-3.938895	-12.425669	31.138832	-10.432232	-9.585024	10.432232	9.111526	2.820075	
58	1.309848	-1.554629	1.921946	11.967967	-3.586342	-11.967967	30.742680	-10.580074	-9.249751	10.580074	8.262400	2.772798	
59	1.577945	-1.303737	1.918568	11.290263	-3.193346	-11.290263	30.040180	-10.736085	-8.834654	10.736085	7.358519	2.724846	
60	1.853330	-1.027046	1.913326	10.377604	-2.794638	-10.377604	29.046770	-10.905625	-8.375705	10.905625	6.462642	2.676401	
61	2.125423	-0.738832	1.906230	9.274516	-2.428122	-9.274516	27.831292	-11.086752	-7.924976	11.086752	5.663186	2.627716	
62	2.383760	-0.437276	1.897444	7.932167	-2.117645	-7.932167	26.333677	-11.251657	-7.497193	11.251657	5.009385	2.578886	
63	2.627616	-0.113768	1.887015	6.324553	-1.866624	-6.324553	24.448966	-11.365992	-7.064257	11.365992	4.496172	2.529881	
64	2.864075	0.218529	1.874927	4.612929	-1.662048	-4.612929	22.277889	-11.419913	-6.613657	11.419913	4.127500	2.480626	
65	3.099073	0.527549	1.861384	3.036419	-1.485750	-3.036419	20.128045	-11.430570	-6.177295	11.430570	3.946359	2.431035	
66	3.330510	0.797296	1.846873	1.675866	-1.330590	-1.675866	18.217270	-11.415817	-5.802864	11.415817	3.998784	2.381019	
67	3.549796	1.037476	1.831960	0.437369	-1.202302	-0.437369	16.539556	-11.376609	-5.525162	11.376609	4.300538	2.330478	
68	3.751061	1.259802	1.817148	-0.780566	-1.101198	0.780566	15.025550	-11.304949	-5.360932	11.304949	4.836834	2.279395	
69	3.934604	1.460884	1.802880	-2.001526	-1.014485	2.001526	13.693001	-11.200888	-5.322003	11.200888	5.587227	2.227920	
70	4.100092	1.625274	1.789638	-3.180885	-0.931521	3.180885	12.631320	-11.078435	-5.424080	11.078435	6.545399	2.176233	
71	4.243893	1.743446	1.778048	-4.262012	-0.850564	4.262012	11.853333	-10.947957	-5.655104	10.947957	7.695991	2.124403	
72	4.365616	1.827202	1.768799	-5.285991	-0.767247	5.285991	11.205808	-10.798772	-5.953335	10.798772	8.986226	2.072432	
73	4.468433	1.900432	1.762395	-6.387719	-0.673710	6.387719	10.485762	-10.608022	-6.250304	10.608022	10.341856	2.020298	
74	4.551507	1.972248	1.759014	-7.607625	-0.569036	7.607625	9.647679	-10.366818	-6.526080	10.366818	11.705522	1.967986	
75	4.610063	2.029206	1.758690	-8.801044	-0.458853	8.801044	8.827012	-10.092583	-6.803813	10.092583	13.050958	1.915519	
76	4.640762	2.056485	1.761514	-9.745934	-0.348798	9.745934	8.147364	-9.810132	-7.094162	9.810132	14.358778	1.862939	
77	4.641909	2.050826	1.767536	-10.217055	-0.242258	10.217055	7.624768	-9.534301	-7.367353	9.534301	15.594037	1.810332	
78	4.611791	2.018669	1.776614	-10.093535	-0.138223	10.093535	7.188150	-9.266303	-7.564301	9.266303	16.701915	1.757895	
79	4.548643	1.973199	1.788336	-9.469767	-0.032209	9.469767	6.723137	-8.997089	-7.627592	8.997089	17.616984	1.705915	
80	4.450004	1.919092	1.802029	-8.484256	0.074924	8.484256	6.195884	-8.731935	-7.546146	8.731935	18.303817	1.654693	
81	4.311976	1.846649	1.816990	-7.229858	0.173270	7.229858	5.651480	-8.492977	-7.346821	8.492977	18.766610	1.604507	
82	4.132246	1.742481	1.832665	-5.773059	0.251267	5.773059	5.163083	-8.293154	-7.054343	8.293154	19.014000	1.555527	
83	3.911576	1.596903	1.848636	-4.091573	0.301928	4.091573	4.826744	-8.130336	-6.684737	8.130336	19.047085	1.507775	
84	3.649012	1.414767	1.864509	-2.310836	0.321375	2.310836	4.612995	-7.987469	-6.247310	7.987469	18.845537	1.461257	
85	3.340667	1.209551	1.879712	-0.770131	0.303411	0.770131	4.391755	-7.843609	-5.763070	7.843609	18.377156	1.416113	
86	2.983982	0.983331	1.893527	0.308359	0.239062	-0.308359	4.138599	-7.692705	-5.282083	7.692705	17.643383	1.372579	
87	2.581008	0.726749	1.905317	0.935770	0.121753	-0.935770	3.919377	-7.535698	-4.860144	7.535698	16.683311	1.330798	
88	2.137814	0.431120	1.914672	1.256581	-0.049096	-1.256581	3.807004	-7.370235	-4.537673	7.370235	15.556304	1.290776	
89	1.661522	0.095112	1.921371	1.430472	-0.268685	-1.430472	3.887633	-7.195014	-4.346890	7.195014	14.338230	1.252520	
90	1.158231	-0.279982	1.925287	1.570009	-0.531252	-1.570009	4.232101	-7.013069	-4.315434	7.013069	13.106590	1.216114	
91	0.629551	-0.692119	1.926293	1.724538	-0.835347	-1.724538	4.841060	-6.819029	-4.454127	6.819029	11.898754	1.181617	
92	0.078258	-1.127392	1.924121	1.873316	-1.178169	-1.873316	5.639465	-6.582771	-4.750207	6.582771	10.710644	1.149041	
93	-0.477387	-1.569387	1.918429	2.027009	-1.543136	-2.027009	6.575889	-6.285606	-5.189212	6.285606	9.606210	1.118490	
94	-1.008186	-2.023030	1.909320	2.289866	-1.899379	-2.289866	7.726642	-5.963893	-5.781598	5.963893	8.768996	1.090159	
95	-1.490930	-2.493567	1.897651	2.693486	-2.214021	-2.693486	9.172246	-5.659962	-6.541658	5.659962	8.351125	1.064264	
96	-1.911551	-2.959636	1.884601	3.118166	-2.461646	-3.118166	10.866382	-5.374839	-7.463286	5.374839	8.380538	1.041011	
97	-2.261270	-3.388278	1.871151	3.419055	-2.628391	-3.419055	12.688376	-5.095339	-8.528031	5.095339	8.830475	1.020533	
98	-2.535458	-3.741080	1.857937	3.435364	-2.719330	-3.435364	14.431430	-4.803694	-9.683686	4.803694	9.615996	1.002870	
99	-2.727646	-3.981305	1.845234	3.027016	-2.749241	-3.027016	15.842437	-4.488337	-10.817836	4.488337	10.587100	0.988024	
100	-2.823818	-4.099776	1.833253	2.245174	-2.715850	-2.245174	16.807513	-4.179918	-11.794392	4.179918	11.626925	0.976000	
101	-2.810174	-4.114071	1.822611	1.241538	-2.599601	-1.241538	17.368807	-3.941748	-12.518194	3.941748	12.694942	0.966793	
102	-2.683324	-4.039366	1.814321	0.042420	-2.392325	-0.042420	17.549401	-3.822327	-12.948556	3.822327	13.762515	0.960359	
103	-2.451980	-3.874251	1.809367	-1.403156	-2.111112	1.403156	17.281048	-3.833073	-13.073174	3.833073	14.763044	0.956596	
104	-2.136177	-3.622983	1.808460	-3.124325	-1.785028	3.124325	16.534004	-3.972394	-12.918310	3.972394	15.647054	0.955360	
105	-1.764626	-3.312660	1.812126	-5.166469	-1.442643	5.166469	15.415164	-4.243100	-12.571294	4.243100	16.436423	0.956464	
106	-1.369668	-2.983233	1.820874	-7.542849	-1.107011	7.542849	14.132053	-4.637118	-12.166669	4.637118	17.200979	0.959613	
107	-0.982668	-2.670934	1.835181	-10.134397	-0.792321	10.134397	12.913991	-5.122938	-11.848707	5.122938	18.013664	0.964476	
108	-0.633401	-2.398343	1.855330	-12.666189	-0.510155	12.666189	11.924984	-5.642685	-11.726023	5.642685	18.900166	0.970838	
109	-0.349583	-2.183446	1.881276	-14.797091	-0.270402	14.797091	11.275387	-6.128905	-11.863617	6.128905	19.860832	0.978575	
110	-0.154121	-2.042425	1.912646	-16.339921	-0.075001	16.339921	11.055384	-6.519625	-12.309430	6.519625	20.927776	0.987560	
111	-0.063001	-1.992259	1.948785	-17.230923	0.081115	17.230923	11.375181	-6.766967	-13.120320	6.766967	22.184570	0.997665	
112	-0.084507	-2.065463	1.988970	-17.284418	0.205613	17.284418	12.450975	-6.852582	-14.369346	6.852582	23.755922	1.008802	
113	-0.227225	-2.286504	2.032621	-16.271135	0.304507	16.271135	14.396614	-6.729779	-16.044748	6.729779	25.603059	1.020884	
114	-0.497167	-2.643935	2.079090	-14.024741	0.385200	14.024741	17.049901	-6.296578	-17.974454	6.296578	27.419007	1.033803	
115	-0.881139	-3.102876	2.127453	-10.480046	0.457670	10.480046	20.165346	-5.482866	-19.971557	5.482866	28.926687	1.047457	
116	-1.352565	-3.613454	2.176450	-5.939777	0.529069	5.939777	23.412730	-4.254868	-21.925981	4.254868	29.994790	1.061788	
117	-1.883265	-4.114865	2.224400	-1.058130	0.606653	1.058130	26.328181	-2.582928	-23.715798	2.582928	30.459191	1.076791	
118	-2.443179	-4.555175	2.269307	3.567729	0.701456	-3.567729	28.534715	-0.488611	-25.205035	0.488611	30.146664	1.092458	
119	-2.999062	-4.905803	2.309225	7.605845	0.821533	-7.605845	29.920821	1.912934	-26.312228	-1.912934	29.016946	1.108723	
120	-3.514280	-5.158513	2.342654	10.888760	0.963577	-10.888760	30.612145	4.426738	-27.006663	-4.426738	27.170841	1.125478	
121	-3.957716	-5.309733	2.368716	13.368300	1.119771	-13.368300	30.721696	6.873229	-27.281134	-6.873229	24.771673	1.142656	
122	-4.309091	-5.349672	2.386944	15.185229	1.284783	-15.185229	30.212442	9.137577	-27.135096	-9.137577	22.000363	1.160248	
123	-4.555770	-5.270942	2.397050	16.448134	1.447160	-16.448134	29.010030	11.124214	-26.555108	-11.124214	19.030968	1.178211	
124	-4.696288	-5.082051	2.398969	17.053531	1.592092	-17.053531	27.090230	12.763443	-25.536023	-12.763443	16.012519	1.196438	
125	-4.743175	-4.808249	2.392965	16.989046	1.711894	-16.989046	24.544507	14.043063	-24.127886	-14.043063	13.085469	1.214829	
126	-4.721089	-4.479631	2.379628	16.408744	1.804205	-16.408744	21.542145	15.012868	-22.400726	-15.012868	10.308029	1.233339	
127	-4.656501	-4.123835	2.359771	15.338244	1.867980	-15.338244	18.270118	15.735275	-20.432893	-15.735275	7.691642	1.251962	
128	-4.562004	-3.765456	2.334310	13.632143	1.904140	-13.632143	14.954171	16.214145	-18.406733	-16.214145	5.434832	1.270673	
129	-4.444962	-3.411388	2.304021	11.175257	1.928786	-11.175257	11.605470	16.502759	-16.516679	-16.502759	3.758083	1.289391	
130	-4.324198	-3.041519	2.269141	8.129731	1.983041	-8.129731	7.831230	16.834318	-14.722516	-16.834318	2.507847	1.307987	
131	-4.221219	-2.646127	2.229356	5.034991	2.108025	-5.034991	3.395930	17.451353	-12.861036	-17.451353	1.379144	1.326323	
132	-4.148152	-2.281560	2.184600	2.440832	2.299704	-2.440832	-1.022350	18.327313	-11.031903	-18.327313	0.451399	1.344254	
133	-4.107732	-2.030944	2.135853	0.442605	2.513988	-0.442605	-4.397444	19.240122	-9.532207	-19.240122	0.048260	1.361638	
134	-4.095397	-1.899115	2.084725	-1.283804	2.736493	1.283804	-6.690630	20.092100	-8.450981	-20.092100	0.226087	1.378409	
135	-4.103840	-1.829408	2.032450	-3.176263	2.991259	3.176263	-8.576198	20.914659	-7.669863	-20.914659	0.819652	1.394585	
136	-4.126330	-1.794476	1.979757	-5.450442	3.279039	5.450442	-10.328440	21.700112	-7.088712	-21.700112	1.721446	1.410190	
137	-4.158936	-1.798294	1.927287	-7.950609	3.578825	7.950609	-11.871178	22.449874	-6.656303	-22.449874	2.875699	1.425195	
138	-4.204138	-1.840085	1.875653	-10.350812	3.877041	10.350812	-13.184401	23.226005	-6.342171	-23.226005	4.225560	1.439565	
139	-4.266622	-1.912530	1.825305	-12.306905	4.158700	12.306905	-14.246242	24.085003	-6.131398	-24.085003	5.729374	1.453344	
140	-4.349126	-2.013041	1.776533	-13.450570	4.406381	13.450570	-14.969078	25.057628	-6.031503	-25.057628	7.375560	1.466650	
141	-4.455022	-2.142848	1.729511	-13.434852	4.609752	13.434852	-15.274487	26.188122	-6.060677	-26.188122	9.164024	1.479602	
142	-4.583326	-2.288628	1.684257	-12.017840	4.771978	12.017840	-15.214109	27.527989	-6.171603	-27.527989	11.031804	1.492277	
143	-4.724542	-2.419096	1.640532	-9.119767	4.915950	9.119767	-15.011296	29.104978	-6.256812	-29.104978	12.860929	1.504758	
144	-4.869324	-2.508698	1.597820	-4.831926	5.074176	4.831926	-14.908236	30.942080	-6.255799	-30.942080	14.585082	1.517166	
145	-5.013876	-2.548628	1.555451	0.566226	5.275955	-0.566226	-15.057180	33.075574	-6.172580	-33.075574	16.207263	1.529629	
146	-5.155461	-2.540936	1.512795	6.551249	5.541767	-6.551249	-15.522957	35.504714	-6.049755	-35.504714	17.767676	1.542275	
147	-5.285931	-2.496929	1.469509	12.383099	5.863040	-12.383099	-16.194849	38.107215	-5.981773	-38.107215	19.338367	1.555229	
148	-5.388202	-2.425987	1.425801	17.278524	6.199553	-17.278524	-16.844504	40.640779	-6.050164	-40.640779	20.951929	1.568620	
149	-5.437896	-2.319312	1.382382	20.619271	6.513985	-20.619271	-17.370585	42.836717	-6.227045	-42.836717	22.523164	1.582562	
150	-5.410822	-2.158145	1.340186	22.076216	6.787996	-22.076216	-17.822498	44.479271	-6.398808	-44.479271	23.894415	1.597108	
151	-5.291485	-1.927418	1.300092	21.630738	7.015615	-21.630738	-18.290842	45.449134	-6.427486	-45.449134	24.920107	1.612231	
152	-5.075326	-1.611339	1.262650	19.543692	7.210810	-19.543692	-18.909065	45.737284	-6.148968	-45.737284	25.488373	1.627864	
153	-4.767136	-1.198810	1.227975	16.269248	7.403862	-16.269248	-19.843985	45.413604	-5.414229	-45.413604	25.556699	1.643913	
154	-4.370848	-0.691596	1.196025	12.265259	7.609012	-12.265259	-21.255729	44.507080	-4.122113	-44.507080	25.120008	1.660248	
155	-3.877722	-0.091366	1.166811	7.849979	7.804946	-7.849979	-23.263446	42.918790	-2.156795	-42.918790	24.081378	1.676731	
156	-3.285498	0.594870	1.140345	3.206944	7.964575	-3.206944	-25.937153	40.627568	0.528266	-40.627568	22.370254	1.693254	
157	-2.623909	1.330964	1.116967	-1.629583	8.099773	1.629583	-29.349575	37.885916	3.726898	-37.885916	20.171560	1.709744	
158	-1.924998	2.074015	1.097836	-6.801792	8.236704	6.801792	-33.529415	34.893264	7.138485	-34.893264	17.665709	1.726169	
159	-1.172920	2.827960	1.084323	-12.514815	8.355436	12.514815	-38.350348	31.409005	10.722420	-31.409005	14.578140	1.742538	
160	-0.317667	3.637927	1.076617	-18.913472	8.408318	18.913472	-43.550640	26.983879	14.621748	-26.983879	10.357436	1.758880	
161	0.670199	4.531456	1.073363	-26.072150	8.381475	26.072150	-48.790109	21.409664	18.765916	-21.409664	4.716797	1.775253	
162	1.779357	5.494516	1.072438	-34.013962	8.306858	34.013962	-53.607966	14.782680	22.745547	-14.782680	-2.189691	1.791751	
163	2.970256	6.486660	1.071762	-42.755708	8.236875	42.755708	-57.392095	7.337727	25.958083	-7.337727	-9.903857	1.808482	
164	4.191340	7.457892	1.069919	-52.285395	8.207811	52.285395	-59.425263	-0.635919	27.787982	0.635919	-17.837466	1.825577	
165	5.393268	8.361777	1.066660	-62.446401	8.209189	62.446401	-58.934842	-8.850711	27.755145	8.850711	-25.409937	1.843182	
166	6.529287	9.153050	1.063092	-72.863223	8.202351	72.863223	-55.225018	-17.066509	25.555287	17.066509	-32.092137	1.861456	
167	7.551177	9.782626	1.061502	-82.985912	8.158769	82.985912	-47.884407	-25.104522	21.091390	25.104522	-37.458046	1.880572	
168	8.422767	10.212169	1.064767	-92.267791	8.044698	92.267791	-36.892132	-32.941298	14.569325	32.941298	-41.307577	1.900738	
169	9.124933	10.423969	1.075583	-100.190839	7.802832	100.190839	-22.651101	-40.670835	6.495296	40.670835	-43.639808	1.922232	
170	9.645325	10.418689	1.095946	-106.201207	7.375485	106.201207	-5.974727	-48.319274	-2.422787	48.319274	-44.525121	1.945397	
171	9.984589	10.219132	1.126908	-109.851426	6.717417	109.851426	12.042219	-55.825972	-11.395705	55.825972	-44.075778	1.970616	
172	10.162501	9.871600	1.168614	-110.870353	5.806583	110.870353	30.202940	-63.080857	-19.710478	63.080857	-42.406963	1.998298	
173	10.207153	9.429913	1.220679	-109.298862	4.662319	109.298862	47.380514	-69.957597	-26.843995	69.957597	-39.627945	2.028918	
174	10.150224	8.934102	1.282492	-105.812018	3.322768	105.812018	62.617047	-76.432082	-32.475875	76.432082	-35.942500	2.063029	
175	10.028634	8.409283	1.353353	-101.672072	1.803567	101.672072	75.119570	-82.566555	-36.467958	82.566555	-31.644609	2.101205	
176	9.875637	7.873690	1.432557	-98.333738	0.112358	98.333738	84.277329	-88.387553	-38.826153	88.387553	-27.021365	2.143911	
177	9.716107	7.339259	1.519428	-97.082785	-1.705247	97.082785	89.775401	-93.960929	-39.638134	93.960929	-22.339030	2.191409	
178	9.574087	6.816316	1.613468	-98.883353	-3.561730	98.883353	91.717726	-99.483151	-39.047041	99.483151	-17.806622	2.243771	
179	9.465522	6.312688	1.714521	-104.347731	-5.355507	104.347731	90.583937	-105.181798	-37.191357	105.181798	-13.526288	2.300875	
180	9.386559	5.826200	1.822640	-113.591886	-6.998776	113.591886	87.004917	-111.224359	-34.136984	111.224359	-9.524132	2.362375	
181	9.326904	5.354040	1.937879	-126.102171	-8.430987	126.102171	81.585615	-117.644827	-29.981075	117.644827	-5.721985	2.427721	
182	9.282769	4.899790	2.060240	-140.786073	-9.625528	140.786073	74.832668	-124.244204	-24.952761	124.244204	-1.915141	2.496285	
183	9.249165	4.459878	2.189529	-156.238269	-10.607849	156.238269	67.037302	-130.652933	-19.308740	130.652933	2.077716	2.567456	
184	9.208950	4.015010	2.325205	-171.054910	-11.440919	171.054910	58.224508	-136.549107	-13.184417	136.549107	6.244034	2.640620	
185	9.125757	3.533650	2.466411	-183.940149	-12.185947	183.940149	48.317503	-141.778476	-6.532648	141.778476	10.311737	2.715177	
186	8.950113	2.981264	2.611916	-193.832262	-12.899525	193.832262	37.339877	-146.284874	0.793493	146.284874	13.806255	2.790626	
187	8.643991	2.336648	2.759858	-200.109232	-13.633227	200.109232	25.466064	-149.986103	8.823869	149.986103	16.263822	2.866590	
188	8.199618	1.599464	2.907818	-202.615224	-14.425858	202.615224	12.924957	-152.755168	17.369148	152.755168	17.425873	2.942838	
189	7.631733	0.777638	3.053349	-201.688572	-15.330881	201.688572	-0.123644	-154.545826	26.198384	154.545826	17.211505	3.019268	
190	6.954503	-0.127749	3.194359	-198.067283	-16.431459	198.067283	-13.601720	-155.463630	35.241612	155.463630	15.572866	3.095825	
191	6.180483	-1.116280	3.329081	-192.479290	-17.797958	192.479290	-27.415318	-155.654774	44.488617	155.654774	12.558879	3.172478	
192	5.340649	-2.171657	3.456258	-185.456766	-19.441039	185.456766	-41.333148	-155.255048	53.766600	155.255048	8.553353	3.249323	
193	4.479795	-3.266118	3.575626	-177.463825	-21.314665	177.463825	-54.958671	-154.489526	62.776682	154.489526	4.229415	3.326591	
194	3.631452	-4.376690	3.688114	-168.878753	-23.344245	168.878753	-67.819838	-153.653533	71.255830	153.653533	0.255861	3.404506	
195	2.809655	-5.492486	3.795570	-159.821587	-25.467113	159.821587	-79.527130	-152.945163	79.005172	152.945163	-2.848138	3.483255	
196	2.020349	-6.617638	3.900306	-150.030971	-27.681119	150.030971	-89.930985	-152.367339	85.836906	152.367339	-4.647880	3.563012	
197	1.272628	-7.761404	4.004932	-139.122226	-30.002174	139.122226	-98.925508	-151.812142	91.484047	151.812142	-4.670675	3.643840	
198	0.572102	-8.924532	4.112428	-127.107409	-32.388964	127.107409	-106.103407	-151.210299	95.572035	151.210299	-2.479661	3.725574	
199	-0.086159	-10.095820	4.225853	-114.493108	-34.760041	114.493108	-110.720099	-150.562268	97.654308	150.562268	2.179907	3.807886	
200	-0.705454	-11.236970	4.347925	-102.106609	-37.002355	102.106609	-111.743066	-149.918724	97.207514	149.918724	9.435984	3.890383	
201	-1.284100	-12.285035	4.480863	-90.894799	-38.983598	90.894799	-108.230119	-149.290778	93.802872	149.290778	19.239152	3.972501	
202	-1.823614	-13.191148	4.626019	-81.559302	-40.645693	81.559302	-99.926616	-148.513855	87.343268	148.513855	31.231270	4.053458	
203	-2.326905	-13.934499	4.783523	-74.408857	-42.029306	74.408857	-87.240209	-147.308363	78.030575	147.308363	44.838756	4.132448	
204	-2.800698	-14.506957	4.952317	-69.473969	-43.176554	69.473969	-70.906816	-145.354588	66.264124	145.354588	59.303750	4.208773	
205	-3.266361	-14.915997	5.130003	-66.379628	-44.094765	66.379628	-51.910701	-142.169521	52.622869	142.169521	73.547740	4.281762	
206	-3.762230	-15.192296	5.312516	-64.288523	-44.793242	64.288523	-31.318005	-137.100966	37.784084	137.100966	86.141884	4.350706	
207	-4.335000	-15.373000	5.494201	-62.415574	-45.253639	62.415574	-10.034798	-129.569190	22.420480	129.569190	95.441860	4.414874	
208	-5.029112	-15.485224	5.668249	-60.407718	-45.418056	60.407718	11.141809	-119.212378	7.207101	119.212378	99.804936	4.473532	
209	-5.878431	-15.548860	5.827148	-58.205369	-45.270072	58.205369	31.381824	-105.886891	-7.124139	105.886891	97.857748	4.526087	
210	-6.904590	-15.591650	5.963296	-55.746238	-44.942382	55.746238	49.855522	-89.723543	-19.776344	89.723543	88.754268	4.572220	
211	-8.122166	-15.664815	6.069869	-52.482794	-44.850029	52.482794	66.025978	-71.175914	-29.970261	71.175914	72.385031	4.611877	
212	-9.535968	-15.836902	6.141551	-46.859430	-45.806441	46.859430	80.086727	-50.973514	-37.107920	50.973514	49.578100	4.645322	
213	-11.129528	-16.165081	6.174896	-36.231024	-49.053870	36.231024	93.127359	-29.980692	-40.916339	29.980692	22.115867	4.673235	
214	-12.856419	-16.665189	6.168571	-17.681135	-56.148971	17.681135	106.802137	-9.048843	-41.516537	9.048843	-7.520090	4.696540	
215	-14.639897	-17.302152	6.123506	10.538504	-68.689608	-10.538504	122.837402	11.003586	-39.455815	-11.003586	-36.444219	4.716127	
216	-16.379572	-18.001983	6.042932	47.855584	-88.037185	-47.855584	142.748754	29.291310	-35.709321	-29.291310	-61.623299	4.732754	
217	-17.957233	-18.661463	5.932428	90.875197	-115.057897	-90.875197	167.468386	44.817336	-31.532901	-44.817336	-80.260543	4.747037	
218	-19.251683	-19.158385	5.799755	133.885919	-149.831689	-133.885919	196.819452	56.646561	-28.050207	-56.646561	-90.520432	4.759306	
219	-20.164193	-19.374846	5.653985	170.218887	-191.548063	-170.218887	229.366128	64.070618	-25.764408	-64.070618	-92.160342	4.769592	
220	-20.632964	-19.215326	5.504268	193.834035	-238.646474	-193.834035	262.665311	66.584904	-24.246310	-66.584904	-86.609042	4.777852	
221	-20.629352	-18.614147	5.358898	200.784748	-289.161195	-200.784748	293.744766	63.785756	-22.133817	-63.785756	-76.539984	4.784054	
222	-20.148026	-17.553108	5.224579	189.797262	-341.369530	-189.797262	320.061361	55.186159	-17.666593	-55.186159	-64.968522	4.788207	
223	-19.207888	-16.078726	5.105856	161.967856	-394.192807	-161.967856	340.581257	40.222755	-9.481016	-40.222755	-54.486452	4.790430	
224	-17.859496	-14.287709	5.004885	119.871328	-447.005613	-119.871328	356.067996	18.442183	2.822604	-18.442183	-46.900463	4.790823	
225	-16.186328	-12.291002	4.921406	66.754524	-499.238532	-66.754524	368.350875	-10.306664	18.769783	10.306664	-43.333559	4.789344	
226	-14.290812	-10.182970	4.852929	6.610923	-549.817340	-6.610923	378.974724	-45.390543	37.989542	45.390543	-44.983673	4.785779	
227	-12.267644	-8.031904	4.795204	-56.601785	-597.061985	56.601785	388.514180	-85.336867	60.690427	85.336867	-53.185245	4.779746	
228	-10.191540	-5.884292	4.742771	-121.247123	-639.366496	121.247123	396.944392	-128.749598	86.950825	128.749598	-68.483473	4.770753	
229	-8.121322	-3.763514	4.689350	-188.634405	-675.605251	188.634405	403.900107	-175.036233	116.491570	175.036233	-90.503676	4.758201	
230	-6.099139	-1.676962	4.628154	-260.979108	-705.204945	260.979108	409.080481	-224.355719	149.138427	224.355719	-118.579948	4.741309	
231	-4.150356	0.365176	4.552324	-339.646784	-728.343648	339.646784	413.021265	-277.357954	184.755950	277.357954	-151.900305	4.719179	
232	-2.293940	2.342018	4.455416	-424.880017	-745.766852	424.880017	417.083952	-334.882430	222.773773	334.882430	-189.220510	4.690920	
233	-0.549846	4.225046	4.331854	-515.858724	-758.372160	515.858724	422.940494	-397.544081	261.990364	397.544081	-228.752511	4.655686	
234	1.078709	5.996127	4.177518	-611.359805	-767.286269	611.359805	432.213121	-465.840966	301.100797	465.840966	-268.773775	4.612650	
235	2.632937	7.676852	3.990388	-711.186058	-774.128410	711.186058	445.893676	-540.994040	339.614564	540.994040	-308.641936	4.561007	
236	4.186092	9.316883	3.771005	-816.516673	-780.900411	816.516673	464.356050	-625.004841	377.843690	625.004841	-348.766655	4.500034	
237	5.803481	10.946061	3.522794	-928.561275	-789.406453	928.561275	487.958355	-719.331580	416.090325	719.331580	-389.687449	4.429174	
238	7.520219	12.554271	3.252357	-1047.252002	-800.690071	1047.252002	516.911358	-823.887002	454.188587	823.887002	-431.518886	4.348100	
239	9.332538	14.103185	2.969659	-1171.626520	-815.234599	1171.626520	551.079833	-937.258575	491.363471	937.258575	-473.715243	4.256751	
240	11.207848	15.549842	2.688211	-1300.921972	-833.385197	1300.921972	590.077803	-1057.425585	526.618342	1057.425585	-515.395820	4.155363	
241	13.111288	16.865819	2.425298	-1434.043771	-855.069362	1434.043771	632.926855	-1182.182045	559.537437	1182.182045	-556.146767	4.044444	
242	15.014074	18.033655	2.201852	-1567.848427	-879.302118	1567.848427	677.765942	-1309.194040	590.405292	1309.194040	-596.128913	3.924794	
243	16.895964	19.046681	2.041011	-1696.915063	-904.250595	1696.915063	721.968416	-1436.431370	620.124639	1436.431370	-635.949428	3.797462	
244	18.746113	19.920138	1.963858	-1815.199532	-927.680145	1815.199532	762.414370	-1562.556329	650.270489	1562.556329	-676.625831	3.663452	
245	20.553298	20.689207	1.982416	-1917.338701	-947.292403	1917.338701	795.760947	-1686.757349	682.728552	1686.757349	-719.204529	3.523584	
246	22.313530	21.405351	2.094939	-1998.761591	-960.963099	1998.761591	818.625858	-1809.221341	719.529223	1809.221341	-764.765103	3.378626	
247	24.033038	22.130506	2.289061	-2055.977292	-967.040154	2055.977292	827.919304	-1931.304960	762.746062	1931.304960	-814.453274	3.229329	
248	25.713858	22.925475	2.549720	-2087.930928	-964.706937	2087.930928	821.292531	-2054.655570	814.126320	2054.655570	-869.162000	3.076341	
249	27.357031	23.849605	2.864933	-2096.353578	-954.250492	2096.353578	797.317781	-2181.322546	875.039056	2181.322546	-929.624626	2.920245	
250	28.966599	24.956916	3.227458	-2083.784427	-936.805825	2083.784427	755.353857	-2313.628040	946.161449	2313.628040	-996.272066	2.761607	
251	30.541853	26.280306	3.633822	-2051.680150	-913.833422	2051.680150	695.598690	-2452.702853	1026.791198	2452.702853	-1068.649096	2.600947	
252	32.081350	27.834576	4.082643	-2000.434496	-887.197574	2000.434496	619.696534	-2598.689141	1115.048793	2598.689141	-1145.592943	2.438728	
253	33.593547	29.635377	4.573348	-1930.750297	-859.428803	1930.750297	531.230273	-2751.870109	1208.523882	2751.870109	-1225.773152	2.275394	
254	35.103575	31.705515	5.105245	-1844.393226	-833.472057	1844.393226	435.580635	-2912.479028	1304.506512	2912.479028	-1307.831449	2.111472	
255	36.655424	34.069043	5.676731	-1743.470350	-812.221520	1743.470350	339.365418	-3080.186190	1400.224116	3080.186190	-1390.489167	1.947653	
256	38.283848	36.726194	6.284728	-1629.823368	-798.080883	1629.823368	250.020839	-3252.874917	1492.338894	3252.874917	-1471.877240	1.784763	
257	39.969088	39.630034	6.924474	-1505.957658	-792.819435	1505.957658	175.764538	-3425.019104	1575.642322	3425.019104	-1548.168082	1.623729	
258	41.639190	42.684224	7.589675	-1375.150313	-797.362471	1375.150313	124.849121	-3588.088995	1643.119055	3588.088995	-1613.575155	1.465629	
259	43.198226	45.738023	8.272977	-1238.786345	-810.601816	1238.786345	102.960673	-3731.394065	1687.182044	3731.394065	-1661.219811	1.311731	
260	44.549625	48.649363	8.966420	-1097.093793	-828.623396	1097.093793	109.524296	-3841.626673	1701.148390	3841.626673	-1684.382538	1.163520	
261	45.619624	51.353544	9.661582	-953.588993	-846.235452	953.588993	138.178923	-3903.873153	1680.277742	3903.873153	-1678.088553	1.022628	
262	46.346636	53.794451	10.349768	-813.892283	-858.742284	813.892283	181.531851	-3904.664089	1621.284173	3904.664089	-1639.153638	0.890669	
263	46.675863	55.881288	11.022753	-678.441492	-861.185490	678.441492	230.563419	-3834.378754	1522.688155	3834.378754	-1566.253163	0.769158	
264	46.624391	57.575776	11.673943	-535.849215	-846.947408	535.849215	269.935536	-3690.386672	1387.435433	3690.386672	-1462.126488	0.659669	
265	46.342380	58.966276	12.299339	-374.434522	-811.716686	374.434522	285.621035	-3480.933368	1223.970443	3480.933368	-1335.133682	0.564010	
266	46.035611	60.210165	12.897753	-207.614935	-759.967857	207.614935	281.151146	-3222.084347	1041.988157	3222.084347	-1196.175296	0.484051	
267	45.836972	61.388044	13.470504	-62.640521	-700.659605	62.640521	272.644513	-2930.170634	848.049637	2930.170634	-1054.520382	0.421413	
268	45.819139	62.481373	14.020986	53.277021	-638.220098	-53.277021	271.031457	-2620.905283	646.760374	2620.905283	-918.536168	0.377110	
269	46.066799	63.482535	14.553873	148.188241	-573.733712	-148.188241	283.093039	-2311.756692	442.189760	2311.756692	-797.430427	0.350866	
270	46.654522	64.410743	15.073923	226.644810	-509.015386	-226.644810	320.125506	-2019.641736	236.289660	2019.641736	-700.008237	0.340492	
271	47.602582	65.260359	15.584566	284.167246	-447.800324	-284.167246	400.006031	-1758.039188	28.403366	1758.039188	-633.997840	0.342244	
272	48.877159	66.012992	16.086820	305.781332	-397.345793	-305.781332	547.923252	-1536.922017	-184.232692	1536.922017	-606.047280	0.352043	
273	50.339443	66.612129	16.579149	282.139464	-366.023547	-282.139464	789.885071	-1362.173351	-406.708002	1362.173351	-618.522076	0.366604	
274	51.660712	66.846770	17.057477	232.482392	-357.467823	-232.482392	1139.646315	-1233.154420	-642.521828	1233.154420	-667.638925	0.383814	
275	52.340026	66.276356	17.512095	213.731960	-365.287951	-213.731960	1584.996652	-1136.943493	-883.383534	1136.943493	-749.763737	0.402529	
276	51.847929	64.308224	17.919117	323.301685	-367.364022	-323.301685	2075.712216	-1041.451444	-1100.996344	1041.451444	-869.761127	0.422320	
277	49.840173	60.403173	18.230350	668.017790	-325.444514	-668.017790	2523.342256	-897.336552	-1250.752237	897.336552	-1041.642597	0.443271	
278	46.369744	54.284058	18.370215	1268.361107	-195.121006	-1268.361107	2807.954705	-655.379523	-1290.348185	655.379523	-1277.103413	0.465756	
279	42.016300	46.083585	18.250955	1947.650300	50.759809	-1947.650300	2790.708106	-301.359878	-1206.127357	301.359878	-1552.643599	0.490366	
280	37.789529	36.337050	17.817190	2322.431111	385.193887	-2322.431111	2360.746304	107.417115	-1024.280772	-107.417115	-1764.880088	0.517960	
281	34.673246	25.730244	17.109378	2035.343243	712.401368	-2035.343243	1532.113342	453.835865	-789.218342	-453.835865	-1746.200681	0.549580	
282	33.063099	14.921640	16.294410	1127.819944	918.366758	-1127.819944	524.796317	643.850181	-541.416358	-643.850181	-1390.271883	0.586231	
283	32.651326	4.678381	15.608215	75.493669	947.778178	-75.493669	-315.678489	681.689953	-325.894407	-681.689953	-761.147516	0.628760	
284	32.814101	-4.036897	15.231778	-627.427331	822.414340	627.427331	-735.429450	650.843761	-193.208021	-650.843761	-37.287727	0.677889	
285	32.863361	-10.296810	15.198232	-802.903624	602.076760	802.903624	-698.440574	642.524184	-169.621284	-642.524184	611.118972	0.734220	
286	31.967314	-13.639333	15.399602	-560.234637	351.281705	560.234637	-353.868595	712.518842	-230.456353	-712.518842	1063.672161	0.798070	
287	29.490301	-14.408152	15.664414	-114.489481	126.659504	114.489481	72.742907	871.223311	-312.038389	-871.223311	1256.590379	0.869306	
288	25.799507	-13.607855	15.836459	355.791149	-37.312768	-355.791149	410.939410	1087.562109	-365.511629	-1087.562109	1222.288212	0.947229	
289	22.107743	-12.213522	15.818264	776.227579	-140.334321	-776.227579	619.193209	1315.364577	-397.723019	-1315.364577	1072.568878	1.030564	
290	18.852426	-10.867366	15.578359	1163.805876	-196.995334	-1163.805876	713.282955	1525.312165	-420.295521	-1525.312165	875.417372	1.117618	
291	15.287171	-10.299105	15.137321	1555.182909	-211.233856	-1555.182909	683.904343	1695.743297	-395.519989	-1695.743297	630.510011	1.206505	
292	10.981185	-11.045075	14.548063	1956.440522	-186.233633	-1956.440522	546.474871	1799.623160	-296.714173	-1799.623160	362.141265	1.295338	
293	6.269337	-12.996637	13.877490	2329.216783	-132.983930	-2329.216783	357.791335	1822.922800	-148.438025	-1822.922800	120.895236	1.382414	
294	1.674792	-15.676239	13.191653	2597.128875	-63.306854	-2597.128875	168.117066	1773.489906	5.045976	-1773.489906	-59.616578	1.466367	
295	-2.423017	-18.610607	12.544877	2683.112079	13.349681	-2683.112079	3.122720	1671.058107	128.715582	-1671.058107	-170.096717	1.546153	
296	-5.828800	-21.406766	11.973047	2559.170400	88.382769	-2559.170400	-126.943238	1539.383123	203.515249	-1539.383123	-216.400718	1.620960	
297	-8.484420	-23.755734	11.491704	2263.718704	153.622818	-2263.718704	-218.386070	1403.549413	223.989738	-1403.549413	-211.787764	1.690210	
298	-10.389393	-25.522162	11.099296	1871.643943	202.766727	-1871.643943	-264.391444	1285.294543	193.411717	-1285.294543	-170.887930	1.753583	
299	-11.531424	-26.718833	10.783750	1459.071606	232.746338	-1459.071606	-247.849889	1199.208152	119.595197	-1199.208152	-106.465553	1.810895	
300	-11.893644	-27.308754	10.528186	1097.959996	243.773280	-1097.959996	-152.754079	1153.575716	15.530681	-1153.575716	-30.269201	1.861948	
301	-11.501857	-27.090463	10.313664	854.475236	238.139227	-854.475236	13.745764	1151.289625	-98.683144	-1151.289625	45.857313	1.906558	
302	-10.446067	-25.795126	10.120599	768.808494	218.651982	-768.808494	215.209642	1188.340365	-199.892599	-1188.340365	111.263816	1.944757	
303	-8.887275	-23.269543	9.930372	837.364708	187.919898	-837.364708	399.566713	1253.611074	-270.098235	-1253.611074	158.497942	1.976941	
304	-7.038299	-19.578802	9.727043	1014.504403	149.281094	-1014.504403	515.880034	1332.033274	-300.603958	-1332.033274	183.940536	2.003916	
305	-5.099272	-14.997208	9.498750	1231.494845	108.243983	-1231.494845	529.318701	1407.940581	-290.853201	-1407.940581	187.116251	2.026876	
306	-3.218657	-9.971194	9.239085	1424.410674	72.095228	-1424.410674	437.370195	1466.111705	-247.837416	-1466.111705	170.538931	2.047333	
307	-1.512620	-5.054667	8.948595	1556.928075	47.411738	-1556.928075	274.383557	1493.561738	-185.950641	-1493.561738	140.312433	2.066987	
308	-0.078650	-0.774953	8.635163	1626.143050	37.597263	-1626.143050	93.859670	1483.749878	-122.308419	-1483.749878	105.031462	2.087511	
309	1.023056	2.505735	8.312150	1650.904204	41.979330	-1650.904204	-57.522420	1438.925738	-69.829491	-1438.925738	72.735895	2.110266	
310	1.795269	4.662074	7.994825	1652.672022	56.675389	-1652.672022	-156.257662	1367.824856	-33.840098	-1367.824856	48.457727	2.136138	
311	2.309556	5.801308	7.696522	1643.935653	76.667293	-1643.935653	-203.177944	1281.032290	-13.118607	-1281.032290	33.628996	2.165545	
312	2.680241	6.192896	7.426155	1628.704057	97.718781	-1628.704057	-213.479523	1187.196560	-3.083318	-1187.196560	26.892637	2.198521	
313	3.020845	6.163096	7.187912	1606.841409	117.117658	-1606.841409	-204.902313	1091.620610	1.143529	-1091.620610	25.549848	2.234853	
314	3.408910	6.003469	6.982429	1576.339905	133.464428	-1576.339905	-190.928546	996.886261	3.027977	-996.886261	26.917396	2.274201	
315	3.872980	5.916625	6.808242	1534.017941	146.186188	-1534.017941	-179.357340	904.178755	4.307162	-904.178755	29.081638	2.316061	
316	4.395539	5.988228	6.662802	1476.058484	155.150249	-1476.058484	-173.387801	814.583031	5.425140	-814.583031	30.996601	2.359660	
317	4.924190	6.193844	6.542854	1399.111210	160.460802	-1399.111210	-173.160225	729.747072	6.177126	-729.747072	32.155183	2.404006	
318	5.392476	6.444760	6.444485	1301.940128	162.304565	-1301.940128	-176.964161	651.428940	6.234939	-651.428940	32.261207	2.448077	
319	5.744306	6.636379	6.363258	1186.799701	160.802860	-1186.799701	-182.236550	580.847183	5.456190	-580.847183	31.151052	2.490931	
320	5.949361	6.682342	6.294447	1059.753949	156.073483	-1059.753949	-186.671660	518.599326	4.024075	-518.599326	28.767013	2.531711	
321	6.005495	6.536002	6.233381	929.238599	148.472382	-929.238599	-188.948412	464.650802	2.396411	-464.650802	25.100908	2.569710	
322	5.928799	6.188472	6.175876	803.388481	138.770676	-803.388481	-188.818768	418.336783	1.140788	-418.336783	20.185033	2.604449	
323	5.734268	5.651329	6.118467	687.909391	128.223708	-687.909391	-187.088037	378.764459	0.843045	-378.764459	14.041679	2.635696	
324	5.425501	4.948392	6.058378	585.229404	118.396732	-585.229404	-185.366021	345.146887	2.068194	-345.146887	6.633083	2.663378	
325	5.007938	4.122333	5.993547	494.685378	110.586298	-494.685378	-185.257383	316.607653	5.207061	-316.607653	-2.005149	2.687430	
326	4.503641	3.238456	5.922792	413.544849	105.352272	-413.544849	-187.717608	292.014032	10.297048	-292.014032	-11.603504	2.707752	
327	3.946273	2.367516	5.845941	338.438081	102.576810	-338.438081	-193.018419	270.249261	17.044119	-270.249261	-21.724581	2.724354	
328	3.370005	1.561693	5.763770	266.751750	101.717947	-266.751750	-200.873454	250.526817	25.000888	-250.526817	-31.938144	2.737394	
329	2.804405	0.852535	5.677683	197.594007	102.006227	-197.594007	-210.516061	232.402235	33.708502	-232.402235	-41.904754	2.746996	
330	2.270420	0.257843	5.589355	131.874956	102.622984	-131.874956	-220.847255	215.621640	42.770758	-215.621640	-51.396820	2.753114	
331	1.775057	-0.226026	5.500410	71.702047	102.903220	-71.702047	-230.739473	200.093795	51.941153	-200.093795	-60.348986	2.755666	
332	1.310723	-0.628243	5.412024	19.762209	102.444460	-19.762209	-239.261192	185.883796	61.162351	-185.883796	-68.869087	2.754631	
333	0.865990	-0.986863	5.324621	-21.404663	101.034875	21.404663	-245.665479	172.999909	70.440473	-172.999909	-77.110506	2.749981	
334	0.439081	-1.325572	5.237969	-50.274282	98.550092	50.274282	-249.374104	161.188658	79.663527	-161.188658	-85.101784	2.741687	
335	0.037014	-1.647832	5.151590	-66.587229	94.956959	66.587229	-250.087301	150.065004	88.589921	-150.065004	-92.728535	2.729731	
336	-0.339655	-1.958502	5.065052	-71.088744	90.420139	71.088744	-248.002347	139.448220	97.039877	-139.448220	-99.904233	2.714086	
337	-0.704277	-2.279742	4.977877	-65.390351	85.321138	65.390351	-243.886262	129.438248	105.014319	-129.438248	-106.682452	2.694779	
338	-1.073212	-2.629277	4.889392	-51.784795	80.064680	51.784795	-238.775267	120.195085	112.567202	-120.195085	-113.143326	2.671926	
339	-1.456608	-3.003237	4.798937	-33.055883	74.880536	33.055883	-233.568989	111.762304	119.672024	-111.762304	-119.263560	2.645724	
340	-1.859973	-3.395914	4.706118	-12.257798	69.839588	12.257798	-228.906997	104.061727	126.276950	-104.061727	-124.963700	2.616528	
341	-2.285145	-3.812479	4.610678	8.021434	64.969568	-8.021434	-225.262641	96.989348	132.400116	-96.989348	-130.213688	2.584872	
342	-2.731591	-4.258284	4.512247	26.233553	60.288425	-26.233553	-222.949341	90.482318	138.095795	-90.482318	-135.016726	2.551317	
343	-3.198589	-4.733252	4.410306	41.590484	55.771465	-41.590484	-221.997724	84.482791	143.347453	-84.482791	-139.312896	2.516347	
344	-3.682673	-5.233367	4.304319	53.564077	51.337906	-53.564077	-222.082663	78.881525	148.023360	-78.881525	-142.945119	2.480348	
345	-4.174523	-5.750863	4.193928	61.820012	46.902344	-61.820012	-222.686222	73.526263	151.951046	-73.526263	-145.738359	2.443557	
346	-4.656242	-6.277117	4.079034	66.436922	42.451400	-66.436922	-223.448215	68.232681	155.039647	-68.232681	-147.627329	2.406037	
347	-5.106023	-6.804981	3.959739	67.843783	38.028485	-67.843783	-224.159557	62.828875	157.239086	-62.828875	-148.613897	2.367741	
348	-5.509511	-7.318256	3.836325	66.683085	33.628856	-66.683085	-224.273641	57.247168	158.337782	-57.247168	-148.543619	2.328603	
349	-5.864662	-7.786421	3.709397	63.736222	29.196040	-63.736222	-222.902694	51.521731	157.993598	-51.521731	-147.116252	2.288611	
350	-6.181806	-8.187802	3.580035	59.505348	24.735917	-59.505348	-219.549783	45.720783	156.045897	-45.720783	-144.191241	2.247844	
351	-6.461707	-8.514043	3.449687	53.981836	20.336385	-53.981836	-214.304449	39.877350	152.509315	-39.877350	-139.823023	2.206411	
352	-6.674879	-8.744989	3.319972	46.942215	16.098152	-46.942215	-207.264310	33.995670	147.284125	-33.995670	-134.009455	2.164406	
353	-6.786771	-8.852733	3.192619	38.255434	12.118906	-38.255434	-198.353846	28.141395	140.228603	-28.141395	-126.722212	2.122022	
354	-6.775006	-8.814483	3.069439	28.098793	8.501933	-28.098793	-187.462217	22.438517	131.342484	-22.438517	-118.046299	2.079706	
355	-6.615893	-8.604055	2.952254	17.175693	5.344937	-17.175693	-174.290198	17.021511	120.657719	-17.021511	-108.060305	2.038149	
356	-6.279388	-8.183611	2.842893	6.733824	2.733701	-6.733824	-158.291096	12.021594	108.167226	-12.021594	-96.751584	1.998228	
357	-5.731505	-7.513315	2.743291	-1.903576	0.761954	1.903576	-139.088889	7.567138	93.947032	-7.567138	-84.128306	1.961057	
358	-4.939020	-6.570931	2.655476	-7.814824	-0.465937	7.814824	-116.800351	3.802221	78.205696	-3.802221	-70.283801	1.928027	
359	-3.872561	-5.345972	2.581438	-10.458688	-0.888674	10.458688	-91.727042	0.818382	61.199353	-0.818382	-55.340481	1.900711	
360	-2.513054	-3.831447	2.523109	-9.645145	-0.536166	9.645145	-64.063218	-1.459778	43.170793	1.459778	-39.409916	1.880782	
361	-0.868098	-2.041291	2.482428	-5.711008	0.455312	5.711008	-33.954337	-3.309476	24.300751	3.309476	-22.588331	1.869925	
362	1.021062	-0.027521	2.461264	0.349221	1.848602	-0.349221	-1.638671	-5.189177	4.698641	5.189177	-5.007165	1.869637	
363	3.070663	2.103058	2.461066	6.898140	3.324612	-6.898140	32.246725	-7.682876	-15.393785	7.682876	12.954507	1.881024	
364	5.156373	4.203640	2.482338	11.880885	4.530166	-11.880885	66.658299	-11.423792	-35.510025	11.423792	30.626152	1.904559	
365	7.044195	6.031361	2.523919	13.152644	5.132341	-13.152644	98.753025	-16.732834	-54.103558	16.732834	46.388109	1.939651	
366	8.596306	7.450058	2.582724	9.781024	5.063013	-9.781024	126.672473	-23.557087	-70.193929	23.557087	59.280602	1.984578	
367	8.963515	7.636254	2.650333	2.871299	4.286115	-2.871299	135.566215	-28.986382	-74.926628	28.986382	61.796605	2.034888	
368	9.557240	8.037194	2.720153	-5.545163	3.594338	5.545163	148.382317	-35.544149	-82.151321	35.544149	66.280750	2.087236	
