kww	// User ID
29-6-2021	// Evaluation date
p35_warmup_005	29-6-2021	20:44:04:686	// Source file name and timestamp
357.143	// Sampling rate
1.494	// Data capture period

1.880000	// height
82.300000	// mass


Sample #	elbVar	shldrIR	LwristLinVelo	thorJFPd	thorSTPd	UaJFPp	UaSTPp	UaJFPd	UaSTPd	FaJFPp	FaSTPp	RwristLinVelo	
0	1.851428	1.491199	1.870288	-4.351106	0.569042	4.351106	-8.039136	2.464305	4.675874	-2.464305	-10.064904	1.881244	
1	1.893789	1.355625	1.883706	-4.281300	0.604169	4.281300	-8.069137	1.846967	5.239399	-1.846967	-11.369678	1.887413	
2	1.968046	1.289903	1.895015	-4.136931	0.648072	4.136931	-8.386960	1.628821	5.725631	-1.628821	-12.575890	1.890825	
3	1.878517	0.937313	1.904518	-4.077943	0.675980	4.077943	-7.535011	0.009606	6.385705	-0.009606	-14.001734	1.892333	
4	1.730297	0.504985	1.912780	-4.033899	0.693639	4.033899	-6.412026	-1.981115	7.076359	1.981115	-15.419341	1.893421	
5	1.542298	0.024912	1.920038	-4.025560	0.699514	4.025560	-5.117469	-4.222064	7.794224	4.222064	-16.823509	1.894844	
6	1.344951	-0.454982	1.926417	-4.041748	0.698558	4.041748	-3.827394	-6.434283	8.505180	6.434283	-18.163296	1.897220	
7	1.151743	-0.906527	1.932008	-4.037583	0.700981	4.037583	-2.565157	-8.470592	9.153995	8.470592	-19.339684	1.900997	
8	0.972653	-1.310070	1.936973	-4.014372	0.707646	4.014372	-1.356729	-10.242688	9.691862	10.242688	-20.270132	1.906417	
9	0.816823	-1.656561	1.941434	-4.008654	0.714911	4.008654	-0.251965	-11.702679	10.116191	11.702679	-20.970645	1.913483	
10	0.691701	-1.939665	1.945336	-4.004860	0.731299	4.004860	0.716978	-12.831434	10.444401	12.831434	-21.494773	1.922044	
11	0.601487	-2.155665	1.948531	-3.961783	0.766354	3.961783	1.558035	-13.657672	10.688815	13.657672	-21.873883	1.931872	
12	0.546597	-2.305120	1.950901	-3.863704	0.821400	3.863704	2.275799	-14.224427	10.860475	14.224427	-22.122880	1.942721	
13	0.524244	-2.394058	1.952343	-3.719580	0.893475	3.719580	2.850530	-14.569605	10.976795	14.569605	-22.257650	1.954383	
14	0.528089	-2.437287	1.952800	-3.565544	0.972977	3.565544	3.292520	-14.752308	11.063735	14.752308	-22.310013	1.966643	
15	0.547275	-2.453584	1.952388	-3.439620	1.048216	3.439620	3.667061	-14.830142	11.127796	14.830142	-22.290219	1.979269	
16	0.575246	-2.449871	1.951324	-3.351278	1.114761	3.351278	4.011509	-14.820199	11.157365	14.820199	-22.190758	1.992139	
17	0.612543	-2.426947	1.949722	-3.310090	1.174773	3.310090	4.276159	-14.732441	11.168441	14.732441	-22.058972	2.005269	
18	0.654293	-2.397305	1.947561	-3.343308	1.230988	3.343308	4.417124	-14.607993	11.184005	14.607993	-21.950253	2.018646	
19	0.693057	-2.369828	1.944821	-3.434224	1.285199	3.434224	4.488901	-14.480330	11.194502	14.480330	-21.852751	2.032062	
20	0.729734	-2.338839	1.941477	-3.518986	1.342561	3.518986	4.561237	-14.344829	11.186871	14.344829	-21.744792	2.045095	
21	0.764205	-2.309241	1.937479	-3.584840	1.411100	3.584840	4.637936	-14.195410	11.157446	14.195410	-21.628715	2.057274	
22	0.788526	-2.299703	1.932827	-3.663849	1.495585	3.663849	4.719509	-14.039246	11.090514	14.039246	-21.488654	2.068225	
23	0.796959	-2.316521	1.927575	-3.750570	1.592473	3.750570	4.845275	-13.875302	10.963196	13.875302	-21.286544	2.077694	
24	0.792910	-2.345488	1.921833	-3.835476	1.681796	3.835476	5.056472	-13.711192	10.758443	13.711192	-20.984509	2.085598	
25	0.786942	-2.365064	1.915831	-3.964623	1.730816	3.964623	5.345954	-13.586463	10.476876	13.586463	-20.570014	2.092097	
26	0.788599	-2.362624	1.909864	-4.181607	1.723529	4.181607	5.648214	-13.523478	10.143951	13.523478	-20.076443	2.097509	
27	0.798559	-2.340011	1.904142	-4.475919	1.674943	4.475919	5.905849	-13.492381	9.786679	13.492381	-19.553122	2.102160	
28	0.811706	-2.308669	1.898731	-4.836377	1.609382	4.836377	6.100957	-13.460243	9.414506	13.460243	-19.026765	2.106333	
29	0.825023	-2.281300	1.893597	-5.274287	1.540571	5.274287	6.218568	-13.416751	9.033622	13.416751	-18.511333	2.110243	
30	0.839840	-2.260342	1.888618	-5.756823	1.469949	5.756823	6.279040	-13.360162	8.655758	13.360162	-18.018287	2.113994	
31	0.858361	-2.239048	1.883663	-6.199184	1.395327	6.199184	6.357120	-13.297655	8.287682	13.297655	-17.549634	2.117601	
32	0.880182	-2.216623	1.878662	-6.569407	1.320142	6.569407	6.474088	-13.243950	7.931621	13.243950	-17.110622	2.121129	
33	0.902754	-2.199870	1.873569	-6.896273	1.256355	6.896273	6.576644	-13.210830	7.590776	13.210830	-16.710293	2.124765	
34	0.923637	-2.194406	1.868313	-7.164826	1.220369	7.164826	6.659307	-13.201982	7.265755	13.201982	-16.343902	2.128665	
35	0.943233	-2.201107	1.862810	-7.338035	1.222142	7.338035	6.764416	-13.212983	6.958606	13.212983	-16.003205	2.132807	
36	0.963847	-2.213886	1.856969	-7.422288	1.257947	7.422288	6.883947	-13.224842	6.671849	13.224842	-15.676394	2.137055	
37	0.984625	-2.224065	1.850774	-7.415258	1.314893	7.415258	7.002070	-13.219541	6.396979	13.219541	-15.331874	2.141326	
38	1.002833	-2.225211	1.844360	-7.279132	1.376436	7.279132	7.171465	-13.210365	6.124242	13.210365	-14.944624	2.145635	
39	1.019864	-2.210721	1.837903	-7.013047	1.422788	7.013047	7.439418	-13.230481	5.862991	13.230481	-14.524845	2.149980	
40	1.039209	-2.175704	1.831490	-6.684762	1.436545	6.684762	7.780701	-13.301139	5.632918	13.301139	-14.091409	2.154203	
41	1.060596	-2.119189	1.825166	-6.368891	1.409603	6.368891	8.146162	-13.424336	5.442918	13.424336	-13.641191	2.158088	
42	1.082527	-2.046841	1.818967	-6.085384	1.346349	6.085384	8.493873	-13.584943	5.300217	13.584943	-13.173140	2.161589	
43	1.106839	-1.974604	1.812837	-5.809330	1.267774	5.809330	8.777043	-13.741570	5.220932	13.741570	-12.712806	2.164850	
44	1.134411	-1.919199	1.806621	-5.511961	1.200381	5.511961	8.978917	-13.843864	5.202630	13.843864	-12.277584	2.167983	
45	1.161047	-1.886866	1.800209	-5.186147	1.157186	5.186147	9.148391	-13.878889	5.209059	13.878889	-11.850062	2.170922	
46	1.183346	-1.872651	1.793584	-4.865249	1.137028	4.865249	9.322301	-13.864738	5.206306	13.864738	-11.408515	2.173502	
47	1.202543	-1.867115	1.786739	-4.578183	1.135043	4.578183	9.469426	-13.804729	5.186737	13.804729	-10.949377	2.175561	
48	1.218941	-1.866818	1.779641	-4.294620	1.148391	4.294620	9.587761	-13.696731	5.143240	13.696731	-10.470757	2.176899	
49	1.229426	-1.869136	1.772299	-3.983021	1.173650	3.983021	9.751614	-13.569162	5.055545	13.569162	-9.957515	2.177285	
50	1.231725	-1.860531	1.764809	-3.654653	1.202837	3.654653	10.022310	-13.459733	4.912009	13.459733	-9.393060	2.176559	
51	1.225632	-1.831173	1.757353	-3.321681	1.227960	3.321681	10.400703	-13.374388	4.715682	13.374388	-8.777439	2.174684	
52	1.211822	-1.790019	1.750121	-2.992305	1.247306	2.992305	10.846709	-13.290916	4.473485	13.290916	-8.129028	2.171771	
53	1.192021	-1.751667	1.743233	-2.701619	1.262819	2.701619	11.300307	-13.188101	4.193066	13.188101	-7.472104	2.168093	
54	1.167088	-1.724948	1.736728	-2.473537	1.276142	2.473537	11.737359	-13.067134	3.875637	13.067134	-6.818820	2.163918	
55	1.137837	-1.711696	1.730625	-2.268181	1.288439	2.268181	12.173530	-12.940212	3.524086	12.940212	-6.174886	2.159366	
56	1.107250	-1.706685	1.724907	-2.039080	1.299234	2.039080	12.593718	-12.807853	3.155361	12.807853	-5.554165	2.154494	
57	1.075820	-1.707726	1.719509	-1.790469	1.306917	1.790469	12.979609	-12.674291	2.777985	12.674291	-4.959511	2.149350	
58	1.040681	-1.718341	1.714429	-1.528761	1.310953	1.528761	13.353407	-12.556410	2.386402	12.556410	-4.377677	2.143941	
59	1.002977	-1.736234	1.709732	-1.242089	1.310102	1.242089	13.722271	-12.458278	1.993216	12.458278	-3.811865	2.138296	
60	0.969086	-1.752680	1.705390	-0.930738	1.300898	0.930738	14.073677	-12.375346	1.631977	12.375346	-3.287254	2.132445	
61	0.944096	-1.756651	1.701223	-0.590369	1.280477	0.590369	14.422648	-12.318270	1.327774	12.318270	-2.822171	2.126318	
62	0.927720	-1.735054	1.697010	-0.212042	1.248807	0.212042	14.791253	-12.301880	1.083250	12.301880	-2.414026	2.119786	
63	0.915624	-1.686601	1.692603	0.192001	1.211443	-0.192001	15.170294	-12.326333	0.884974	12.326333	-2.047385	2.112751	
64	0.903424	-1.627973	1.687983	0.607410	1.177918	-0.607410	15.529977	-12.381108	0.720442	12.381108	-1.704874	2.105214	
65	0.887978	-1.577127	1.683220	1.013438	1.152088	-1.013438	15.846311	-12.445370	0.583838	12.445370	-1.370572	2.097251	
66	0.867306	-1.549114	1.678438	1.373610	1.132816	-1.373610	16.099066	-12.475281	0.464204	12.475281	-1.032370	2.088946	
67	0.844132	-1.554003	1.673767	1.679450	1.120267	-1.679450	16.269945	-12.431111	0.353549	12.431111	-0.693970	2.080368	
68	0.823521	-1.582130	1.669274	1.940341	1.110083	-1.940341	16.379525	-12.334298	0.253247	12.334298	-0.367500	2.071544	
69	0.803611	-1.613482	1.665017	2.142724	1.092948	-2.142724	16.495196	-12.249620	0.149958	12.249620	-0.042585	2.062460	
70	0.778185	-1.638439	1.661123	2.275574	1.063930	-2.275574	16.672683	-12.212759	0.021706	12.212759	0.302832	2.053088	
71	0.748065	-1.657278	1.657699	2.351490	1.024713	-2.351490	16.905829	-12.209696	-0.125595	12.209696	0.660158	2.043455	
72	0.720848	-1.673058	1.654708	2.388593	0.980545	-2.388593	17.140658	-12.205670	-0.265198	12.205670	0.997180	2.033679	
73	0.701237	-1.687949	1.651997	2.405988	0.936688	-2.405988	17.356076	-12.184114	-0.388460	12.184114	1.300269	2.023901	
74	0.687183	-1.702764	1.649448	2.418116	0.896572	-2.418116	17.604964	-12.164422	-0.515247	12.164422	1.585222	2.014154	
75	0.674908	-1.718962	1.647111	2.421027	0.863624	-2.421027	17.927982	-12.173726	-0.667645	12.173726	1.871309	2.004323	
76	0.666004	-1.734069	1.645095	2.403096	0.841408	-2.403096	18.262540	-12.208634	-0.834544	12.208634	2.150654	1.994235	
77	0.667050	-1.736193	1.643313	2.367339	0.829927	-2.367339	18.492635	-12.234618	-0.973387	12.234618	2.390243	1.983799	
78	0.679681	-1.715531	1.641465	2.328994	0.824348	-2.328994	18.585436	-12.226378	-1.065484	12.226378	2.576541	1.973058	
79	0.696588	-1.680690	1.639331	2.291386	0.819703	-2.291386	18.623309	-12.200393	-1.142584	12.200393	2.738085	1.962108	
80	0.709996	-1.649082	1.636956	2.253734	0.813375	-2.253734	18.703242	-12.188259	-1.241640	12.188259	2.909771	1.951002	
81	0.717449	-1.627732	1.634490	2.219035	0.803537	-2.219035	18.858788	-12.196555	-1.372846	12.196555	3.101675	1.939724	
82	0.720673	-1.615661	1.632032	2.168449	0.792342	-2.168449	19.057437	-12.213484	-1.530930	12.213484	3.305044	1.928240	
83	0.723340	-1.611283	1.629627	2.088247	0.788173	-2.088247	19.244343	-12.227528	-1.703678	12.227528	3.507739	1.916580	
84	0.730244	-1.609532	1.627253	1.982592	0.799632	-1.982592	19.371793	-12.227582	-1.868918	12.227582	3.695841	1.904839	
85	0.745394	-1.603998	1.624794	1.830331	0.829692	-1.830331	19.399495	-12.205116	-2.008089	12.205116	3.858850	1.893086	
86	0.764709	-1.595683	1.622114	1.623443	0.876057	-1.623443	19.345409	-12.162756	-2.138400	12.162756	4.015293	1.881348	
87	0.777002	-1.593429	1.619199	1.432599	0.935454	-1.432599	19.316678	-12.114110	-2.302118	12.114110	4.205106	1.869636	
88	0.775468	-1.604854	1.616216	1.359055	1.005689	-1.359055	19.420885	-12.071923	-2.520161	12.071923	4.447920	1.857922	
89	0.761636	-1.628202	1.613418	1.438870	1.082233	-1.438870	19.665168	-12.036239	-2.780718	12.036239	4.732235	1.846096	
90	0.741072	-1.654255	1.610974	1.639027	1.156383	-1.639027	19.985478	-11.999349	-3.059187	11.999349	5.035273	1.834036	
91	0.718941	-1.675290	1.608900	1.902113	1.218064	-1.902113	20.331874	-11.959092	-3.335292	11.959092	5.338724	1.821704	
92	0.699605	-1.685522	1.607127	2.149642	1.258793	-2.149642	20.643841	-11.911611	-3.590162	11.911611	5.622017	1.809082	
93	0.686778	-1.680669	1.605523	2.322750	1.275808	-2.322750	20.844981	-11.846732	-3.805625	11.846732	5.864167	1.796081	
94	0.681078	-1.666172	1.603904	2.441334	1.272982	-2.441334	20.946691	-11.766942	-3.982680	11.766942	6.068100	1.782601	
95	0.681406	-1.651293	1.602148	2.548936	1.251935	-2.548936	21.014261	-11.682771	-4.135964	11.682771	6.250067	1.768593	
96	0.688435	-1.634153	1.600208	2.637688	1.205950	-2.637688	21.035597	-11.590170	-4.266997	11.590170	6.407682	1.753974	
97	0.703334	-1.607333	1.598003	2.669725	1.128879	-2.669725	20.953652	-11.478674	-4.368322	11.478674	6.531041	1.738648	
98	0.721773	-1.574115	1.595449	2.631827	1.027493	-2.631827	20.798094	-11.355083	-4.457157	11.355083	6.638084	1.722626	
99	0.732487	-1.547876	1.592591	2.565674	0.921740	-2.565674	20.696568	-11.242323	-4.580479	11.242323	6.771734	1.706022	
100	0.729211	-1.535227	1.589632	2.507605	0.836316	-2.507605	20.712148	-11.151855	-4.761841	11.151855	6.948453	1.688962	
101	0.718621	-1.528091	1.586767	2.431780	0.789691	-2.431780	20.767871	-11.076376	-4.972248	11.076376	7.138704	1.671600	
102	0.710821	-1.514423	1.584081	2.343972	0.783539	-2.343972	20.791590	-11.009317	-5.173484	11.009317	7.312924	1.654092	
103	0.712223	-1.491657	1.581603	2.305528	0.803307	-2.305528	20.788356	-10.948448	-5.349113	10.948448	7.468094	1.636495	
104	0.724529	-1.468885	1.579361	2.317399	0.826512	-2.317399	20.773131	-10.889670	-5.500343	10.889670	7.614436	1.618751	
105	0.743155	-1.457628	1.577370	2.336976	0.832231	-2.336976	20.755665	-10.828709	-5.642722	10.828709	7.767058	1.600736	
106	0.763946	-1.461581	1.575657	2.392075	0.812559	-2.392075	20.760759	-10.764542	-5.787058	10.764542	7.934423	1.582343	
107	0.786066	-1.475849	1.574302	2.551848	0.776826	-2.551848	20.821623	-10.701769	-5.930205	10.701769	8.114474	1.563578	
108	0.806043	-1.495843	1.573419	2.811288	0.739679	-2.811288	20.965086	-10.647498	-6.078447	10.647498	8.314780	1.544518	
109	0.821635	-1.520766	1.573121	3.098871	0.704562	-3.098871	21.186114	-10.604334	-6.244308	10.604334	8.547498	1.525212	
110	0.835768	-1.547851	1.573463	3.345790	0.663388	-3.345790	21.437145	-10.570905	-6.422996	10.570905	8.805912	1.505727	
111	0.849842	-1.571563	1.574430	3.483913	0.605742	-3.483913	21.655755	-10.542478	-6.602837	10.542478	9.073993	1.486217	
112	0.863182	-1.586704	1.576000	3.480875	0.523626	-3.480875	21.797452	-10.505820	-6.779074	10.505820	9.340502	1.466910	
113	0.876339	-1.594272	1.578176	3.405654	0.415788	-3.405654	21.891179	-10.453181	-6.957520	10.453181	9.605420	1.448025	
114	0.889211	-1.600590	1.580996	3.350782	0.290066	-3.350782	22.017779	-10.394947	-7.152322	10.394947	9.878096	1.429628	
115	0.902134	-1.602701	1.584494	3.314283	0.159241	-3.314283	22.170034	-10.339478	-7.358986	10.339478	10.150002	1.411642	
116	0.915504	-1.588539	1.588597	3.243078	0.038029	-3.243078	22.257029	-10.281143	-7.553037	10.281143	10.397052	1.394022	
117	0.928079	-1.548663	1.593083	3.125052	-0.058987	-3.125052	22.212376	-10.209359	-7.712179	10.209359	10.602832	1.376792	
118	0.939723	-1.480990	1.597637	2.995015	-0.119520	-2.995015	22.024462	-10.119593	-7.820570	10.119593	10.760549	1.359883	
119	0.948763	-1.387852	1.601890	2.897862	-0.133862	-2.897862	21.717239	-10.017094	-7.875529	10.017094	10.875106	1.343082	
120	0.950018	-1.270569	1.605409	2.838993	-0.101585	-2.838993	21.290229	-9.902505	-7.878965	9.902505	10.951826	1.326174	
121	0.942213	-1.143707	1.607803	2.789726	-0.039418	-2.789726	20.763487	-9.773964	-7.832684	9.773964	10.999103	1.309038	
122	0.930193	-1.036156	1.608968	2.737182	0.029239	-2.737182	20.234111	-9.640419	-7.753991	9.640419	11.044780	1.291649	
123	0.917041	-0.959314	1.609108	2.687770	0.089486	-2.687770	19.763227	-9.505594	-7.661422	9.505594	11.105996	1.274081	
124	0.902195	-0.902374	1.608500	2.661842	0.133725	-2.661842	19.333620	-9.358156	-7.553028	9.358156	11.163179	1.256460	
125	0.886058	-0.858849	1.607394	2.678250	0.156654	-2.678250	18.939393	-9.191834	-7.424377	9.191834	11.194033	1.238846	
126	0.866379	-0.836846	1.606045	2.744494	0.157383	-2.744494	18.634555	-9.017766	-7.300067	9.017766	11.212480	1.221184	
127	0.836849	-0.846982	1.604694	2.882732	0.140153	-2.882732	18.496351	-8.854042	-7.221104	8.854042	11.253413	1.203408	
128	0.797962	-0.886916	1.603557	3.092641	0.109276	-3.092641	18.536051	-8.713943	-7.199320	8.713943	11.329631	1.185553	
129	0.758789	-0.942185	1.602857	3.332241	0.069556	-3.332241	18.685021	-8.600741	-7.210516	8.600741	11.420028	1.167743	
130	0.723987	-1.001404	1.602797	3.579211	0.029145	-3.579211	18.881638	-8.506365	-7.232502	8.506365	11.496204	1.150126	
131	0.690969	-1.058979	1.603442	3.801311	-0.008259	-3.801311	19.085301	-8.419233	-7.261482	8.419233	11.544917	1.132800	
132	0.658516	-1.114517	1.604713	3.942474	-0.046365	-3.942474	19.272263	-8.339549	-7.302595	8.339549	11.574453	1.115747	
133	0.627368	-1.168942	1.606513	4.018139	-0.087214	-4.018139	19.448494	-8.270576	-7.359710	8.270576	11.598571	1.098863	
134	0.600053	-1.207409	1.608726	4.077627	-0.128891	-4.077627	19.559922	-8.196348	-7.413056	8.196348	11.601527	1.082079	
135	0.581996	-1.211562	1.611130	4.095363	-0.168614	-4.095363	19.504942	-8.099645	-7.428846	8.099645	11.553949	1.065396	
136	0.573017	-1.186922	1.613464	4.020270	-0.203174	-4.020270	19.280914	-7.985615	-7.405687	7.985615	11.462879	1.048785	
137	0.565702	-1.154729	1.615559	3.875455	-0.233155	-3.875455	18.992596	-7.870568	-7.372143	7.870568	11.364436	1.032218	
138	0.554212	-1.127314	1.617396	3.747393	-0.263575	-3.747393	18.730108	-7.761150	-7.341279	7.761150	11.274014	1.015761	
139	0.536265	-1.102093	1.618975	3.683708	-0.295952	-3.683708	18.490325	-7.646536	-7.302156	7.646536	11.175215	0.999504	
140	0.511430	-1.074879	1.620184	3.632615	-0.327845	-3.632615	18.221375	-7.516321	-7.247638	7.516321	11.055600	0.983455	
141	0.481355	-1.048716	1.620885	3.535543	-0.358958	-3.535543	17.914713	-7.376224	-7.183580	7.376224	10.923186	0.967553	
142	0.450829	-1.026539	1.621033	3.399501	-0.389837	-3.399501	17.596567	-7.237747	-7.111579	7.237747	10.785806	0.951746	
143	0.424717	-1.005626	1.620661	3.205115	-0.416205	-3.205115	17.256929	-7.108644	-7.030850	7.108644	10.645784	0.936066	
144	0.400002	-0.984419	1.619858	2.901919	-0.428961	-2.901919	16.874987	-6.991448	-6.959672	6.991448	10.514019	0.920623	
145	0.368743	-0.966612	1.618764	2.517917	-0.421037	-2.517917	16.483070	-6.882795	-6.922137	6.882795	10.400325	0.905545	
146	0.329027	-0.955354	1.617516	2.130309	-0.391003	-2.130309	16.130115	-6.776548	-6.918559	6.776548	10.297335	0.890954	
147	0.285366	-0.948952	1.616200	1.784465	-0.341503	-1.784465	15.823040	-6.664989	-6.928016	6.664989	10.186777	0.877021	
148	0.241284	-0.945204	1.614835	1.499818	-0.280280	-1.499818	15.556792	-6.546781	-6.936672	6.546781	10.063573	0.863930	
149	0.195678	-0.945927	1.613400	1.284443	-0.219793	-1.284443	15.351048	-6.433291	-6.953956	6.433291	9.948020	0.851727	
150	0.147006	-0.955916	1.611875	1.172604	-0.173251	-1.172604	15.240931	-6.334717	-6.988853	6.334717	9.857996	0.840266	
151	0.099393	-0.977219	1.610271	1.255365	-0.150949	-1.255365	15.254709	-6.250063	-7.021863	6.250063	9.782014	0.829357	
152	0.060281	-1.003055	1.608631	1.580910	-0.155494	-1.580910	15.369461	-6.174021	-7.018095	6.174021	9.693539	0.818889	
153	0.032086	-1.023412	1.606992	2.060936	-0.178903	-2.060936	15.509339	-6.105090	-6.963008	6.105090	9.581966	0.808834	
154	0.010829	-1.035712	1.605418	2.542750	-0.208501	-2.542750	15.606341	-6.044443	-6.869648	6.044443	9.456844	0.799209	
155	-0.012444	-1.046775	1.604003	2.910803	-0.235216	-2.910803	15.629950	-5.984442	-6.762018	5.984442	9.329385	0.790028	
156	-0.049224	-1.064251	1.602728	3.114413	-0.254714	-3.114413	15.566553	-5.905823	-6.660553	5.905823	9.199475	0.781321	
157	-0.102234	-1.088423	1.601392	3.184639	-0.266569	-3.184639	15.421161	-5.798955	-6.571218	5.798955	9.061120	0.773161	
158	-0.164195	-1.117023	1.599808	3.173006	-0.272326	-3.173006	15.220062	-5.675897	-6.493718	5.675897	8.919189	0.765601	
159	-0.229265	-1.150706	1.597944	3.066930	-0.271617	-3.066930	14.979323	-5.552353	-6.433657	5.552353	8.787616	0.758615	
160	-0.294171	-1.190034	1.595865	2.856823	-0.263593	-2.856823	14.711523	-5.433757	-6.393236	5.433757	8.672776	0.752180	
161	-0.352285	-1.229979	1.593610	2.576732	-0.249881	-2.576732	14.425456	-5.320610	-6.358370	5.320610	8.564961	0.746324	
162	-0.395106	-1.261148	1.591166	2.249201	-0.232463	-2.249201	14.110993	-5.217628	-6.310623	5.217628	8.452249	0.741078	
163	-0.419554	-1.279312	1.588535	1.896681	-0.210855	-1.896681	13.777847	-5.134562	-6.249285	5.134562	8.339919	0.736465	
164	-0.428667	-1.287181	1.585788	1.552794	-0.184328	-1.552794	13.463261	-5.079145	-6.185049	5.079145	8.240815	0.732514	
165	-0.424893	-1.287290	1.583050	1.260393	-0.158139	-1.260393	13.198733	-5.050848	-6.116656	5.050848	8.152706	0.729220	
166	-0.405041	-1.277422	1.580471	1.074033	-0.145184	-1.074033	12.997165	-5.047062	-6.026884	5.047062	8.060222	0.726541	
167	-0.364492	-1.252783	1.578215	0.994930	-0.155346	-0.994930	12.838101	-5.069057	-5.901589	5.069057	7.954620	0.724469	
168	-0.306971	-1.211618	1.576387	0.937559	-0.182993	-0.937559	12.655174	-5.105193	-5.737260	5.105193	7.828744	0.723047	
169	-0.239986	-1.153299	1.574926	0.801892	-0.212510	-0.801892	12.372632	-5.135527	-5.532321	5.135527	7.669995	0.722321	
170	-0.162394	-1.075580	1.573678	0.553553	-0.234144	-0.553553	11.973140	-5.166529	-5.291664	5.166529	7.486076	0.722333	
171	-0.066568	-0.978563	1.572606	0.210205	-0.248257	-0.210205	11.496503	-5.228050	-5.027472	5.228050	7.306234	0.723134	
172	0.054014	-0.860817	1.571831	-0.235295	-0.258297	0.235295	10.959524	-5.341764	-4.740093	5.341764	7.142882	0.724725	
173	0.202624	-0.715838	1.571497	-0.822083	-0.263316	0.822083	10.332496	-5.510288	-4.416325	5.510288	6.983644	0.727041	
174	0.377088	-0.543577	1.571725	-1.572005	-0.257768	1.572005	9.603220	-5.726746	-4.056857	5.726746	6.826533	0.729980	
175	0.571003	-0.353032	1.572700	-2.483801	-0.239287	2.483801	8.793835	-5.983937	-3.680283	5.983937	6.688414	0.733449	
176	0.777902	-0.151419	1.574657	-3.538234	-0.213100	3.538234	7.920519	-6.267829	-3.298700	6.267829	6.575164	0.737395	
177	0.989517	0.056300	1.577794	-4.702952	-0.185385	4.702952	6.988929	-6.553690	-2.917809	6.553690	6.477666	0.741809	
178	1.195686	0.266712	1.582252	-5.970983	-0.156717	5.970983	6.001637	-6.820368	-2.548487	6.820368	6.389335	0.746677	
179	1.388189	0.481162	1.588117	-7.341010	-0.122384	7.341010	4.962163	-7.050793	-2.202088	7.050793	6.304757	0.751983	
180	1.557901	0.699392	1.595396	-8.745552	-0.073118	8.745552	3.889941	-7.210526	-1.887059	7.210526	6.208178	0.757725	
181	1.690583	0.913895	1.603929	-10.049294	0.003556	10.049294	2.814638	-7.242486	-1.611059	7.242486	6.069750	0.763882	
182	1.770885	1.113857	1.613335	-11.091837	0.115110	11.091837	1.771108	-7.090723	-1.379194	7.090723	5.854180	0.770421	
183	1.791638	1.286186	1.623080	-11.741030	0.248836	11.741030	0.839906	-6.748105	-1.193568	6.748105	5.545557	0.777326	
184	1.754375	1.408402	1.632668	-11.954670	0.374541	11.954670	0.165691	-6.283491	-1.063899	6.283491	5.169245	0.784584	
185	1.656257	1.451805	1.641835	-11.771789	0.472586	11.771789	-0.142097	-5.777466	-1.001460	5.777466	4.755768	0.792165	
186	1.484314	1.397971	1.650402	-11.246068	0.545641	11.246068	-0.104223	-5.245394	-0.988245	5.245394	4.279909	0.800031	
187	1.226068	1.242655	1.658004	-10.415340	0.603781	10.415340	0.176123	-4.659680	-0.978275	4.659680	3.680403	0.808122	
188	0.880111	0.987953	1.664119	-9.301484	0.650605	9.301484	0.598795	-4.003951	-0.929385	4.003951	2.926381	0.816386	
189	0.456162	0.640145	1.668181	-7.905964	0.679303	7.905964	1.094550	-3.279562	-0.814435	3.279562	2.030924	0.824805	
190	-0.032761	0.207588	1.669559	-6.220093	0.679931	6.220093	1.621713	-2.492446	-0.618737	2.492446	1.028718	0.833363	
191	-0.575509	-0.302417	1.667596	-4.277933	0.653366	4.277933	2.142739	-1.652954	-0.345667	1.652954	-0.027945	0.842032	
192	-1.161051	-0.881148	1.661768	-2.183759	0.615141	2.183759	2.602656	-0.774264	-0.020598	0.774264	-1.066393	0.850805	
193	-1.774804	-1.514059	1.651814	-0.056738	0.582478	0.056738	2.955769	0.134010	0.313449	-0.134010	-2.002058	0.859683	
194	-2.396572	-2.178845	1.637730	1.993165	0.558320	-1.993165	3.205757	1.060846	0.599317	-1.060846	-2.745882	0.868675	
195	-3.002845	-2.849959	1.619694	3.860063	0.528224	-3.860063	3.404655	1.985309	0.767095	-1.985309	-3.205860	0.877821	
196	-3.569301	-3.505149	1.598118	5.465196	0.472405	-5.465196	3.626988	2.870263	0.739175	-2.870263	-3.291675	0.887154	
197	-4.070167	-4.122659	1.573815	6.721177	0.381567	-6.721177	3.942959	3.661630	0.443218	-3.661630	-2.935542	0.896662	
198	-4.482143	-4.678794	1.547990	7.520698	0.259846	-7.520698	4.404224	4.307621	-0.166280	-4.307621	-2.122765	0.906323	
199	-4.791699	-5.154791	1.522040	7.794528	0.118964	-7.794528	5.040598	4.781906	-1.093388	-4.781906	-0.902659	0.916123	
200	-4.994132	-5.538075	1.497337	7.511345	-0.023354	-7.511345	5.853970	5.077905	-2.302572	-5.077905	0.629418	0.926032	
201	-5.088485	-5.817800	1.475111	6.668472	-0.146201	-6.668472	6.817756	5.188597	-3.723702	-5.188597	2.356351	0.936034	
202	-5.078814	-5.986527	1.456388	5.328529	-0.232396	-5.328529	7.885423	5.109961	-5.255377	-5.109961	4.152391	0.946162	
203	-4.976687	-6.044275	1.441875	3.632693	-0.272265	-3.632693	8.998120	4.856683	-6.775826	-4.856683	5.894217	0.956462	
204	-4.798169	-5.998487	1.431865	1.771472	-0.261761	-1.771472	10.088518	4.458711	-8.164955	-4.458711	7.477689	0.966940	
205	-4.560126	-5.861211	1.426298	-0.064219	-0.198737	0.064219	11.086348	3.946424	-9.327065	-3.946424	8.832404	0.977571	
206	-4.281411	-5.650369	1.424860	-1.727272	-0.084683	1.727272	11.937947	3.343926	-10.206736	-3.343926	9.929545	0.988327	
207	-3.985009	-5.393368	1.427113	-3.127788	0.071899	3.127788	12.627689	2.673305	-10.800993	-2.673305	10.782609	0.999175	
208	-3.695563	-5.122398	1.432590	-4.221582	0.260957	4.221582	13.173315	1.966371	-11.159005	-1.966371	11.436036	1.010063	
209	-3.434517	-4.867129	1.440765	-5.004729	0.474432	5.004729	13.612285	1.261360	-11.364753	-1.261360	11.951344	1.020941	
210	-3.216642	-4.655960	1.451093	-5.544780	0.697315	5.544780	14.002900	0.576712	-11.517456	-0.576712	12.399907	1.031774	
211	-3.050256	-4.513338	1.463198	-5.990125	0.911636	5.990125	14.414947	-0.082939	-11.719803	0.082939	12.848517	1.042523	
212	-2.940825	-4.442564	1.476862	-6.441842	1.122762	6.441842	14.887914	-0.656619	-12.062854	0.656619	13.331147	1.053136	
213	-2.890117	-4.419370	1.491733	-6.874357	1.360979	6.874357	15.392166	-1.010450	-12.592600	1.010450	13.834762	1.063578	
214	-2.891088	-4.413132	1.507115	-7.276323	1.644646	7.276323	15.846101	-1.049845	-13.289609	1.049845	14.327003	1.073848	
215	-2.929472	-4.407969	1.522127	-7.728276	1.958959	7.728276	16.176278	-0.790122	-14.095552	0.790122	14.791304	1.083974	
216	-2.986690	-4.398493	1.536046	-8.335719	2.268006	8.335719	16.341688	-0.311910	-14.938096	0.311910	15.220481	1.093987	
217	-3.039899	-4.373589	1.548453	-9.183547	2.537309	9.183547	16.310298	0.284855	-15.728157	-0.284855	15.590162	1.103909	
218	-3.068743	-4.312763	1.559131	-10.256946	2.754753	10.256946	16.039620	0.919415	-16.370979	-0.919415	15.855153	1.113759	
219	-3.061978	-4.193853	1.567844	-11.375552	2.931813	11.375552	15.467942	1.566293	-16.778654	-1.566293	15.957486	1.123569	
220	-3.017358	-3.997346	1.574217	-12.229951	3.091770	12.229951	14.512186	2.269016	-16.864540	-2.269016	15.823407	1.133385	
221	-2.940862	-3.714865	1.577712	-12.521326	3.255893	12.521326	13.111747	3.098528	-16.562320	-3.098528	15.392601	1.143251	
222	-2.843293	-3.373815	1.577837	-12.288032	3.407332	12.288032	11.367876	4.002231	-15.891565	-4.002231	14.703300	1.153206	
223	-2.735249	-3.037159	1.574592	-11.969356	3.488026	11.969356	9.594925	4.775624	-14.987192	-4.775624	13.905022	1.163283	
224	-2.625852	-2.755990	1.568618	-11.907169	3.462516	11.907169	8.091732	5.277569	-14.019156	-5.277569	13.143678	1.173496	
225	-2.522474	-2.543006	1.560845	-12.081584	3.339064	12.081584	6.966732	5.528025	-13.105086	-5.528025	12.488055	1.183836	
226	-2.431890	-2.393089	1.552144	-12.295890	3.135057	12.295890	6.224109	5.629630	-12.308797	-5.629630	11.959510	1.194296	
227	-2.362648	-2.306237	1.543250	-12.300313	2.862944	12.300313	5.879035	5.716396	-11.675886	-5.716396	11.576382	1.204890	
228	-2.322988	-2.286987	1.534769	-11.828083	2.530510	11.828083	5.967512	5.914503	-11.244343	-5.914503	11.361163	1.215631	
229	-2.315843	-2.322139	1.527128	-10.683995	2.159840	10.683995	6.425344	6.309537	-11.014805	-6.309537	11.304778	1.226515	
230	-2.336684	-2.379191	1.520467	-8.895765	1.798853	8.895765	7.047659	6.914861	-10.941856	-6.914861	11.361348	1.237550	
231	-2.375757	-2.435231	1.514668	-6.662795	1.479870	6.662795	7.667619	7.672040	-10.970016	-7.672040	11.485295	1.248774	
232	-2.423565	-2.481484	1.509483	-4.135563	1.202902	4.135563	8.220991	8.530694	-11.050954	-8.530694	11.636298	1.260235	
233	-2.476926	-2.510608	1.504551	-1.415695	0.975572	1.415695	8.632188	9.501523	-11.149146	-9.501523	11.783106	1.271970	
234	-2.535748	-2.520104	1.499430	1.385928	0.810735	-1.385928	8.828077	10.598275	-11.248245	-10.598275	11.916942	1.283979	
235	-2.594828	-2.513453	1.493760	4.164189	0.691646	-4.164189	8.819074	11.770603	-11.339187	-11.770603	12.034823	1.296238	
236	-2.648519	-2.495139	1.487409	6.776680	0.593925	-6.776680	8.647855	12.953820	-11.423720	-12.953820	12.137196	1.308734	
237	-2.695953	-2.467472	1.480403	9.041600	0.522442	-9.041600	8.301398	14.124236	-11.512776	-14.124236	12.230274	1.321466	
238	-2.735432	-2.429602	1.472791	10.808596	0.486713	-10.808596	7.759836	15.259267	-11.604080	-15.259267	12.307793	1.334401	
239	-2.764068	-2.382519	1.464611	11.991343	0.474002	-11.991343	7.076844	16.331515	-11.686439	-16.331515	12.354293	1.347469	
240	-2.783329	-2.331020	1.455850	12.590494	0.479074	-12.590494	6.315301	17.361479	-11.753976	-17.361479	12.357902	1.360608	
241	-2.800280	-2.280336	1.446373	12.708849	0.520893	-12.708849	5.493346	18.420266	-11.819077	-18.420266	12.326836	1.373795	
242	-2.821415	-2.232262	1.435920	12.463884	0.615565	-12.463884	4.628770	19.553242	-11.913844	-19.553242	12.296957	1.387058	
243	-2.843201	-2.180194	1.424239	11.923167	0.760057	-11.923167	3.732276	20.721774	-12.040636	-20.721774	12.282282	1.400473	
244	-2.854620	-2.110955	1.411228	11.149234	0.944233	-11.149234	2.776221	21.856566	-12.147359	-21.856566	12.246653	1.414113	
245	-2.853400	-2.019398	1.396948	10.286867	1.165362	-10.286867	1.755668	22.963108	-12.200385	-22.963108	12.178618	1.428003	
246	-2.846290	-1.913199	1.381533	9.511984	1.415858	-9.511984	0.748490	24.078873	-12.213153	-24.078873	12.119994	1.442149	
247	-2.828668	-1.795240	1.365164	8.839380	1.664990	-8.839380	-0.153093	25.094437	-12.152362	-25.094437	12.062070	1.456606	
248	-2.786526	-1.658198	1.348085	8.191438	1.881697	-8.191438	-0.935846	25.837917	-11.927267	-25.837917	11.926596	1.471451	
249	-2.714129	-1.493762	1.330484	7.585043	2.053898	-7.585043	-1.652323	26.294930	-11.470627	-26.294930	11.651712	1.486733	
250	-2.608916	-1.290464	1.312389	7.069698	2.168563	-7.069698	-2.379237	26.509283	-10.723994	-26.509283	11.186794	1.502473	
251	-2.461562	-1.033345	1.293690	6.640369	2.202788	-6.640369	-3.214633	26.437459	-9.593430	-26.437459	10.448043	1.518731	
252	-2.260364	-0.712066	1.274194	6.209687	2.127672	-6.209687	-4.221697	25.967980	-7.982102	-25.967980	9.343929	1.535593	
253	-2.003460	-0.328036	1.253629	5.666534	1.931445	-5.666534	-5.401766	25.011647	-5.880066	-25.011647	7.861544	1.553123	
254	-1.706195	0.102967	1.231724	5.035127	1.657657	-5.035127	-6.808303	23.659123	-3.409353	-23.659123	6.115966	1.571354	
255	-1.381545	0.565483	1.208377	4.367072	1.366376	-4.367072	-8.574014	22.077135	-0.685715	-22.077135	4.205160	1.590286	
256	-1.019823	1.058822	1.183761	3.513715	1.058610	-3.513715	-10.741671	20.236156	2.308859	-20.236156	2.062387	1.609890	
257	-0.609150	1.583576	1.158248	2.289280	0.713017	-2.289280	-13.222967	18.025420	5.579155	-18.025420	-0.389545	1.630138	
258	-0.153696	2.132559	1.132305	0.730509	0.354574	-0.730509	-15.963627	15.469232	8.999708	-15.469232	-3.100129	1.651033	
259	0.341239	2.700332	1.106445	-0.999319	0.019620	0.999319	-18.932921	12.624400	12.423266	-12.624400	-6.006548	1.672613	
260	0.871959	3.278124	1.081197	-2.777111	-0.275048	2.777111	-21.984911	9.519208	15.697904	-9.519208	-9.053117	1.694909	
261	1.423764	3.845473	1.057174	-4.530241	-0.507596	4.530241	-24.880366	6.261138	18.605568	-6.261138	-12.099950	1.717904	
262	1.978535	4.382586	1.035140	-6.240656	-0.656896	6.240656	-27.393990	2.988246	20.949965	-2.988246	-14.991079	1.741527	
263	2.527785	4.880673	1.015987	-7.930931	-0.718298	7.930931	-29.370922	-0.252821	22.635206	0.252821	-17.651183	1.765678	
264	3.069773	5.337174	1.000656	-9.619430	-0.699786	9.619430	-30.695665	-3.492730	23.624596	3.492730	-20.060565	1.790250	
265	3.605942	5.753541	0.990051	-11.284302	-0.622410	11.284302	-31.258523	-6.785551	23.928389	6.785551	-22.224464	1.815136	
266	4.137595	6.133425	0.984951	-12.830884	-0.508590	12.830884	-30.992309	-10.128547	23.595601	10.128547	-24.135446	1.840243	
267	4.656786	6.475307	0.985999	-14.136854	-0.360150	14.136854	-29.913002	-13.395083	22.661565	13.395083	-25.713516	1.865513	
268	5.149783	6.773417	0.993697	-15.151140	-0.168300	15.151140	-28.101722	-16.433701	21.158263	16.433701	-26.852827	1.890953	
269	5.613106	7.028158	1.008343	-15.939073	0.059316	15.939073	-25.667475	-19.210519	19.166722	19.210519	-27.532363	1.916606	
270	6.049399	7.242965	1.029991	-16.589296	0.310171	16.589296	-22.739625	-21.752905	16.789625	21.752905	-27.781428	1.942492	
271	6.448131	7.408256	1.058435	-17.097872	0.596935	17.097872	-19.473961	-24.043091	14.101255	24.043091	-27.584961	1.968582	
272	6.792791	7.509073	1.093243	-17.429001	0.943468	17.429001	-16.051176	-26.079544	11.191959	26.079544	-26.934438	1.994827	
273	7.075927	7.543840	1.133844	-17.587693	1.350747	17.587693	-12.651195	-27.858950	8.203861	27.858950	-25.857436	2.021218	
274	7.295518	7.523529	1.179517	-17.627298	1.787176	17.627298	-9.417041	-29.283477	5.288246	29.283477	-24.362288	2.047817	
275	7.451795	7.463136	1.229379	-17.633684	2.211520	17.633684	-6.461988	-30.240506	2.558036	30.240506	-22.447596	2.074760	
276	7.548715	7.376740	1.282507	-17.706390	2.597351	17.706390	-3.888833	-30.702296	0.074332	30.702296	-20.143696	2.102213	
277	7.592930	7.277734	1.338088	-18.013009	2.916773	18.013009	-1.762796	-30.681060	-2.149696	30.681060	-17.498239	2.130323	
278	7.583100	7.169924	1.395399	-18.626441	3.145362	18.626441	-0.106579	-30.118770	-4.138834	30.118770	-14.551143	2.159216	
279	7.504955	7.036819	1.453659	-19.424954	3.289507	19.424954	1.054310	-28.942676	-5.907788	28.942676	-11.389548	2.188988	
280	7.352267	6.864041	1.512020	-20.376801	3.357879	20.376801	1.715241	-27.208095	-7.446334	27.208095	-8.167494	2.219689	
281	7.150582	6.673028	1.569785	-21.566716	3.318491	21.566716	1.994353	-25.068474	-8.806468	25.068474	-4.995828	2.251377	
282	6.941807	6.502052	1.626638	-22.982640	3.119610	22.982640	2.110436	-22.684566	-10.124642	22.684566	-1.892324	2.284121	
283	6.743579	6.356676	1.682576	-24.474504	2.749414	24.474504	2.222922	-20.189699	-11.480876	20.189699	1.106945	2.317883	
284	6.542771	6.206944	1.737540	-25.814868	2.250713	25.814868	2.355549	-17.681088	-12.811896	17.681088	3.872660	2.352473	
285	6.322714	6.022456	1.791095	-26.829332	1.683714	26.829332	2.465375	-15.266763	-13.980743	15.266763	6.235248	2.387659	
286	6.089376	5.802087	1.842616	-27.472087	1.074886	27.472087	2.576448	-13.104231	-14.914929	13.104231	8.107311	2.423266	
287	5.868613	5.569914	1.891870	-27.729346	0.416025	27.729346	2.825403	-11.340584	-15.664753	11.340584	9.546808	2.459146	
288	5.677638	5.341963	1.939190	-27.559493	-0.283300	27.559493	3.340895	-10.066711	-16.286717	10.066711	10.642567	2.495124	
289	5.517493	5.116837	1.985145	-26.978006	-0.994847	26.978006	4.163346	-9.334547	-16.771773	9.334547	11.429627	2.531042	
290	5.382958	4.886546	2.030343	-26.108327	-1.700409	26.108327	5.261604	-9.175943	-17.078627	9.175943	11.911266	2.566795	
291	5.264500	4.636111	2.075419	-25.173377	-2.387885	25.173377	6.500132	-9.657610	-17.113534	9.657610	12.036041	2.602316	
292	5.153703	4.349402	2.121044	-24.434932	-3.058394	24.434932	7.661778	-10.879631	-16.754829	10.879631	11.726046	2.637541	
293	5.047539	4.021708	2.167893	-24.042625	-3.729818	24.042625	8.589255	-12.859522	-15.946142	12.859522	10.974092	2.672380	
294	4.949162	3.664687	2.216543	-23.998588	-4.419772	23.998588	9.298694	-15.494224	-14.755783	15.494224	9.896109	2.706758	
295	4.869108	3.300824	2.267511	-24.288471	-5.148075	24.288471	9.935349	-18.643457	-13.363788	18.643457	8.710157	2.740691	
296	4.808370	2.936746	2.321284	-24.932144	-5.909673	24.932144	10.533925	-22.226698	-11.852478	22.226698	7.535495	2.774300	
297	4.752001	2.554851	2.378047	-25.955556	-6.660552	25.955556	10.925849	-26.253154	-10.102158	26.253154	6.295326	2.807719	
298	4.696834	2.149547	2.437678	-27.388666	-7.391275	27.388666	11.004074	-30.716313	-8.083831	30.716313	5.009896	2.841004	
299	4.656827	1.737845	2.500204	-29.245295	-8.137851	29.245295	10.840734	-35.516485	-5.971041	35.516485	3.918236	2.874185	
300	4.638215	1.330178	2.565966	-31.501128	-8.921361	31.501128	10.472112	-40.528346	-3.886572	40.528346	3.229276	2.907340	
301	4.632934	0.923113	2.635417	-34.051171	-9.749563	34.051171	9.807499	-45.608854	-1.830516	45.608854	3.038156	2.940535	
302	4.624448	0.509118	2.708898	-36.644301	-10.622968	36.644301	8.717566	-50.539648	0.239401	50.539648	3.381575	2.973660	
303	4.588574	0.075335	2.786382	-38.965399	-11.518697	38.965399	7.048813	-55.104621	2.449120	55.104621	4.166505	3.006230	
304	4.503413	-0.395199	2.867378	-40.841931	-12.422245	40.841931	4.621554	-59.214896	4.989085	59.214896	5.186317	3.037482	
305	4.363272	-0.916338	2.951145	-42.285559	-13.377327	42.285559	1.295209	-62.893744	7.971776	62.893744	6.300278	3.066915	
306	4.174137	-1.496144	3.036987	-43.326182	-14.469063	43.326182	-2.973006	-66.169412	11.385830	66.169412	7.505441	3.094567	
307	3.939294	-2.135520	3.124290	-43.925180	-15.747896	43.925180	-8.093036	-69.019134	15.154684	69.019134	8.851896	3.120713	
308	3.658624	-2.824577	3.212444	-44.063511	-17.195707	44.063511	-13.813614	-71.391704	19.146600	71.391704	10.402558	3.145581	
309	3.334931	-3.545067	3.300942	-43.784452	-18.765781	43.784452	-19.759810	-73.241127	23.169207	73.241127	12.245325	3.169231	
310	2.974878	-4.277170	3.389546	-43.132455	-20.426612	43.132455	-25.521216	-74.541160	26.996823	74.541160	14.485580	3.191522	
311	2.588939	-4.999446	3.478342	-42.107654	-22.164301	42.107654	-30.688975	-75.281135	30.375079	75.281135	17.255447	3.212231	
312	2.189616	-5.692539	3.567731	-40.736820	-23.970231	40.736820	-34.910298	-75.474273	33.064927	75.474273	20.689925	3.231148	
313	1.788405	-6.345671	3.658414	-39.176898	-25.840285	39.176898	-37.940861	-75.166835	34.890509	75.166835	24.891229	3.248020	
314	1.395311	-6.942676	3.751306	-37.557793	-27.743449	37.557793	-39.538325	-74.347022	35.682794	74.347022	29.920849	3.262553	
315	1.016207	-7.457133	3.847241	-35.893867	-29.597845	35.893867	-39.477078	-72.898104	35.302442	72.898104	35.703606	3.274492	
316	0.648363	-7.881760	3.946490	-34.366451	-31.343494	34.366451	-37.775691	-70.749341	33.768908	70.749341	41.942369	3.283627	
317	0.281658	-8.233052	4.048538	-33.309234	-32.986511	33.309234	-34.646036	-67.936916	31.228003	67.936916	48.197848	3.289793	
318	-0.097570	-8.522596	4.152213	-32.885721	-34.526383	32.885721	-30.275670	-64.475806	27.837238	64.475806	53.958047	3.292870	
319	-0.504102	-8.751469	4.255757	-33.081942	-35.935204	33.081942	-24.828732	-60.335001	23.756416	60.335001	58.643401	3.292682	
320	-0.952277	-8.927697	4.356833	-33.891040	-37.241214	33.891040	-18.518106	-55.560241	19.179344	55.560241	61.682049	3.288962	
321	-1.460840	-9.078104	4.452692	-35.299134	-38.533962	35.299134	-11.602567	-50.296247	14.340234	50.296247	62.563410	3.281558	
322	-2.060749	-9.236640	4.540292	-36.983429	-39.822517	36.983429	-4.359658	-44.541828	9.498607	44.541828	60.739032	3.270563	
323	-2.788214	-9.424050	4.616148	-38.349486	-40.998524	38.349486	2.890408	-38.006321	4.940197	38.006321	55.621589	3.256098	
324	-3.660794	-9.650225	4.676326	-39.156308	-42.046957	39.156308	9.831775	-30.476771	0.953981	30.476771	46.981538	3.238202	
325	-4.663999	-9.925169	4.717119	-39.696764	-43.199990	39.696764	16.342819	-22.175724	-2.242453	22.175724	35.304699	3.217009	
326	-5.761133	-10.257975	4.735895	-40.272748	-44.873802	40.272748	22.615951	-13.635311	-4.540633	13.635311	21.641608	3.192836	
327	-6.905138	-10.649947	4.731500	-40.787723	-47.574237	40.787723	29.166461	-5.473728	-5.943459	5.473728	7.291116	3.166135	
328	-8.044717	-11.088486	4.704360	-40.782456	-51.823864	40.782456	36.777083	1.695112	-6.572373	-1.695112	-6.421726	3.137457	
329	-9.131510	-11.546940	4.656370	-39.770191	-58.090705	39.770191	46.355007	7.323939	-6.648958	-7.323939	-18.348868	3.107324	
330	-10.120686	-11.992849	4.590584	-37.486175	-66.790220	37.486175	58.871621	10.898005	-6.474424	-10.898005	-27.569666	3.076147	
331	-10.966474	-12.389970	4.510970	-33.915375	-78.276997	33.915375	75.325206	11.885383	-6.403211	-11.885383	-33.403237	3.044288	
332	-11.627043	-12.692301	4.422154	-29.392490	-92.762274	29.392490	96.433908	9.859680	-6.714251	-9.859680	-35.619906	3.012092	
333	-12.072085	-12.854321	4.328954	-24.539069	-110.354156	24.539069	122.439019	4.586883	-7.477323	-4.586883	-34.528411	2.979815	
334	-12.282852	-12.838374	4.235863	-20.072117	-130.964704	20.072117	153.046186	-3.935215	-8.523166	3.935215	-30.873300	2.947591	
335	-12.252378	-12.602735	4.146486	-17.058793	-154.009487	17.058793	187.081630	-15.384759	-9.382812	15.384759	-25.825084	2.915475	
336	-11.987993	-12.113944	4.063012	-16.977081	-178.710293	16.977081	222.808411	-29.475014	-9.312434	29.475014	-20.804976	2.883499	
337	-11.514102	-11.383073	3.986246	-20.929261	-204.587301	20.929261	258.959349	-46.340808	-7.614766	46.340808	-17.021658	2.851695	
338	-10.870809	-10.468171	3.916099	-29.070487	-231.207422	29.070487	294.857275	-66.091964	-3.942650	66.091964	-15.211192	2.820081	
339	-10.103979	-9.431025	3.851830	-41.093846	-257.932593	41.093846	329.780564	-88.472769	1.817024	88.472769	-15.849696	2.788611	
340	-9.257693	-8.305543	3.791950	-56.918539	-284.060832	56.918539	362.687563	-113.124201	9.802787	113.124201	-19.368217	2.757163	
341	-8.368971	-7.108713	3.734275	-76.743265	-308.871652	76.743265	392.348097	-139.680978	20.152720	139.680978	-26.032066	2.725602	
342	-7.463815	-5.861343	3.676307	-100.688943	-331.685210	100.688943	417.729110	-167.743899	32.841119	167.743899	-35.808508	2.693860	
343	-6.561377	-4.591372	3.615666	-128.510647	-351.993269	128.510647	438.328155	-196.956610	47.599998	196.956610	-48.369140	2.661929	
344	-5.674164	-3.322963	3.550466	-159.620426	-369.514336	159.620426	454.142097	-227.127819	63.973865	227.127819	-63.174435	2.629810	
345	-4.805091	-2.073343	3.479572	-193.244612	-384.189084	193.244612	465.544065	-258.203465	81.436039	258.203465	-79.600897	2.597481	
346	-3.949934	-0.855251	3.402640	-228.716140	-396.182144	228.716140	473.205857	-290.163675	99.470378	290.163675	-97.032077	2.564899	
347	-3.098358	0.329596	3.320054	-265.681981	-405.864482	265.681981	477.900379	-323.139925	117.645630	323.139925	-114.927293	2.532042	
348	-2.237127	1.485463	3.232897	-303.730560	-413.691585	303.730560	480.450592	-357.333143	135.606617	357.333143	-132.805990	2.498920	
349	-1.354703	2.611516	3.142942	-342.319809	-420.206518	342.319809	481.899214	-392.805637	153.066651	392.805637	-150.252947	2.465587	
350	-0.443759	3.702362	3.052597	-381.133560	-426.027939	381.133560	483.370196	-429.409939	169.795456	429.409939	-166.926636	2.432096	
351	0.492647	4.743058	2.964782	-419.631889	-431.582596	419.631889	485.766576	-466.497817	185.417585	466.497817	-182.375719	2.398439	
352	1.446515	5.711321	2.882687	-456.780029	-437.107205	456.780029	489.779435	-503.028003	199.461244	503.028003	-196.120324	2.364597	
353	2.416750	6.592827	2.809406	-491.763506	-442.847363	491.763506	495.886797	-538.118286	211.692106	538.118286	-208.009164	2.330583	
354	3.405641	7.386968	2.747548	-524.576835	-449.069720	524.576835	504.240494	-571.364008	222.268694	571.364008	-218.347075	2.296363	
355	4.415925	8.108204	2.699008	-555.897037	-456.054933	555.897037	514.702028	-603.153258	231.774507	603.153258	-227.863509	2.261804	
356	5.444404	8.769388	2.665093	-585.710527	-463.742091	585.710527	526.755164	-633.926079	240.746343	633.926079	-237.201977	2.226739	
357	6.471237	9.362711	2.646684	-612.388860	-471.387481	612.388860	539.369086	-663.028985	249.168361	663.028985	-246.422118	2.191051	
358	7.470097	9.880272	2.644256	-634.188321	-478.139422	634.188321	551.409222	-689.679995	256.956908	689.679995	-255.477615	2.154725	
359	8.421199	10.331899	2.658008	-650.236188	-483.478819	650.236188	561.963540	-714.006814	264.411542	714.006814	-264.640111	2.117813	
360	9.313734	10.739068	2.688140	-659.823884	-486.890899	659.823884	570.035853	-736.506958	272.025381	736.506958	-274.318533	2.080319	
361	10.146901	11.126336	2.735141	-662.614266	-487.986321	662.614266	574.764625	-757.730263	280.266114	757.730263	-284.881021	2.042117	
362	10.925848	11.508322	2.799773	-658.664277	-486.768948	658.664277	575.830934	-778.267594	289.427536	778.267594	-296.539990	2.003031	
363	11.662122	11.901409	2.882950	-647.605251	-483.394469	647.605251	572.999042	-799.242663	299.938678	799.242663	-309.638788	1.962955	
364	12.378175	12.348082	2.986242	-629.505123	-478.138224	629.505123	565.822359	-823.017451	312.769414	823.017451	-325.008151	1.921854	
365	13.102025	12.903338	3.112399	-605.634297	-471.341922	605.634297	553.754081	-852.122004	328.943555	852.122004	-343.516192	1.879688	
366	13.858399	13.602418	3.264710	-576.722689	-463.107654	576.722689	536.245236	-887.685948	348.805177	887.685948	-365.433572	1.836382	
367	14.661580	14.448880	3.445726	-541.944682	-453.380351	541.944682	513.139571	-929.614504	372.036268	929.614504	-390.455249	1.791836	
368	15.516473	15.429293	3.656666	-500.385212	-442.212266	500.385212	484.801925	-977.441691	398.094441	977.441691	-418.062786	1.745951	
369	16.428725	16.534036	3.897599	-452.207911	-429.708017	452.207911	451.661544	-1030.470352	426.467754	1030.470352	-447.746107	1.698676	
370	17.391289	17.753685	4.167661	-398.461703	-415.892089	398.461703	414.080235	-1087.277124	456.378302	1087.277124	-478.685502	1.650055	
371	18.365792	19.060042	4.465126	-340.379227	-400.916076	340.379227	373.039713	-1145.713882	486.355113	1145.713882	-509.323413	1.600216	
372	19.319325	20.417813	4.787544	-278.800964	-385.178990	278.800964	330.201227	-1203.948096	514.933065	1203.948096	-538.129760	1.549351	
373	20.252525	21.801742	5.132044	-214.276799	-369.062699	214.276799	287.094764	-1260.826126	541.377489	1260.826126	-564.303557	1.497753	
374	21.159511	23.169222	5.495763	-147.238588	-352.885773	147.238588	245.359996	-1315.212018	564.963240	1315.212018	-586.891657	1.445815	
375	22.014594	24.468796	5.876230	-78.896449	-336.952549	78.896449	206.750832	-1365.755395	584.677347	1365.755395	-604.434159	1.393935	
376	22.809201	25.716811	6.271384	-13.239889	-321.588703	13.239889	172.208272	-1410.977401	599.885303	1410.977401	-615.876538	1.342486	
377	23.553402	26.979766	6.679180	44.396230	-307.444880	-44.396230	142.897892	-1449.234642	610.150939	1449.234642	-620.758275	1.291863	
378	24.249300	28.278456	7.097316	92.284211	-295.164761	-92.284211	120.835340	-1478.599728	614.664996	1478.599728	-618.710931	1.242542	
379	24.885187	29.589417	7.523289	133.527558	-284.419400	-133.527558	106.293287	-1496.295162	612.319523	1496.295162	-609.344908	1.195017	
380	25.434926	30.865873	7.954369	171.778810	-274.064591	-171.778810	97.270758	-1498.564905	601.858733	1498.564905	-592.291909	1.149594	
381	25.861492	32.033377	8.387417	207.713460	-263.157942	-207.713460	91.648675	-1481.991576	582.176820	1481.991576	-567.439202	1.106339	
382	26.136041	33.036329	8.818826	239.545909	-251.253690	-239.545909	87.455027	-1444.487669	552.835897	1444.487669	-535.397359	1.065361	
383	26.253003	33.857479	9.244612	265.424211	-237.956830	-265.424211	82.074127	-1385.217641	514.299077	1385.217641	-497.784269	1.027112	
384	26.227960	34.493171	9.660533	284.841132	-222.757154	-284.841132	72.930032	-1304.787834	467.803975	1304.787834	-457.109244	0.992267	
385	26.086283	34.958366	10.062166	298.516720	-205.783261	-298.516720	60.490184	-1205.433934	414.884129	1205.433934	-416.219481	0.961412	
386	25.861696	35.294113	10.444976	308.646433	-187.635040	-308.646433	47.922652	-1090.478569	356.910789	1090.478569	-377.798760	0.934859	
387	25.594148	35.543798	10.804703	317.270351	-168.185912	-317.270351	37.165421	-963.869589	294.799738	963.869589	-344.123032	0.912627	
388	25.321195	35.735136	11.138042	323.457065	-146.851606	-323.457065	30.122157	-830.725647	228.955227	830.725647	-317.119862	0.894594	
389	25.077290	35.887396	11.443150	323.124544	-123.943009	-323.124544	33.444289	-697.857255	159.400288	697.857255	-298.602459	0.880667	
390	24.894463	36.017284	11.719735	311.271139	-100.980463	-311.271139	58.767870	-573.113624	85.800098	573.113624	-290.361492	0.870724	
391	24.810420	36.148515	11.968847	285.457677	-79.948914	-285.457677	118.305946	-464.244642	7.442308	464.244642	-294.259852	0.864467	
392	24.857274	36.313875	12.192519	248.363662	-62.784778	-248.363662	221.784839	-377.066079	-77.185773	377.066079	-311.427875	0.861420	
393	25.015287	36.504190	12.393024	209.603819	-50.493749	-209.603819	373.841405	-312.933265	-170.022267	312.933265	-341.289785	0.861011	
394	25.203153	36.603627	12.571108	187.741094	-42.189892	-187.741094	570.958197	-267.666370	-271.088173	267.666370	-383.048201	0.862609	
395	25.322885	36.348481	12.723074	210.259036	-34.375520	-210.259036	797.957460	-232.493313	-376.022879	232.493313	-438.929924	0.865542	
396	25.302777	35.330757	12.837057	310.755070	-20.322102	-310.755070	1024.453523	-195.915907	-475.420535	195.915907	-515.294499	0.869194	
397	25.137431	33.138875	12.889718	510.516221	8.425867	-510.516221	1206.927725	-146.223114	-556.727802	146.223114	-618.900984	0.873093	
398	24.945906	29.639344	12.846746	773.154247	57.379224	-773.154247	1298.787801	-75.819869	-608.621421	75.819869	-748.985726	0.876922	
399	24.980968	25.207579	12.671658	968.033421	123.122840	-968.033421	1263.279112	13.329567	-625.154650	-13.329567	-885.214465	0.880505	
400	25.522455	20.622044	12.343795	923.068046	191.712110	-923.068046	1084.968824	108.833059	-604.930580	-108.833059	-979.733805	0.883774	
401	26.689410	16.642804	11.877724	568.635363	244.868908	-568.635363	786.644850	194.695806	-548.090578	-194.695806	-971.600960	0.886685	
402	28.252698	13.618585	11.330198	31.948810	269.592860	-31.948810	442.201285	260.162036	-458.744121	-260.162036	-825.887154	0.889172	
403	29.556238	11.336171	10.785578	-437.371862	264.745010	437.371862	147.916999	303.459259	-346.692334	-303.459259	-570.172772	0.891159	
404	29.670048	9.208724	10.326246	-651.962258	240.148688	651.962258	-41.882115	328.836918	-219.416943	-328.836918	-289.039508	0.892519	
405	27.872223	6.687702	10.006407	-596.183652	209.436470	596.183652	-144.904044	340.723939	-77.206834	-340.723939	-71.685121	0.893070	
406	24.305860	3.578369	9.839862	-378.881067	181.765805	378.881067	-210.944763	341.008711	73.063723	-341.008711	48.450258	0.892662	
407	19.993600	0.061878	9.801394	-123.698560	156.986624	123.698560	-262.753887	331.496760	203.643527	-331.496760	103.518857	0.891273	
408	15.873075	-3.546031	9.840338	91.568538	129.357192	-91.568538	-292.450842	317.026907	283.359754	-317.026907	132.856879	0.889072	
409	12.169345	-7.065838	9.900083	235.048744	96.202964	-235.048744	-300.235518	304.503286	307.518589	-304.503286	140.366257	0.886407	
410	8.711380	-10.498847	9.934042	304.687122	60.632378	-304.687122	-303.233865	299.419302	297.571235	-299.419302	114.271065	0.883680	
411	5.380975	-13.853397	9.913867	316.582725	27.932945	-316.582725	-312.303288	303.822407	278.277395	-303.822407	55.885246	0.881228	
412	2.215331	-16.970064	9.829617	297.787148	2.181479	-297.787148	-318.573098	316.559347	262.524389	-316.559347	-18.112871	0.879307	
413	-0.685011	-19.512696	9.684395	280.661728	-14.589268	-280.661728	-302.875207	334.510235	251.553192	-334.510235	-88.261626	0.878131	
414	-3.218143	-21.184159	9.488377	295.210138	-21.987195	-295.210138	-255.301764	353.647694	241.752232	-353.647694	-141.595715	0.877890	
415	-5.310249	-21.930399	9.255050	360.278849	-21.117365	-360.278849	-183.370443	369.680752	229.815625	-369.680752	-173.346967	0.878615	
416	-6.924969	-21.900948	8.999280	477.310055	-14.399425	-477.310055	-104.066359	378.598797	214.055400	-378.598797	-184.284733	0.880053	
417	-8.069619	-21.340847	8.736004	628.401757	-4.634437	-628.401757	-34.703596	377.536839	194.410548	-377.536839	-177.845093	0.881824	
418	-8.800696	-20.512481	8.478849	781.197480	5.874444	-781.197480	12.761035	365.902538	171.426094	-365.902538	-158.572524	0.883685	
419	-9.180268	-19.582200	8.238880	899.853535	15.437169	-899.853535	34.940099	346.167708	144.542387	-346.167708	-130.844654	0.885559	
420	-9.236236	-18.564708	8.023887	955.528217	22.864265	-955.528217	34.588067	323.898465	112.459550	-323.898465	-98.141323	0.887347	
421	-8.981517	-17.421681	7.838123	932.206491	27.621665	-932.206491	15.604199	305.797208	74.884286	-305.797208	-63.139401	0.888825	
422	-8.466610	-16.210162	7.682464	828.749129	30.065182	-828.749129	-17.924128	296.417445	33.162726	-296.417445	-28.260373	0.889713	
423	-7.791673	-15.070860	7.554865	659.601070	31.119318	-659.601070	-59.688411	297.342097	-10.485964	-297.342097	4.196644	0.889801	
424	-7.062341	-14.097355	7.450805	453.171706	31.579812	-453.171706	-101.833447	308.813690	-53.651018	-308.813690	32.445895	0.888963	
425	-6.362146	-13.291196	7.363714	245.106366	31.860921	-245.106366	-137.756346	330.284640	-93.686120	-330.284640	55.228556	0.887182	
426	-5.748686	-12.592880	7.285661	68.803967	32.116521	-68.803967	-163.480470	359.818007	-127.723199	-359.818007	71.650547	0.884536	
427	-5.249883	-11.916706	7.208411	-50.990267	32.364178	50.990267	-177.081282	394.089447	-153.175563	-394.089447	81.291014	0.881108	
428	-4.869475	-11.184060	7.124519	-99.922298	32.548600	99.922298	-177.631079	429.118829	-168.358914	-429.118829	84.328809	0.876967	
429	-4.593575	-10.337291	7.028188	-74.361117	32.541595	74.361117	-165.255061	461.090844	-172.828796	-461.090844	81.552047	0.872241	
430	-4.397138	-9.350688	6.915840	17.816041	32.214912	-17.816041	-141.877955	486.980324	-167.387905	-486.980324	74.245578	0.867144	
431	-4.251575	-8.246840	6.786322	157.350372	31.603963	-157.350372	-111.384750	504.964540	-153.980290	-504.964540	64.036688	0.861959	
432	-4.124450	-7.091311	6.640737	316.039146	30.947277	-316.039146	-78.766353	514.310280	-135.438157	-514.310280	52.729485	0.857027	
433	-3.984879	-5.969809	6.482077	461.864942	30.573182	-461.864942	-49.319156	515.077659	-114.794677	-515.077659	41.927191	0.852718	
434	-3.817630	-4.959001	6.314556	566.331723	30.808302	-566.331723	-28.548652	508.114850	-94.411382	-508.114850	32.586086	0.849373	
435	-3.624204	-4.102463	6.142718	612.461770	31.901594	-612.461770	-20.775452	494.857951	-75.627301	-494.857951	24.968057	0.847220	
436	-3.414422	-3.412882	5.970715	599.662710	33.900845	-599.662710	-26.544228	476.840484	-58.999117	-476.840484	18.931672	0.846227	
437	-3.200581	-2.889610	5.801931	541.638102	36.582723	-541.638102	-42.125899	455.422369	-44.642878	-455.422369	14.202102	0.846081	
438	-2.988325	-2.523159	5.638815	458.648765	39.477714	-458.648765	-61.717378	431.714171	-32.488222	-431.714171	10.549729	0.846483	
439	-2.771102	-2.290103	5.482944	369.649602	41.991850	-369.649602	-80.116889	406.543870	-22.409324	-406.543870	7.844578	0.847447	
440	-2.539115	-2.167238	5.335210	288.405998	43.629994	-288.405998	-94.097947	380.679184	-14.251738	-380.679184	5.996136	0.849212	
441	-2.289236	-2.150977	5.195953	223.066219	44.132534	-223.066219	-102.358115	355.070072	-7.841685	-355.070072	4.904604	0.852074	
442	-2.021698	-2.238841	5.064997	177.007944	43.403807	-177.007944	-104.931648	330.609983	-2.982101	-330.609983	4.451692	0.856322	
443	-1.732447	-2.402942	4.941821	150.197913	41.422423	-150.197913	-102.547377	307.827564	0.518326	-307.827564	4.522573	0.862079	
444	-1.413073	-2.599199	4.825801	140.470563	38.282092	-140.470563	-96.229015	287.049732	2.810322	-287.049732	5.031161	0.869148	
445	-1.055191	-2.778904	4.716328	144.446519	34.260382	-144.446519	-87.229919	268.616529	4.039234	-268.616529	5.893901	0.877088	
446	-0.655395	-2.893131	4.612839	158.388482	29.804408	-158.388482	-76.916089	252.797426	4.389553	-252.797426	6.995016	0.885442	
447	-0.218818	-2.911618	4.514813	178.718729	25.399716	-178.718729	-66.492923	239.580559	4.083908	-239.580559	8.198793	0.893894	
448	0.242441	-2.828860	4.421754	202.120455	21.374156	-202.120455	-56.747135	228.557189	3.352043	-228.557189	9.376268	0.902239	
449	0.713366	-2.648711	4.333252	225.733204	17.849617	-225.733204	-48.056575	219.120552	2.399942	-219.120552	10.417530	0.910327	
450	1.177065	-2.378150	4.249008	247.582275	14.903195	-247.582275	-40.689097	210.783598	1.400757	-210.783598	11.232258	0.918101	
451	1.613019	-2.035038	4.168723	266.697960	12.672185	-266.697960	-34.947780	203.243223	0.493785	-203.243223	11.744596	0.925627	
452	2.000050	-1.650089	4.091993	282.655834	11.254650	-282.655834	-30.992114	196.247558	-0.239607	-196.247558	11.907489	0.933053	
453	2.321714	-1.258486	4.018342	295.174015	10.640537	-295.174015	-28.759162	189.565081	-0.784223	-189.565081	11.710894	0.940521	
454	2.565602	-0.892514	3.947278	304.060275	10.798619	-304.060275	-28.132822	183.077970	-1.157728	-183.077970	11.161739	0.948144	
455	2.725757	-0.574554	3.878266	309.061681	11.650484	-309.061681	-28.916640	176.652968	-1.414665	-176.652968	10.300589	0.956023	
456	2.807368	-0.314383	3.810812	309.805935	12.990689	-309.805935	-30.731036	170.039374	-1.659260	-170.039374	9.222576	0.964150	
457	2.821740	-0.117574	3.744541	306.114309	14.587407	-306.114309	-33.180069	163.105100	-1.991459	-163.105100	8.032958	0.972374	
458	2.779851	0.012477	3.679139	298.146956	16.264961	-298.146956	-35.977676	155.910997	-2.461028	-155.910997	6.806924	0.980546	
459	2.691065	0.080671	3.614356	286.268219	17.894192	-286.268219	-38.952334	148.587289	-3.067906	-148.587289	5.591149	0.988696	
460	2.563839	0.094871	3.550064	270.962521	19.384071	-270.962521	-42.019701	141.309605	-3.772657	-141.309605	4.412418	0.997010	
461	2.406222	0.056067	3.486190	252.864889	20.667185	-252.864889	-45.083714	134.279969	-4.507514	-134.279969	3.279875	1.005601	
462	2.225670	-0.037681	3.422602	232.803783	21.681973	-232.803783	-47.967083	127.644275	-5.195379	-127.644275	2.191378	1.014438	
463	2.029621	-0.181118	3.359102	211.773437	22.359059	-211.773437	-50.420557	121.441458	-5.775565	-121.441458	1.149241	1.023403	
464	1.826519	-0.358990	3.295539	190.822795	22.633242	-190.822795	-52.194625	115.634826	-6.215998	-115.634826	0.167012	1.032325	
465	1.625212	-0.546761	3.231891	170.832016	22.489974	-170.832016	-53.172045	110.170082	-6.507673	-110.170082	-0.737026	1.041076	
466	1.430547	-0.714545	3.168276	152.424811	22.016730	-152.424811	-53.533071	105.113093	-6.633287	-105.113093	-1.558148	1.049643	
467	1.242848	-0.846663	3.104839	135.992433	21.361113	-135.992433	-53.608065	100.614977	-6.558568	-100.614977	-2.314117	1.058029	
468	1.062991	-0.955316	3.041617	121.649652	20.637895	-121.649652	-53.482617	96.636749	-6.273831	-96.636749	-3.031517	1.066154	
469	0.893526	-1.054715	2.978527	109.317024	19.915355	-109.317024	-53.058348	92.972198	-5.807964	-92.972198	-3.726579	1.073897	
470	0.738995	-1.136742	2.915482	98.788501	19.238809	-98.788501	-52.357888	89.445137	-5.219872	-89.445137	-4.388548	1.081182	
471	0.606601	-1.185947	2.852560	89.668714	18.638546	-89.668714	-51.487777	85.900614	-4.594731	-85.900614	-4.986327	1.087990	
472	0.499533	-1.200788	2.790055	81.516471	18.134727	-81.516471	-50.504948	82.226076	-3.992926	-82.226076	-5.508515	1.094322	
473	0.412946	-1.191933	2.728289	74.083219	17.737797	-74.083219	-49.450525	78.439257	-3.413973	-78.439257	-5.977359	1.100196	
474	0.343262	-1.168687	2.667422	67.252694	17.435838	-67.252694	-48.342383	74.605356	-2.856680	-74.605356	-6.407615	1.105640	
475	0.293171	-1.138058	2.607537	60.935111	17.188316	-60.935111	-47.078219	70.712026	-2.353885	-70.712026	-6.787203	1.110589	
476	0.263552	-1.106201	2.548786	55.101908	16.939180	-55.101908	-45.534788	66.724209	-1.918681	-66.724209	-7.098173	1.114834	
477	0.250110	-1.071497	2.491377	49.714350	16.644590	-49.714350	-43.738573	62.666608	-1.526576	-62.666608	-7.328321	1.118188	
478	0.249098	-1.029199	2.435552	44.618758	16.303319	-44.618758	-41.797922	58.568142	-1.158544	-58.568142	-7.474249	1.120710	
479	0.256913	-0.984132	2.381597	39.675790	15.951392	-39.675790	-39.802086	54.454952	-0.798866	-54.454952	-7.549597	1.122686	
480	0.264935	-0.949810	2.329702	34.971782	15.626742	-34.971782	-37.846729	50.432950	-0.402087	-50.432950	-7.587830	1.124468	
481	0.263228	-0.938962	2.279780	30.736419	15.347406	-30.736419	-36.011409	46.627327	0.082761	-46.627327	-7.623301	1.126397	
482	0.246222	-0.956589	2.231534	27.049107	15.111890	-27.049107	-34.335444	43.087011	0.676500	-43.087011	-7.667639	1.128657	
483	0.212554	-0.997457	2.184661	23.734279	14.921593	-23.734279	-32.876497	39.815247	1.372645	-39.815247	-7.714414	1.131135	
484	0.165266	-1.054423	2.138947	20.557762	14.790086	-20.557762	-31.680980	36.775556	2.143546	-36.775556	-7.754116	1.133522	
485	0.109317	-1.124006	2.094295	17.422257	14.707778	-17.422257	-30.729553	33.916799	2.953961	-33.916799	-7.772978	1.135478	
486	0.044469	-1.203243	2.050675	14.335844	14.650625	-14.335844	-30.032483	31.262283	3.792237	-31.262283	-7.770611	1.136713	
487	-0.033515	-1.293349	2.007981	11.312376	14.630982	-11.312376	-29.664517	28.867121	4.668879	-28.867121	-7.775940	1.137057	
488	-0.123807	-1.396759	1.965991	8.388833	14.651535	-8.388833	-29.593419	26.697739	5.572003	-26.697739	-7.803715	1.136484	
489	-0.220411	-1.505435	1.924528	5.680254	14.650300	-5.680254	-29.629351	24.655164	6.455331	-24.655164	-7.829020	1.135029	
490	-0.319677	-1.605969	1.883563	3.302691	14.563332	-3.302691	-29.621043	22.697437	7.275764	-22.697437	-7.829881	1.132694	
491	-0.420535	-1.691246	1.843125	1.272069	14.373543	-1.272069	-29.542307	20.865418	8.007415	-20.865418	-7.806134	1.129474	
492	-0.522690	-1.759486	1.803222	-0.418686	14.090745	0.418686	-29.410183	19.200697	8.639546	-19.200697	-7.772542	1.125393	
493	-0.628740	-1.811252	1.763816	-1.716468	13.741546	1.716468	-29.239227	17.693076	9.185675	-17.693076	-7.765312	1.120461	
494	-0.740635	-1.850877	1.724828	-2.623268	13.361896	2.623268	-29.030662	16.301141	9.663563	-16.301141	-7.815430	1.114735	
495	-0.857882	-1.886569	1.686174	-3.256316	12.985105	3.256316	-28.790151	14.991029	10.081482	-14.991029	-7.931307	1.108368	
496	-0.982799	-1.922072	1.647797	-3.720519	12.635407	3.720519	-28.543677	13.755367	10.452829	-13.755367	-8.126368	1.101488	
497	-1.120886	-1.952311	1.609642	-4.081584	12.327300	4.081584	-28.309619	12.597131	10.796690	-12.597131	-8.428411	1.094167	
498	-1.276247	-1.978591	1.571615	-4.428743	12.075791	4.428743	-28.098511	11.499975	11.134687	-11.499975	-8.862887	1.086495	
499	-1.448232	-2.012212	1.533558	-4.810876	11.885565	4.810876	-27.909061	10.440474	11.480898	-10.440474	-9.431147	1.078546	
500	-1.631308	-2.057629	1.495245	-5.192171	11.732252	5.192171	-27.692831	9.403543	11.828892	-9.403543	-10.103547	1.070332	
501	-1.818570	-2.110911	1.456441	-5.524404	11.578855	5.524404	-27.384670	8.373061	12.165544	-8.373061	-10.839556	1.061846	
502	-2.005469	-2.169951	1.416926	-5.824109	11.407975	5.824109	-26.976430	7.348159	12.490098	-7.348159	-11.608357	1.053087	
503	-2.187937	-2.236670	1.376489	-6.187675	11.225046	6.187675	-26.517051	6.336130	12.808080	-6.336130	-12.379137	1.044048	
504	-2.360321	-2.315525	1.335010	-6.653711	11.038867	6.653711	-26.063857	5.331624	13.118138	-5.331624	-13.112121	1.034731	
505	-2.519035	-2.409601	1.292508	-7.141874	10.857737	7.141874	-25.655108	4.336628	13.414539	-4.336628	-13.778484	1.025189	
506	-2.662366	-2.514516	1.249056	-7.603274	10.689627	7.603274	-25.284717	3.363730	13.686564	-3.363730	-14.360586	1.015517	
507	-2.786433	-2.618603	1.204751	-8.034393	10.532903	8.034393	-24.893581	2.422577	13.913635	-2.422577	-14.833353	1.005800	
508	-2.886497	-2.710035	1.159740	-8.402212	10.377696	8.402212	-24.411956	1.525773	14.077450	-1.525773	-15.172064	0.996077	
509	-2.960611	-2.785977	1.114241	-8.705668	10.221533	8.705668	-23.823438	0.684123	14.181180	-0.684123	-15.370907	0.986360	
510	-3.010630	-2.855938	1.068512	-8.995786	10.077717	8.995786	-23.186550	-0.108127	14.249670	0.108127	-15.444666	0.976691	
511	-3.040754	-2.929469	1.022780	-9.300610	9.959704	9.300610	-22.573015	-0.865207	14.304252	0.865207	-15.414369	0.967213	
512	-3.053662	-3.003374	0.977267	-9.629318	9.866351	9.629318	-22.003480	-1.590849	14.344030	1.590849	-15.288427	0.958091	
513	-3.050248	-3.068815	0.932283	-10.010118	9.788208	10.010118	-21.468916	-2.275774	14.359898	2.275774	-15.068227	0.949352	
514	-3.034566	-3.125020	0.888202	-10.425630	9.712889	10.425630	-20.974690	-2.910803	14.357229	2.910803	-14.772390	0.940937	
515	-3.013217	-3.181432	0.845312	-10.769709	9.627107	10.769709	-20.552713	-3.495077	14.353359	3.495077	-14.430424	0.932800	
516	-2.988786	-3.244655	0.803748	-10.965713	9.521383	10.965713	-20.223971	-4.024386	14.347387	4.024386	-14.049946	0.924845	
517	-2.956844	-3.306705	0.763594	-11.073085	9.390734	11.073085	-19.952194	-4.482761	14.302490	4.482761	-13.605711	0.916883	
518	-2.908739	-3.353809	0.725027	-11.182219	9.231436	11.182219	-19.685476	-4.851628	14.175180	4.851628	-13.062902	0.908741	
519	-2.834512	-3.375670	0.688346	-11.262547	9.030727	11.262547	-19.397701	-5.110708	13.941390	5.110708	-12.394941	0.900362	
520	-2.723825	-3.361989	0.653938	-11.223811	8.763937	11.223811	-19.073269	-5.232303	13.584583	5.232303	-11.581621	0.891877	
521	-2.567526	-3.302075	0.622222	-11.048025	8.410817	11.048025	-18.717441	-5.188376	13.090804	5.188376	-10.611894	0.883581	
522	-2.355211	-3.185607	0.593603	-10.786039	7.958341	10.786039	-18.362753	-4.949413	12.452678	4.949413	-9.476568	0.875720	
523	-2.072433	-2.999379	0.568497	-10.527046	7.387195	10.527046	-18.037112	-4.475890	11.663008	4.475890	-8.157800	0.868449	
524	-1.705571	-2.727417	0.547356	-10.396433	6.676425	10.396433	-17.746481	-3.732701	10.719335	3.732701	-6.642338	0.862042	
525	-1.245371	-2.355908	0.530644	-10.482409	5.815905	10.482409	-17.490427	-2.707526	9.635422	2.707526	-4.928739	0.856982	
526	-0.690101	-1.880992	0.518811	-10.774434	4.817153	10.774434	-17.277178	-1.419412	8.439437	1.419412	-3.029230	0.853829	
527	-0.051068	-1.315420	0.512234	-11.229572	3.724676	11.229572	-17.112102	0.075910	7.159813	-0.075910	-0.975536	0.853064	
528	0.649536	-0.688132	0.511203	-11.834042	2.601405	11.834042	-16.964761	1.689894	5.813506	-1.689894	1.194577	0.855025	
529	1.379012	-0.038916	0.515949	-12.597243	1.507717	12.597243	-16.758108	3.299230	4.416258	-3.299230	3.436028	0.859883	
530	2.084252	0.581006	0.526631	-13.538224	0.511103	13.538224	-16.406758	4.735840	3.013812	-4.735840	5.652475	0.867648	
531	2.688576	1.105475	0.543055	-14.628175	-0.304212	14.628175	-15.876046	5.805259	1.712891	-5.805259	7.658774	0.878069	
532	3.077215	1.440127	0.564558	-15.711453	-0.806111	15.711453	-15.217168	6.279398	0.738117	-6.279398	9.099693	0.890584	
533	3.161864	1.514654	0.588435	-16.534510	-0.887885	16.534510	-14.593024	6.070337	0.328203	-6.070337	9.615205	0.903693	
