kww	// User ID
29-6-2021	// Evaluation date
p35_e_50_step_001	29-6-2021	20:37:53:509	// Source file name and timestamp
357.143	// Sampling rate
1.294	// Data capture period

1.880000	// height
82.300000	// mass


Sample #	elbVar	shldrIR	LwristLinVelo	thorJFPd	thorSTPd	UaJFPp	UaSTPp	UaJFPd	UaSTPd	FaJFPp	FaSTPp	RwristLinVelo	
0	0.844512	0.958542	2.417526	-0.503549	0.363551	0.503549	2.681930	0.755122	0.691894	-0.755122	-3.365905	2.433618	
1	1.006222	0.827649	2.455392	-0.956814	0.481129	0.956814	1.230915	-0.053110	2.232821	0.053110	-7.124554	2.458719	
2	1.191251	0.762005	2.487169	-1.309164	0.600850	1.309164	-0.473775	-0.344351	3.579635	0.344351	-10.673145	2.477691	
3	1.220060	0.408209	2.512514	-1.661481	0.740127	1.661481	-1.087335	-2.287550	5.344019	2.287550	-15.029234	2.491137	
4	1.176155	-0.028172	2.531330	-1.913939	0.866095	1.913939	-1.171638	-4.681732	7.067289	4.681732	-19.266754	2.500485	
5	1.063202	-0.516061	2.544058	-2.047504	0.973256	2.047504	-0.723580	-7.349642	8.651497	7.349642	-23.094018	2.506945	
6	0.903676	-1.000364	2.551532	-2.050657	1.057623	2.050657	0.175669	-9.986201	9.971774	9.986201	-26.195032	2.511772	
7	0.718177	-1.448570	2.554864	-1.914904	1.129350	1.914904	1.459586	-12.430132	10.980656	12.430132	-28.461838	2.516103	
8	0.527593	-1.837395	2.555183	-1.615057	1.202190	1.615057	3.026775	-14.562601	11.683289	14.562601	-29.936525	2.520883	
9	0.348577	-2.153633	2.553456	-1.130867	1.278378	1.130867	4.777288	-16.325744	12.114385	16.325744	-30.736577	2.526735	
10	0.197064	-2.388635	2.550418	-0.483398	1.348412	0.483398	6.604810	-17.709730	12.313752	17.709730	-30.986519	2.534003	
11	0.075970	-2.549632	2.546688	0.284996	1.402382	-0.284996	8.449927	-18.750754	12.314139	18.750754	-30.779479	2.542922	
12	-0.028462	-2.664462	2.542847	1.154552	1.444689	-1.154552	10.270464	-19.490917	12.165198	19.490917	-30.247652	2.553647	
13	-0.130017	-2.762402	2.539298	2.104922	1.491226	-2.104922	11.984452	-19.957674	11.930578	19.957674	-29.565280	2.566179	
14	-0.232190	-2.854866	2.536238	3.090333	1.553164	-3.090333	13.517466	-20.185719	11.650010	20.185719	-28.849170	2.580362	
15	-0.333358	-2.943364	2.533754	4.056662	1.636201	-4.056662	14.805162	-20.206372	11.350019	20.206372	-28.177928	2.595897	
16	-0.436288	-3.037280	2.531811	4.947427	1.746310	-4.947427	15.792923	-20.044899	11.050322	20.044899	-27.610346	2.612398	
17	-0.545471	-3.144793	2.530290	5.721444	1.884992	-5.721444	16.500249	-19.742269	10.742302	19.742269	-27.136793	2.629471	
18	-0.655529	-3.255602	2.529115	6.333387	2.040265	-6.333387	16.982489	-19.345977	10.397537	19.345977	-26.691568	2.646707	
19	-0.753257	-3.349821	2.528286	6.689728	2.187295	-6.689728	17.245265	-18.892923	9.992163	18.892923	-26.202961	2.663642	
20	-0.826378	-3.414466	2.527744	6.713287	2.301639	-6.713287	17.249023	-18.399183	9.533018	18.399183	-25.661496	2.679800	
21	-0.870015	-3.449234	2.527267	6.433363	2.370591	-6.433363	16.998260	-17.870299	9.046319	17.870299	-25.109299	2.694747	
22	-0.892462	-3.465950	2.526607	5.950539	2.396673	-5.950539	16.601030	-17.335091	8.536349	17.335091	-24.552581	2.708132	
23	-0.906404	-3.476083	2.525689	5.363011	2.392646	-5.363011	16.201336	-16.839902	7.992570	16.839902	-23.967132	2.719753	
24	-0.912237	-3.478472	2.524558	4.735123	2.369306	-4.735123	15.850448	-16.396961	7.431117	16.396961	-23.379747	2.729594	
25	-0.900300	-3.468175	2.523123	4.086583	2.333021	-4.086583	15.496231	-15.984233	6.896815	15.984233	-22.879632	2.737765	
26	-0.868616	-3.448845	2.521110	3.429206	2.288940	-3.429206	15.128748	-15.604437	6.413963	15.604437	-22.514309	2.744368	
27	-0.825924	-3.427540	2.518313	2.804063	2.235204	-2.804063	14.823307	-15.282196	5.969387	15.282196	-22.242796	2.749471	
28	-0.778436	-3.406179	2.514664	2.253000	2.164315	-2.253000	14.630244	-15.018452	5.552263	15.018452	-22.021806	2.753208	
29	-0.727036	-3.383731	2.510087	1.802638	2.076013	-1.802638	14.556730	-14.801811	5.163987	14.801811	-21.830563	2.755798	
30	-0.676118	-3.359458	2.504593	1.507808	1.980537	-1.507808	14.654309	-14.640080	4.788178	14.640080	-21.604356	2.757498	
31	-0.631309	-3.329981	2.498456	1.437254	1.892105	-1.437254	14.987818	-14.542691	4.402762	14.542691	-21.271195	2.758588	
32	-0.588776	-3.289272	2.492012	1.580534	1.823437	-1.580534	15.490679	-14.483332	4.026303	14.483332	-20.869930	2.759314	
33	-0.538881	-3.234067	2.485309	1.836075	1.780850	-1.836075	15.988778	-14.414939	3.705251	14.414939	-20.519462	2.759846	
34	-0.476597	-3.164804	2.478064	2.107202	1.762523	-2.107202	16.361532	-14.309851	3.463432	14.309851	-20.285681	2.760292	
35	-0.401847	-3.083314	2.469859	2.351747	1.762277	-2.351747	16.579845	-14.165592	3.297076	14.165592	-20.160802	2.760684	
36	-0.318093	-2.993808	2.460329	2.539618	1.774516	-2.539618	16.657368	-13.993789	3.188821	13.993789	-20.108160	2.761064	
37	-0.231239	-2.902570	2.449316	2.668159	1.795346	-2.668159	16.645006	-13.808799	3.112065	13.808799	-20.082767	2.761540	
38	-0.144021	-2.813719	2.436840	2.827835	1.820428	-2.827835	16.631018	-13.619723	3.047100	13.619723	-20.062179	2.762162	
39	-0.057774	-2.728752	2.422952	3.120337	1.845020	-3.120337	16.701411	-13.436366	2.975746	13.436366	-20.029050	2.762859	
40	0.024253	-2.648794	2.407751	3.507998	1.865436	-3.507998	16.866362	-13.262637	2.872448	13.262637	-19.947696	2.763558	
41	0.103334	-2.574526	2.391363	3.820637	1.879208	-3.820637	17.034954	-13.085010	2.731608	13.085010	-19.819935	2.764301	
42	0.182558	-2.506667	2.373833	3.956757	1.884237	-3.956757	17.167990	-12.900454	2.553802	12.900454	-19.657844	2.765214	
43	0.258924	-2.443395	2.355270	4.043379	1.876855	-4.043379	17.395106	-12.736180	2.311357	12.736180	-19.410290	2.766320	
44	0.329756	-2.377988	2.335975	4.217384	1.856042	-4.217384	17.806815	-12.613588	1.983320	12.613588	-19.033182	2.767418	
45	0.398611	-2.304920	2.316197	4.372422	1.829088	-4.372422	18.271447	-12.519629	1.592263	12.519629	-18.559096	2.768194	
46	0.467774	-2.226648	2.295948	4.365988	1.805082	-4.365988	18.650397	-12.435374	1.169149	12.435374	-18.026531	2.768441	
47	0.533248	-2.149539	2.275166	4.218232	1.787328	-4.218232	18.984538	-12.368757	0.716939	12.368757	-17.420087	2.768043	
48	0.590806	-2.074786	2.253877	3.983941	1.775164	-3.983941	19.346737	-12.338608	0.233724	12.338608	-16.712608	2.766891	
49	0.639900	-1.998705	2.232182	3.686879	1.767577	-3.686879	19.734104	-12.346620	-0.265930	12.346620	-15.901238	2.764949	
50	0.681446	-1.917634	2.210230	3.375234	1.763712	-3.375234	20.127073	-12.382879	-0.760490	12.382879	-14.995109	2.762274	
51	0.715778	-1.828993	2.188228	3.118128	1.763927	-3.118128	20.525200	-12.445292	-1.228407	12.445292	-14.004900	2.758891	
52	0.742862	-1.734493	2.166422	2.948521	1.773500	-2.948521	20.925520	-12.532542	-1.652046	12.532542	-12.950372	2.754737	
53	0.764169	-1.644103	2.145008	2.816690	1.800518	-2.816690	21.295047	-12.626924	-2.022974	12.626924	-11.865106	2.749697	
54	0.779926	-1.569740	2.124086	2.665270	1.846497	-2.665270	21.618119	-12.709724	-2.352281	12.709724	-10.763662	2.743692	
55	0.785990	-1.514194	2.103795	2.551318	1.905863	-2.551318	21.961322	-12.782014	-2.670443	12.782014	-9.625585	2.736739	
56	0.779768	-1.473204	2.084380	2.580889	1.977108	-2.580889	22.405454	-12.855048	-2.999488	12.855048	-8.446063	2.728901	
57	0.763868	-1.445910	2.066026	2.788835	2.067722	-2.788835	22.952498	-12.935109	-3.337737	12.935109	-7.254989	2.720214	
58	0.741660	-1.431524	2.048790	3.141829	2.185902	-3.141829	23.542290	-13.018962	-3.672851	13.018962	-6.080092	2.710693	
59	0.715560	-1.422272	2.032728	3.528724	2.331762	-3.528724	24.099700	-13.098225	-3.994879	13.098225	-4.938883	2.700392	
60	0.687394	-1.415975	2.017950	3.806840	2.500849	-3.806840	24.587900	-13.172686	-4.308480	13.172686	-3.842951	2.689422	
61	0.656887	-1.421272	2.004563	3.963910	2.691400	-3.963910	25.043231	-13.249572	-4.632103	13.249572	-2.782434	2.677875	
62	0.622396	-1.437534	1.992667	4.115557	2.896425	-4.115557	25.507460	-13.324873	-4.972858	13.324873	-1.736337	2.665687	
63	0.584089	-1.451688	1.982369	4.327478	3.093219	-4.327478	25.960060	-13.383456	-5.317839	13.383456	-0.706920	2.652653	
64	0.544805	-1.459248	1.973726	4.552933	3.252674	-4.552933	26.362831	-13.421571	-5.654853	13.421571	0.283122	2.638557	
65	0.507390	-1.466603	1.966703	4.725698	3.351419	-4.725698	26.713143	-13.451769	-5.981072	13.451769	1.222482	2.623307	
66	0.474676	-1.478572	1.961205	4.824895	3.375727	-4.824895	27.019535	-13.484268	-6.288327	13.484268	2.107955	2.606930	
67	0.450802	-1.498792	1.957054	4.845986	3.328286	-4.845986	27.272613	-13.518978	-6.559442	13.518978	2.931594	2.589467	
68	0.438724	-1.527431	1.953975	4.773851	3.224015	-4.773851	27.443224	-13.549641	-6.776155	13.549641	3.690938	2.570951	
69	0.439934	-1.554425	1.951646	4.598273	3.077354	-4.598273	27.485400	-13.566732	-6.918615	13.566732	4.384236	2.551446	
70	0.455949	-1.568072	1.949708	4.331588	2.903365	-4.331588	27.370986	-13.564616	-6.973778	13.564616	5.006706	2.531007	
71	0.486720	-1.562964	1.947783	4.007725	2.718650	-4.007725	27.107461	-13.541342	-6.944671	13.541342	5.562034	2.509712	
72	0.527330	-1.539800	1.945574	3.661582	2.536336	-3.661582	26.736857	-13.499610	-6.856522	13.499610	6.074483	2.487668	
73	0.568852	-1.504028	1.943003	3.309991	2.366130	-3.309991	26.334194	-13.453638	-6.757178	13.453638	6.588288	2.464920	
74	0.606596	-1.456965	1.940249	2.943859	2.212281	-2.943859	25.928126	-13.414349	-6.678400	13.414349	7.125370	2.441466	
75	0.643745	-1.398692	1.937573	2.530976	2.073884	-2.530976	25.479148	-13.380984	-6.610962	13.380984	7.661998	2.417301	
76	0.683643	-1.338723	1.935137	2.049769	1.948825	-2.049769	24.986416	-13.355238	-6.542546	13.355238	8.179066	2.392400	
77	0.723831	-1.286554	1.933036	1.526341	1.831523	-1.526341	24.515197	-13.340952	-6.488263	13.340952	8.696428	2.366766	
78	0.760269	-1.242913	1.931405	1.022574	1.712215	-1.022574	24.129910	-13.335601	-6.469000	13.335601	9.238426	2.340496	
79	0.793515	-1.205323	1.930370	0.578380	1.582710	-0.578380	23.840286	-13.330689	-6.482745	13.330689	9.798322	2.313727	
80	0.828933	-1.171133	1.929978	0.157522	1.444206	-0.157522	23.577488	-13.313113	-6.506930	13.313113	10.347505	2.286554	
81	0.871926	-1.137850	1.930203	-0.312034	1.308651	0.312034	23.243902	-13.267001	-6.517685	13.267001	10.861985	2.259040	
82	0.921316	-1.103476	1.930972	-0.805878	1.186754	0.805878	22.826689	-13.182597	-6.509103	13.182597	11.336061	2.231161	
83	0.968587	-1.063339	1.932201	-1.187369	1.077227	1.187369	22.418173	-13.066066	-6.501020	13.066066	11.779692	2.202766	
84	1.007849	-1.015134	1.933856	-1.384505	0.976550	1.384505	22.103993	-12.935132	-6.520479	12.935132	12.206260	2.173789	
85	1.042510	-0.965823	1.935928	-1.466021	0.892699	1.466021	21.886468	-12.801532	-6.572325	12.801532	12.617378	2.144408	
86	1.078007	-0.921873	1.938367	-1.510256	0.835759	1.510256	21.713159	-12.660523	-6.634532	12.660523	12.991471	2.114776	
87	1.113655	-0.883089	1.941046	-1.534816	0.801886	1.534816	21.555385	-12.507629	-6.691316	12.507629	13.305756	2.084825	
88	1.144454	-0.849926	1.943823	-1.529185	0.776809	1.529185	21.458424	-12.358600	-6.762360	12.358600	13.576748	2.054427	
89	1.168263	-0.823342	1.946638	-1.467428	0.749364	1.467428	21.475241	-12.230227	-6.872543	12.230227	13.839915	2.023572	
90	1.187428	-0.799258	1.949475	-1.342768	0.716313	1.342768	21.579247	-12.119675	-7.014732	12.119675	14.102094	1.992435	
91	1.204467	-0.772198	1.952279	-1.193452	0.681160	1.193452	21.700048	-12.018079	-7.166115	12.018079	14.346608	1.961377	
92	1.222985	-0.740129	1.954986	-1.055708	0.653526	1.055708	21.773287	-11.916524	-7.298045	11.916524	14.547428	1.930740	
93	1.248692	-0.704943	1.957542	-0.943837	0.642940	0.943837	21.750179	-11.808537	-7.377784	11.808537	14.682602	1.900684	
94	1.282008	-0.670512	1.959913	-0.867670	0.647999	0.867670	21.622087	-11.698406	-7.397259	11.698406	14.760122	1.871233	
95	1.315868	-0.630965	1.962078	-0.812961	0.654291	0.812961	21.368370	-11.580479	-7.362122	11.580479	14.786449	1.842327	
96	1.343276	-0.569989	1.963904	-0.740220	0.645615	0.740220	20.923449	-11.435907	-7.265998	11.435907	14.738314	1.813788	
97	1.360553	-0.483010	1.965132	-0.631174	0.616942	0.631174	20.275055	-11.262579	-7.117667	11.262579	14.614746	1.785353	
98	1.367523	-0.387624	1.965579	-0.492038	0.577734	0.492038	19.520004	-11.076218	-6.948821	11.076218	14.459573	1.756773	
99	1.368618	-0.306204	1.965263	-0.320708	0.543412	0.320708	18.788895	-10.893737	-6.782319	10.893737	14.319843	1.727900	
100	1.369324	-0.249999	1.964339	-0.114245	0.523338	0.114245	18.161172	-10.725136	-6.625132	10.725136	14.221904	1.698653	
101	1.372194	-0.221885	1.963029	0.135125	0.516846	-0.135125	17.674099	-10.572884	-6.479236	10.572884	14.174738	1.668994	
102	1.377071	-0.213711	1.961547	0.410408	0.516831	-0.410408	17.296926	-10.431339	-6.336366	10.431339	14.162467	1.638998	
103	1.384845	-0.207953	1.960016	0.639202	0.519221	-0.639202	16.913138	-10.286366	-6.172277	10.286366	14.144118	1.608770	
104	1.399421	-0.195152	1.958439	0.792882	0.526448	-0.792882	16.442015	-10.129023	-5.960350	10.129023	14.081745	1.578291	
105	1.421705	-0.174685	1.956736	0.932023	0.534685	-0.932023	15.884426	-9.956536	-5.685676	9.956536	13.948069	1.547533	
106	1.446561	-0.146082	1.954760	1.085429	0.531890	-1.085429	15.255144	-9.766669	-5.354332	9.766669	13.727125	1.516578	
107	1.470153	-0.109509	1.952322	1.133435	0.515166	-1.133435	14.536438	-9.569997	-4.989298	9.569997	13.430655	1.485485	
108	1.494214	-0.064764	1.949274	0.920904	0.493933	-0.920904	13.683450	-9.380316	-4.601636	9.380316	13.075256	1.454207	
109	1.521341	-0.010887	1.945543	0.485213	0.473310	-0.485213	12.715714	-9.202826	-4.194408	9.202826	12.674755	1.422729	
110	1.550130	0.052035	1.941107	0.009846	0.446136	-0.009846	11.735452	-9.042840	-3.789395	9.042840	12.260772	1.391187	
111	1.578632	0.124574	1.935941	-0.373308	0.404993	0.373308	10.806490	-8.896950	-3.400178	8.896950	11.849292	1.359827	
112	1.610704	0.208202	1.929970	-0.638287	0.353502	0.638287	9.909384	-8.755345	-3.008567	8.755345	11.428921	1.328857	
113	1.651366	0.303277	1.923111	-0.807053	0.298453	0.807053	9.005754	-8.617528	-2.592755	8.617528	10.991392	1.298397	
114	1.699130	0.409006	1.915322	-0.909167	0.240689	0.909167	8.087083	-8.488549	-2.154425	8.488549	10.543636	1.268545	
115	1.749672	0.521845	1.906653	-1.031434	0.182693	1.031434	7.170907	-8.378119	-1.720522	8.378119	10.121876	1.239355	
116	1.803526	0.633643	1.897324	-1.240037	0.133566	1.240037	6.296051	-8.293962	-1.315038	8.293962	9.775156	1.210768	
117	1.866291	0.737489	1.887718	-1.435223	0.098584	1.435223	5.522835	-8.230073	-0.932398	8.230073	9.522785	1.182632	
118	1.942002	0.832804	1.878235	-1.500179	0.074270	1.500179	4.881235	-8.179118	-0.551651	8.179118	9.350685	1.154822	
119	2.029164	0.922076	1.869186	-1.428422	0.055739	1.428422	4.347947	-8.136459	-0.160269	8.136459	9.234121	1.127283	
120	2.125215	1.010723	1.860779	-1.239352	0.039738	1.239352	3.879515	-8.091186	0.245488	8.091186	9.157957	1.100000	
121	2.232329	1.107345	1.853167	-1.012888	0.022963	1.012888	3.410185	-8.039477	0.673801	8.039477	9.119383	1.073039	
122	2.354241	1.216530	1.846519	-0.882690	0.001554	0.882690	2.880533	-7.988111	1.132163	7.988111	9.120811	1.046567	
123	2.489294	1.337171	1.841028	-0.909704	-0.029190	0.909704	2.276368	-7.933832	1.614935	7.933832	9.160024	1.020802	
124	2.632604	1.470597	1.836840	-1.102787	-0.074234	1.102787	1.578391	-7.861524	2.122090	7.861524	9.206195	0.995957	
125	2.780493	1.621453	1.833980	-1.456578	-0.136849	1.456578	0.764979	-7.758388	2.660805	7.758388	9.214773	0.972181	
126	2.925201	1.789971	1.832341	-1.916101	-0.217066	1.916101	-0.134915	-7.612421	3.217343	7.612421	9.153608	0.949465	
127	3.055602	1.974410	1.831657	-2.434647	-0.312644	2.434647	-1.082847	-7.407606	3.767102	7.407606	8.983913	0.927693	
128	3.168941	2.179154	1.831476	-3.048383	-0.418706	3.048383	-2.072579	-7.134425	4.291835	7.134425	8.679176	0.906812	
129	3.268164	2.409448	1.831274	-3.787481	-0.526160	3.787481	-3.091117	-6.791923	4.763539	6.791923	8.252227	0.886884	
130	3.348810	2.663421	1.830566	-4.579854	-0.624649	4.579854	-4.086345	-6.374859	5.138154	6.374859	7.719210	0.868034	
131	3.399781	2.933828	1.828905	-5.328457	-0.705202	5.328457	-4.978701	-5.874858	5.367443	5.874858	7.082111	0.850399	
132	3.411107	3.202657	1.825897	-5.986147	-0.759038	5.986147	-5.641714	-5.294141	5.399820	5.294141	6.361283	0.834133	
133	3.372084	3.433984	1.821255	-6.528540	-0.778333	6.528540	-5.905533	-4.649780	5.183858	4.649780	5.596756	0.819378	
134	3.271660	3.589874	1.814802	-6.918309	-0.761319	6.918309	-5.668389	-3.964213	4.705278	3.964213	4.812340	0.806256	
135	3.106521	3.649377	1.806418	-7.102056	-0.716697	7.102056	-4.964129	-3.259237	4.012207	3.259237	4.019195	0.794884	
136	2.876253	3.600577	1.796068	-7.057630	-0.659378	7.057630	-3.898298	-2.565151	3.189107	2.565151	3.224944	0.785358	
137	2.576393	3.435736	1.783724	-6.802240	-0.601513	6.802240	-2.608199	-1.912463	2.339565	1.912463	2.395445	0.777704	
138	2.207500	3.167333	1.769183	-6.331867	-0.548202	6.331867	-1.263956	-1.307699	1.579782	1.307699	1.458063	0.771879	
139	1.779061	2.818058	1.752059	-5.622555	-0.499885	5.622555	0.002294	-0.748109	1.000420	0.748109	0.385681	0.767775	
140	1.300858	2.398038	1.731957	-4.673060	-0.455409	4.673060	1.131076	-0.246646	0.649565	0.246646	-0.779250	0.765250	
141	0.781874	1.906869	1.708649	-3.485657	-0.413032	3.485657	2.084863	0.166604	0.550528	-0.166604	-1.968843	0.764203	
142	0.234237	1.341360	1.682230	-2.051849	-0.374548	2.051849	2.839011	0.453266	0.705312	-0.453266	-3.110980	0.764612	
143	-0.326577	0.712752	1.653077	-0.430184	-0.344226	0.430184	3.387477	0.601068	1.088453	-0.601068	-4.160744	0.766458	
144	-0.878802	0.052726	1.621705	1.244125	-0.325729	-1.244125	3.742305	0.626590	1.637717	-0.626590	-5.080762	0.769649	
145	-1.397182	-0.603750	1.588740	2.825497	-0.323805	-2.825497	3.951650	0.544795	2.254548	-0.544795	-5.801757	0.774055	
146	-1.857760	-1.224274	1.554893	4.162705	-0.341799	-4.162705	4.083188	0.364947	2.827625	-0.364947	-6.241326	0.779570	
147	-2.237375	-1.790720	1.521042	5.154044	-0.381443	-5.154044	4.213160	0.064254	3.247549	-0.064254	-6.303043	0.786130	
148	-2.523802	-2.305431	1.488358	5.762953	-0.441758	-5.762953	4.412813	-0.403769	3.427942	0.403769	-5.928535	0.793718	
149	-2.716036	-2.763008	1.458203	5.937476	-0.511568	-5.937476	4.704906	-1.042632	3.327781	1.042632	-5.160243	0.802345	
150	-2.806411	-3.135146	1.432013	5.604717	-0.572222	-5.604717	5.073579	-1.816597	2.938661	1.816597	-4.080191	0.812001	
151	-2.783307	-3.390272	1.411189	4.727532	-0.610063	-4.727532	5.491963	-2.691346	2.284065	2.691346	-2.759692	0.822600	
152	-2.646177	-3.517558	1.396941	3.345285	-0.625331	-3.345285	5.932939	-3.651595	1.428408	3.651595	-1.261887	0.834027	
153	-2.408989	-3.534257	1.390251	1.551327	-0.629157	-1.551327	6.378808	-4.704702	0.457504	4.704702	0.364381	0.846228	
154	-2.097241	-3.471121	1.391816	-0.537178	-0.634737	0.537178	6.807895	-5.852865	-0.545934	5.852865	2.083378	0.859198	
155	-1.740972	-3.358950	1.401987	-2.795341	-0.652662	2.795341	7.199169	-7.083392	-1.520131	7.083392	3.880153	0.872883	
156	-1.379217	-3.230269	1.420776	-5.128065	-0.681668	5.128065	7.526427	-8.354950	-2.421172	8.354950	5.730954	0.887151	
157	-1.061679	-3.116058	1.447680	-7.437025	-0.706161	7.437025	7.742233	-9.563422	-3.217794	9.563422	7.563951	0.901840	
158	-0.824509	-3.036662	1.481528	-9.580749	-0.713804	9.580749	7.822179	-10.585877	-3.907328	10.585877	9.301380	0.916791	
159	-0.681043	-3.002013	1.520713	-11.454918	-0.702141	11.454918	7.782668	-11.345662	-4.511654	11.345662	10.888459	0.931883	
160	-0.634511	-3.016644	1.563600	-13.065541	-0.664073	13.065541	7.646504	-11.816969	-5.059709	11.816969	12.282282	0.947069	
161	-0.680584	-3.081710	1.608797	-14.471813	-0.582936	14.471813	7.440444	-12.007346	-5.583741	12.007346	13.469115	0.962318	
162	-0.806127	-3.196269	1.655219	-15.707872	-0.443433	15.707872	7.210385	-11.940567	-6.114303	11.940567	14.463761	0.977549	
163	-0.992673	-3.358420	1.702057	-16.771656	-0.246010	16.771656	7.026939	-11.650269	-6.677882	11.650269	15.292066	0.992688	
164	-1.223452	-3.563981	1.748682	-17.614053	-0.010234	17.614053	6.966998	-11.161835	-7.298226	11.161835	15.978820	1.007703	
165	-1.490120	-3.804875	1.794506	-18.140098	0.243934	18.140098	7.074891	-10.461412	-7.988583	10.461412	16.509003	1.022554	
166	-1.787675	-4.058058	1.838790	-18.289276	0.512003	18.289276	7.318156	-9.500670	-8.737359	9.500670	16.801123	1.037200	
167	-2.100302	-4.282607	1.880480	-18.129302	0.791856	18.129302	7.603549	-8.265796	-9.502373	8.265796	16.768744	1.051661	
168	-2.401753	-4.450509	1.918382	-17.801325	1.068754	17.801325	7.887260	-6.831133	-10.238155	6.831133	16.417136	1.065958	
169	-2.672268	-4.556511	1.951479	-17.374617	1.330868	17.374617	8.165325	-5.286949	-10.910866	5.286949	15.802090	1.080075	
170	-2.905436	-4.601548	1.979010	-16.823838	1.582065	16.823838	8.389321	-3.677637	-11.480854	3.677637	14.941009	1.094017	
171	-3.100321	-4.595878	2.000532	-16.078687	1.821136	16.078687	8.541446	-2.052008	-11.918550	2.052008	13.859224	1.107824	
172	-3.258425	-4.549890	2.015942	-15.105962	2.036150	15.105962	8.641724	-0.463572	-12.213453	0.463572	12.606901	1.121518	
173	-3.386498	-4.462134	2.025149	-14.019549	2.226078	14.019549	8.643382	1.069596	-12.353395	-1.069596	11.220775	1.135073	
174	-3.492545	-4.337640	2.027987	-13.006015	2.395511	13.006015	8.484793	2.527242	-12.336428	-2.527242	9.773441	1.148438	
175	-3.581065	-4.197632	2.024523	-12.122043	2.535936	12.122043	8.184341	3.859279	-12.188021	-3.859279	8.393327	1.161593	
176	-3.653125	-4.066869	2.015196	-11.237313	2.627204	11.237313	7.827280	5.008393	-11.952461	-5.008393	7.211138	1.174569	
177	-3.708185	-3.967329	2.000776	-10.157186	2.650670	10.157186	7.539556	5.921106	-11.693785	-5.921106	6.337426	1.187393	
178	-3.750559	-3.918834	1.982336	-8.762395	2.608947	8.762395	7.449547	6.583488	-11.503284	-6.583488	5.843464	1.200038	
179	-3.791219	-3.928964	1.961075	-7.016961	2.529260	7.016961	7.601890	7.063068	-11.470450	-7.063068	5.726232	1.212467	
180	-3.838889	-3.984179	1.938015	-4.964760	2.442528	4.964760	7.923121	7.471501	-11.640417	-7.471501	5.918690	1.224726	
181	-3.895253	-4.057479	1.913847	-2.827741	2.381716	2.827741	8.251203	7.908409	-12.007736	-7.908409	6.330030	1.236901	
182	-3.957542	-4.116433	1.888996	-0.916580	2.393479	0.916580	8.349054	8.464582	-12.522903	-8.464582	6.858842	1.249054	
183	-4.020620	-4.130343	1.863649	0.678454	2.513936	-0.678454	7.996878	9.220183	-13.092783	-9.220183	7.389496	1.261230	
184	-4.075602	-4.092670	1.837769	2.055905	2.722846	-2.055905	7.242246	10.137448	-13.630049	-10.137448	7.848492	1.273446	
185	-4.104425	-4.017583	1.811485	3.069923	2.948485	-3.069923	6.396079	10.968339	-14.095699	-10.968339	8.245851	1.285667	
186	-4.088845	-3.906770	1.785382	3.327136	3.137507	-3.327136	5.641214	11.444482	-14.456843	-11.444482	8.601494	1.297855	
187	-4.034689	-3.768866	1.760205	2.700434	3.284296	-2.700434	4.970568	11.551076	-14.707164	-11.551076	8.933725	1.309967	
188	-3.969467	-3.643316	1.736551	1.432134	3.394711	-1.432134	4.417806	11.477444	-14.915656	-11.477444	9.302059	1.321944	
189	-3.915804	-3.559920	1.714876	-0.177029	3.474695	0.177029	4.010987	11.401673	-15.150283	-11.401673	9.747490	1.333726	
190	-3.883396	-3.518677	1.695462	-1.907208	3.536086	1.907208	3.701583	11.426452	-15.424535	-11.426452	10.257866	1.345263	
191	-3.879016	-3.514100	1.678396	-3.607574	3.584467	3.607574	3.456846	11.629799	-15.742434	-11.629799	10.819324	1.356520	
192	-3.911458	-3.548552	1.663591	-5.158721	3.614594	5.158721	3.300964	12.086581	-16.127829	-12.086581	11.448619	1.367514	
193	-3.986159	-3.625814	1.650857	-6.472640	3.617526	6.472640	3.260516	12.836585	-16.598447	-12.836585	12.167521	1.378298	
194	-4.098554	-3.740397	1.639917	-7.549826	3.586144	7.549826	3.332773	13.861160	-17.133544	-13.861160	12.967113	1.388889	
195	-4.235357	-3.877111	1.630395	-8.434560	3.514953	8.434560	3.505829	15.096418	-17.678847	-15.096418	13.812699	1.399259	
196	-4.382917	-4.021727	1.621878	-9.096346	3.400395	9.096346	3.782242	16.461226	-18.183628	-16.461226	14.673199	1.409411	
197	-4.532996	-4.167166	1.614004	-9.427997	3.244032	9.427997	4.185334	17.891476	-18.625930	-17.891476	15.533630	1.419376	
198	-4.682205	-4.311518	1.606439	-9.256848	3.050897	9.256848	4.733775	19.369451	-19.006457	-19.369451	16.386684	1.429145	
199	-4.829495	-4.456559	1.598817	-8.325888	2.823489	8.325888	5.425888	20.911652	-19.344669	-20.911652	17.237278	1.438680	
200	-4.970201	-4.602546	1.590831	-6.443189	2.558490	6.443189	6.257716	22.506778	-19.671716	-22.506778	18.105063	1.447982	
201	-5.091313	-4.740140	1.582427	-3.618978	2.251936	3.618978	7.217480	24.084725	-20.004821	-24.084725	18.993285	1.457106	
202	-5.177007	-4.850005	1.573822	-0.022481	1.912636	0.022481	8.246828	25.558167	-20.335528	-25.558167	19.862829	1.466136	
203	-5.216616	-4.918025	1.565330	4.006955	1.555725	-4.006955	9.268894	26.848800	-20.650948	-26.848800	20.662224	1.475128	
204	-5.206689	-4.947828	1.557310	7.998639	1.185671	-7.998639	10.274470	27.903369	-20.959757	-27.903369	21.366995	1.484088	
205	-5.150724	-4.930533	1.550084	11.631512	0.828907	-11.631512	11.209781	28.785852	-21.242054	-28.785852	21.923263	1.493015	
206	-5.058399	-4.815993	1.543483	14.956542	0.564514	-14.956542	11.777897	29.717420	-21.359613	-29.717420	22.180165	1.501948	
207	-4.939207	-4.553338	1.536504	18.209931	0.463539	-18.209931	11.600926	30.884202	-21.096200	-30.884202	21.973767	1.510962	
208	-4.789282	-4.149368	1.527796	21.329725	0.503340	-21.329725	10.603998	32.146684	-20.307304	-32.146684	21.259608	1.520145	
209	-4.589552	-3.665548	1.516652	23.773161	0.582378	-23.773161	9.072675	33.038954	-18.995427	-33.038954	20.111381	1.529574	
210	-4.328723	-3.165621	1.503373	24.956661	0.621501	-24.956661	7.328963	33.185348	-17.271609	-33.185348	18.642359	1.539294	
211	-4.022443	-2.687120	1.488744	24.740201	0.610416	-24.740201	5.530266	32.623220	-15.302423	-32.623220	16.994163	1.549310	
212	-3.695369	-2.250693	1.473527	23.296706	0.564202	-23.296706	3.734967	31.570090	-13.248043	-31.570090	15.318019	1.559625	
213	-3.355741	-1.864395	1.458468	20.741206	0.487036	-20.741206	1.947232	30.097511	-11.191288	-30.097511	13.690147	1.570266	
214	-3.004255	-1.525843	1.444267	17.166790	0.379797	-17.166790	0.143013	28.240800	-9.159301	-28.240800	12.122463	1.581258	
215	-2.650704	-1.230391	1.431369	12.793007	0.255156	-12.793007	-1.674252	26.146931	-7.186285	-26.146931	10.642302	1.592597	
216	-2.313742	-0.970133	1.419927	7.919986	0.140870	-7.919986	-3.519785	24.007565	-5.329419	-24.007565	9.314173	1.604270	
217	-2.007263	-0.727265	1.409875	2.877843	0.062520	-2.877843	-5.504061	21.961126	-3.621728	-21.961126	8.172955	1.616272	
218	-1.717808	-0.470000	1.401016	-2.076904	0.022516	2.076904	-7.798858	19.969662	-1.954555	-19.969662	7.076147	1.628574	
219	-1.411153	-0.161581	1.393081	-6.806030	0.008616	6.806030	-10.561913	17.901745	-0.095831	-17.901745	5.735746	1.641126	
220	-1.064711	0.219663	1.385708	-11.180653	0.012653	11.180653	-13.878170	15.744978	2.111829	-15.744978	3.957663	1.653880	
221	-0.677341	0.672116	1.378467	-15.086278	0.033732	15.086278	-17.709883	13.542257	4.637736	-13.542257	1.746878	1.666792	
222	-0.255715	1.181459	1.370963	-18.557066	0.074934	18.557066	-21.890407	11.210770	7.330901	-11.210770	-0.795258	1.679799	
223	0.189480	1.727298	1.362924	-21.753888	0.140119	21.753888	-26.125830	8.642542	10.002782	-8.642542	-3.539092	1.692827	
224	0.630669	2.274995	1.354300	-24.723697	0.232815	24.723697	-30.040180	5.971468	12.393420	-5.971468	-6.245820	1.705821	
225	1.049116	2.798598	1.345368	-27.375396	0.353344	27.375396	-33.325034	3.370262	14.327219	-3.370262	-8.744944	1.718769	
226	1.472374	3.309801	1.336591	-29.722362	0.490358	29.722362	-35.816822	0.689750	15.909679	-0.689750	-11.189260	1.731690	
227	1.937446	3.826352	1.328375	-31.918885	0.624323	31.918885	-37.457954	-2.283132	17.266570	2.283132	-13.774856	1.744595	
228	2.452170	4.346375	1.321018	-34.158618	0.741175	34.158618	-38.241053	-5.552580	18.345584	5.552580	-16.486837	1.757474	
229	3.006985	4.858832	1.314765	-36.637508	0.832027	36.637508	-38.138925	-9.022264	19.032344	9.022264	-19.200377	1.770305	
230	3.584305	5.347101	1.309832	-39.469996	0.890050	39.469996	-37.100986	-12.553119	19.210080	12.553119	-21.749224	1.783073	
231	4.170443	5.802175	1.306464	-42.662120	0.912846	42.662120	-35.129943	-16.019418	18.815294	16.019418	-24.003258	1.795794	
232	4.760145	6.226527	1.304966	-46.162925	0.909131	46.162925	-32.281416	-19.371303	17.834833	19.371303	-25.885420	1.808540	
233	5.342449	6.614217	1.305757	-49.835870	0.899609	49.835870	-28.560906	-22.592323	16.237030	22.592323	-27.293148	1.821404	
234	5.899350	6.952613	1.309453	-53.441340	0.898539	53.441340	-23.923677	-25.634745	14.001026	25.634745	-28.101269	1.834477	
235	6.416157	7.234475	1.316842	-56.726840	0.903309	56.726840	-18.378511	-28.440135	11.158005	28.440135	-28.227285	1.847864	
236	6.880457	7.449958	1.328766	-59.467391	0.912473	59.467391	-12.024649	-31.001901	7.778155	31.001901	-27.658343	1.861685	
237	7.270086	7.582070	1.346011	-61.437585	0.952277	61.437585	-5.018443	-33.320303	3.973927	33.320303	-26.406549	1.876059	
238	7.569840	7.627356	1.369156	-62.502819	1.046221	62.502819	2.445208	-35.395574	-0.075338	35.395574	-24.526507	1.891081	
239	7.793297	7.606742	1.398395	-62.601829	1.157293	62.601829	10.102788	-37.230933	-4.178617	37.230933	-22.112297	1.906836	
240	7.956451	7.539500	1.433594	-61.644506	1.225650	61.644506	17.617768	-38.786104	-8.188875	38.786104	-19.234023	1.923422	
241	8.053681	7.427159	1.474401	-59.593180	1.248278	59.593180	24.674985	-40.009069	-11.958526	40.009069	-15.972995	1.940907	
242	8.075434	7.272156	1.520188	-56.497557	1.268034	56.497557	31.088713	-40.843250	-15.338769	40.843250	-12.437115	1.959298	
243	8.033474	7.094084	1.570052	-52.619683	1.300536	52.619683	36.777916	-41.273154	-18.264148	41.273154	-8.721554	1.978592	
244	7.951966	6.915271	1.623089	-48.580923	1.326943	48.580923	41.698784	-41.380567	-20.758135	41.380567	-4.913539	1.998835	
245	7.842209	6.741961	1.678586	-45.068016	1.341650	45.068016	45.863329	-41.273680	-22.850944	41.273680	-1.110453	2.020112	
246	7.712351	6.573221	1.736035	-42.523635	1.340975	42.523635	49.333295	-41.067795	-24.586635	41.067795	2.596310	2.042502	
247	7.575489	6.405023	1.795163	-41.203154	1.306803	41.203154	52.156952	-40.927171	-26.013503	40.927171	6.106761	2.066062	
248	7.436125	6.223692	1.855889	-41.226097	1.231850	41.226097	54.360213	-41.044985	-27.103293	41.044985	9.277695	2.090837	
249	7.299161	6.018367	1.918270	-42.514903	1.108404	42.514903	55.946195	-41.610489	-27.813695	41.610489	12.007171	2.116882	
250	7.178410	5.790150	1.982599	-44.865850	0.902949	44.865850	56.843733	-42.741103	-28.170829	42.741103	14.327202	2.144288	
251	7.085043	5.547718	2.049341	-48.113536	0.559490	48.113536	56.890917	-44.331695	-28.244668	44.331695	16.373637	2.173187	
252	7.017887	5.295223	2.118811	-52.092275	0.044137	52.092275	55.953760	-46.159252	-28.057376	46.159252	18.240693	2.203761	
253	6.964116	5.021678	2.191051	-56.613543	-0.610883	56.613543	54.070621	-48.258093	-27.487933	48.258093	19.852029	2.236219	
254	6.911877	4.714271	2.266118	-61.592586	-1.356376	61.592586	51.364374	-50.861891	-26.383068	50.861891	21.098559	2.270725	
255	6.849117	4.367770	2.344334	-66.863487	-2.167852	66.863487	47.912291	-54.053866	-24.665137	54.053866	21.967698	2.307359	
256	6.759235	3.983599	2.426171	-72.018300	-3.018712	72.018300	43.857060	-57.740494	-22.308654	57.740494	22.488316	2.346146	
257	6.641975	3.578281	2.512040	-76.664588	-3.892730	76.664588	39.452591	-61.734154	-19.427361	61.734154	22.792040	2.387057	
258	6.509039	3.162131	2.602234	-80.609610	-4.812232	80.609610	34.771370	-65.827470	-16.151790	65.827470	23.014029	2.429991	
259	6.357907	2.715699	2.696810	-83.787626	-5.823198	83.787626	29.545275	-69.901416	-12.402944	69.901416	23.085788	2.474813	
260	6.180003	2.218149	2.795433	-86.138196	-6.959462	86.138196	23.503987	-73.880624	-8.083352	73.880624	22.914852	2.521384	
261	5.972630	1.667164	2.897442	-87.526125	-8.229865	87.526125	16.609166	-77.666090	-3.244055	77.666090	22.534786	2.569594	
262	5.734430	1.064798	3.002001	-87.827455	-9.638374	87.827455	8.931926	-81.191840	2.040592	81.191840	21.984980	2.619382	
263	5.461435	0.409250	3.108119	-87.145081	-11.188224	87.145081	0.605812	-84.477806	7.759150	84.477806	21.238551	2.670709	
264	5.146797	-0.301470	3.214697	-85.767907	-12.874366	85.767907	-8.151118	-87.542340	13.889950	87.542340	20.254974	2.723533	
265	4.788777	-1.057199	3.320734	-83.891459	-14.678765	83.891459	-16.992847	-90.305067	20.261661	90.305067	19.102815	2.777842	
266	4.395713	-1.825287	3.425601	-81.582144	-16.548747	81.582144	-25.340394	-92.709637	26.564050	92.709637	17.988628	2.833640	
267	3.977455	-2.570187	3.529233	-78.976983	-18.407113	78.976983	-32.636986	-94.838551	32.541821	94.838551	17.109654	2.890862	
268	3.537826	-3.285967	3.631971	-76.389253	-20.219771	76.389253	-38.795959	-96.793348	38.125436	96.793348	16.530478	2.949319	
269	3.082901	-3.984325	3.734243	-74.232702	-22.005473	74.232702	-44.021826	-98.622668	43.318024	98.622668	16.311244	3.008741	
270	2.622287	-4.672345	3.836536	-72.703640	-23.780804	72.703640	-48.476031	-100.375750	48.086325	100.375750	16.599854	3.068852	
271	2.155149	-5.369475	3.939484	-71.377467	-25.578066	71.377467	-52.409592	-102.038109	52.416705	102.038109	17.490117	3.129390	
272	1.674901	-6.101930	4.043874	-69.506078	-27.455133	69.506078	-56.027922	-103.494251	56.247360	103.494251	19.054675	3.190051	
273	1.181586	-6.870357	4.150665	-66.806183	-29.415214	66.806183	-59.126667	-104.653153	59.350185	104.653153	21.448941	3.250476	
274	0.680236	-7.652234	4.260867	-63.471790	-31.395520	63.471790	-61.204302	-105.487085	61.400936	105.487085	24.826732	3.310346	
275	0.181171	-8.420214	4.375356	-59.750877	-33.334394	59.750877	-61.744467	-105.994635	62.085663	105.994635	29.319950	3.369374	
276	-0.303261	-9.148703	4.494821	-55.913040	-35.183513	55.913040	-60.337334	-106.196366	61.162001	106.196366	35.011732	3.427209	
277	-0.769653	-9.814407	4.619673	-52.188303	-36.882323	52.188303	-56.716569	-106.024660	58.500594	106.024660	41.772813	3.483518	
278	-1.225631	-10.398785	4.749732	-48.506973	-38.371953	48.506973	-50.778490	-105.216016	54.101699	105.216016	49.177279	3.538113	
279	-1.687881	-10.901081	4.883943	-44.419236	-39.645296	44.419236	-42.648727	-103.396677	48.127283	103.396677	56.540745	3.590908	
280	-2.184290	-11.340551	5.020290	-39.377780	-40.742934	39.377780	-32.643256	-100.197506	40.894733	100.197506	62.955350	3.641868	
281	-2.748434	-11.736285	5.155762	-33.096059	-41.677542	33.096059	-21.148329	-95.303891	32.806208	95.303891	67.382017	3.690985	
282	-3.408735	-12.099321	5.286463	-25.639134	-42.425027	25.639134	-8.635387	-88.523321	24.313881	88.523321	68.855964	3.738240	
283	-4.187986	-12.445796	5.407888	-17.393047	-42.996861	17.393047	4.319173	-79.825616	15.919149	79.825616	66.625587	3.783601	
284	-5.103560	-12.802175	5.515223	-8.899718	-43.482000	8.899718	17.143528	-69.353330	8.118446	69.353330	60.240901	3.826989	
285	-6.159125	-13.193929	5.603810	-0.678499	-44.063776	0.678499	29.397380	-57.416579	1.324642	57.416579	49.688238	3.868250	
286	-7.342919	-13.637194	5.669649	6.744759	-45.031478	-6.744759	40.844289	-44.462258	-4.161603	44.462258	35.437068	3.907202	
287	-8.635441	-14.146750	5.709761	13.098319	-46.806037	-13.098319	51.584086	-31.035377	-8.172416	31.035377	18.387712	3.943701	
288	-10.011492	-14.735182	5.722392	18.628532	-49.958691	-18.628532	62.187248	-17.683013	-10.718983	17.683013	-0.271210	3.977670	
289	-11.428996	-15.388830	5.707065	23.639320	-55.090483	-23.639320	73.499463	-4.904764	-12.018859	4.904764	-19.136409	4.009024	
290	-12.822720	-16.066125	5.664775	28.265623	-62.749611	-28.265623	86.427134	6.768743	-12.500392	-6.768743	-36.551651	4.037647	
291	-14.119593	-16.724824	5.598236	32.945719	-73.578028	-32.945719	102.146788	16.725593	-12.775756	-16.725593	-50.871237	4.063552	
292	-15.247790	-17.316829	5.511719	38.061889	-88.349938	-38.061889	122.083657	24.220045	-13.606393	-24.220045	-60.664165	4.086973	
293	-16.139888	-17.761190	5.410540	42.936726	-107.572030	-42.936726	146.966825	28.507979	-15.619989	-28.507979	-65.023166	4.108229	
294	-16.759099	-17.956688	5.300498	46.245364	-130.903640	-46.245364	175.690331	29.431588	-18.550688	-29.431588	-64.713501	4.127567	
295	-17.098543	-17.818601	5.187291	46.913877	-157.305137	-46.913877	205.571719	27.436105	-21.038516	-27.436105	-62.024753	4.145051	
296	-17.136143	-17.300619	5.075955	43.729996	-186.122509	-43.729996	234.116455	22.464763	-21.690238	-22.464763	-58.480643	4.160578	
297	-16.831669	-16.404608	4.970429	35.247649	-217.768879	-35.247649	260.436717	13.352637	-19.949328	-13.352637	-54.014195	4.174029	
298	-16.180094	-15.175037	4.873216	20.757914	-252.916599	-20.757914	284.726032	-1.096463	-15.620080	1.096463	-48.809900	4.185293	
299	-15.236431	-13.680704	4.785134	0.677261	-291.303287	-0.677261	306.891806	-20.813808	-8.144328	20.813808	-44.514871	4.194180	
300	-14.082653	-12.001374	4.705399	-24.180538	-331.915627	24.180538	326.694417	-44.897592	3.115542	44.897592	-43.175358	4.200386	
301	-12.790453	-10.212842	4.632078	-53.571858	-373.717365	53.571858	344.416589	-72.750566	18.325521	72.750566	-46.045354	4.203549	
302	-11.414606	-8.376835	4.562633	-88.027441	-415.594127	88.027441	360.498116	-104.102638	37.205298	104.102638	-53.545995	4.203331	
303	-9.995200	-6.543898	4.494295	-128.134724	-456.168052	128.134724	375.160065	-138.543458	59.241802	138.543458	-65.565235	4.199405	
304	-8.554441	-4.748343	4.424145	-174.160589	-494.006433	174.160589	388.332990	-175.594727	83.868101	175.594727	-81.737609	4.191382	
305	-7.103125	-3.004052	4.349029	-226.315140	-527.979537	226.315140	399.730232	-215.051041	110.519825	215.051041	-101.547489	4.178837	
306	-5.654147	-1.321057	4.265580	-284.224992	-557.367444	284.224992	409.340176	-256.891815	138.474522	256.891815	-124.170385	4.161388	
307	-4.220888	0.292277	4.170458	-346.629640	-581.916962	346.629640	417.665008	-301.195299	166.981439	301.195299	-148.657958	4.138759	
308	-2.802608	1.846719	4.060608	-412.625774	-602.205516	412.625774	425.631059	-348.586259	195.733539	348.586259	-174.476791	4.110807	
309	-1.385283	3.356999	3.933585	-482.085899	-619.411388	482.085899	434.591247	-399.969454	224.731931	399.969454	-201.435092	4.077430	
310	0.045904	4.824460	3.787949	-554.836174	-634.544898	554.836174	445.814878	-455.849467	253.816642	455.849467	-229.276825	4.038444	
311	1.502781	6.250027	3.623584	-630.574882	-648.381924	630.574882	460.043462	-516.569326	282.750422	516.569326	-257.758872	3.993570	
312	2.995573	7.637076	3.441988	-709.308254	-661.659244	709.308254	477.636191	-582.418529	311.391065	582.418529	-286.792766	3.942525	
313	4.536862	8.991725	3.246580	-791.630939	-674.929359	791.630939	498.389935	-653.473575	339.720458	653.473575	-316.480337	3.885180	
314	6.119949	10.304429	3.042889	-878.097242	-688.473838	878.097242	521.850838	-729.132070	367.290001	729.132070	-346.504926	3.821622	
315	7.685891	11.512027	2.838557	-967.800272	-702.224598	967.800272	548.076622	-806.978978	392.375048	806.978978	-375.204387	3.752078	
316	9.161767	12.536885	2.642906	-1058.312230	-715.728850	1058.312230	576.903436	-883.689969	413.121578	883.689969	-400.729439	3.676864	
317	10.527714	13.362811	2.466207	-1146.991808	-728.369323	1146.991808	606.894480	-957.620062	429.551254	957.620062	-423.057946	3.596392	
318	11.811223	14.027495	2.319197	-1231.516289	-739.491399	1231.516289	635.747464	-1029.047521	443.384932	1029.047521	-443.731322	3.511133	
319	13.048820	14.582528	2.212671	-1309.535294	-748.325279	1309.535294	660.896658	-1098.904492	456.837368	1098.904492	-464.580016	3.421565	
320	14.275363	15.091077	2.156705	-1378.543235	-754.102730	1378.543235	679.688590	-1168.747558	472.192913	1168.747558	-487.344288	3.328107	
321	15.520344	15.625757	2.159587	-1435.949683	-756.266109	1435.949683	689.765575	-1240.908140	491.661118	1240.908140	-513.609024	3.231110	
322	16.799857	16.249058	2.226465	-1479.391681	-754.483671	1479.391681	689.418590	-1317.640467	517.001748	1317.640467	-544.518451	3.130922	
323	18.118177	17.003760	2.358309	-1507.413121	-748.678035	1507.413121	677.662509	-1400.506742	549.267179	1400.506742	-580.643981	3.027919	
324	19.477216	17.921419	2.552207	-1519.818552	-739.061608	1519.818552	654.096049	-1490.621218	588.938429	1490.621218	-622.206531	2.922491	
325	20.881672	19.033374	2.802950	-1517.811496	-726.096291	1517.811496	618.760671	-1588.859303	636.089171	1588.859303	-669.273285	2.814977	
326	22.336054	20.367687	3.104759	-1503.533324	-710.579695	1503.533324	572.427592	-1695.815270	690.319403	1695.815270	-721.709922	2.705645	
327	23.840067	21.938075	3.452261	-1478.999931	-693.666431	1478.999931	516.901005	-1811.616240	750.636209	1811.616240	-779.037317	2.594752	
328	25.390811	23.748948	3.840758	-1446.466954	-676.713938	1446.466954	454.773960	-1935.730181	815.509273	1935.730181	-840.439640	2.482570	
329	26.978270	25.793149	4.266066	-1407.998022	-661.147561	1407.998022	389.400774	-2066.741143	882.704896	2066.741143	-904.588783	2.369317	
330	28.570406	28.032363	4.724117	-1362.756050	-648.167447	1362.756050	324.939432	-2201.793660	948.914414	2201.793660	-969.207099	2.255090	
331	30.131626	30.415216	5.210731	-1307.174912	-638.531656	1307.174912	265.546518	-2337.118808	1010.455717	2337.118808	-1031.617589	2.139978	
332	31.651597	32.897344	5.721801	-1237.716254	-632.657802	1237.716254	214.883798	-2469.308109	1064.263396	2469.308109	-1089.586191	2.024274	
333	33.122190	35.414497	6.253636	-1151.198189	-630.415389	1151.198189	176.145213	-2594.786790	1107.521200	2594.786790	-1140.772102	1.908504	
334	34.516143	37.879702	6.803174	-1044.037579	-630.622229	1044.037579	151.007646	-2708.789725	1137.459545	2708.789725	-1182.338327	1.793311	
335	35.802875	40.208325	7.368019	-913.321066	-631.235903	913.321066	138.924551	-2806.153420	1152.068569	2806.153420	-1211.615441	1.679452	
336	36.952279	42.319794	7.946398	-758.902978	-630.170149	758.902978	138.072021	-2882.520010	1150.328589	2882.520010	-1226.352308	1.567858	
337	37.934666	44.152127	8.537059	-585.406835	-625.661340	585.406835	145.621160	-2934.098763	1132.189907	2934.098763	-1224.806655	1.459509	
338	38.730965	45.688252	9.138757	-403.547867	-616.430788	403.547867	157.722941	-2956.751440	1098.552560	2956.751440	-1206.202572	1.355261	
339	39.314596	46.929382	9.749361	-227.780575	-601.956059	227.780575	170.900787	-2945.416488	1050.242517	2945.416488	-1170.228570	1.255820	
340	39.639901	47.852485	10.365241	-69.540197	-581.581854	69.540197	180.989496	-2894.050076	987.517421	2894.050076	-1116.587846	1.161834	
341	39.707867	48.475013	10.980789	63.311779	-554.077332	-63.311779	180.437958	-2797.242482	912.263520	2797.242482	-1047.383882	1.073944	
342	39.609779	48.946745	11.587725	161.324227	-520.025747	-161.324227	163.056492	-2652.476043	828.684067	2652.476043	-968.679095	0.992751	
343	39.461403	49.471729	12.175231	220.358788	-482.370401	-220.358788	130.249471	-2460.559269	739.999453	2460.559269	-887.829588	0.918696	
344	39.351095	50.178301	12.731587	250.919300	-443.007302	-250.919300	87.628363	-2226.025628	646.537850	2226.025628	-811.300238	0.851928	
345	39.336179	51.110176	13.246469	269.687442	-401.726215	-269.687442	42.949587	-1958.520221	545.891614	1958.520221	-743.960182	0.792365	
346	39.431716	52.272009	13.713309	286.405083	-358.249002	-286.405083	10.612250	-1672.951070	432.933986	1672.951070	-688.321904	0.739784	
347	39.612467	53.675000	14.131713	300.522191	-314.056033	-300.522191	14.953826	-1389.444245	300.318866	1389.444245	-644.579329	0.693782	
348	39.812767	55.370131	14.510002	301.028429	-275.615724	-301.028429	96.364050	-1133.615933	139.072161	1133.615933	-610.407979	0.653716	
349	39.931842	57.470129	14.866539	268.298395	-256.613970	-268.298395	313.096236	-932.322641	-59.879967	932.322641	-582.084099	0.618686	
350	39.794594	60.114711	15.227340	186.338781	-273.540855	-186.338781	726.883359	-803.653887	-304.170408	803.653887	-555.242518	0.587742	
351	38.989290	63.259738	15.620638	61.420659	-337.392137	-61.420659	1382.922179	-748.758640	-595.138076	748.758640	-523.145072	0.560225	
352	36.753806	66.266827	16.068412	-60.074342	-442.661101	60.074342	2276.535665	-748.109253	-908.960614	748.109253	-483.816194	0.535782	
353	32.218802	67.307885	16.564325	-57.332602	-540.533480	57.332602	3263.002034	-750.522705	-1166.426886	750.522705	-477.857973	0.514159	
354	25.294082	62.995334	17.021541	318.904680	-492.384649	-318.904680	3927.592872	-654.211332	-1247.729107	654.211332	-666.870222	0.495173	
355	18.177867	50.116309	17.207266	1327.447524	-85.636820	-1327.447524	3689.718001	-336.928399	-1175.920892	336.928399	-1344.630841	0.478838	
356	15.532350	30.603857	16.787222	2491.096433	703.046936	-2491.096433	2408.003546	176.357980	-1277.412595	-176.357980	-2536.057170	0.465318	
357	19.725817	12.088370	15.646541	2185.647515	1408.617219	-2185.647515	558.085811	589.611725	-1552.526784	-589.611725	-3369.041010	0.454649	
358	26.696867	-0.557587	14.224730	61.530964	1532.459870	-61.530964	-1253.051060	671.620141	-1374.129381	-671.620141	-2888.886379	0.446666	
359	31.817706	-7.148405	13.208091	-1948.040046	1167.578941	1948.040046	-2282.172607	560.380643	-753.507144	-560.380643	-1479.777496	0.441300	
360	34.671337	-8.531383	12.877376	-2620.062640	680.414298	2620.062640	-2275.437883	475.706704	-243.157600	-475.706704	-66.222268	0.438856	
361	36.012140	-6.316675	13.036607	-2202.881055	279.679385	2202.881055	-1614.494598	485.065061	-50.468562	-485.065061	926.618317	0.439988	
362	35.306263	-2.823592	13.373138	-1293.875915	17.072640	1293.875915	-768.804246	564.647403	-70.045430	-564.647403	1435.905241	0.445509	
363	31.586265	-0.466092	13.667120	-351.056498	-113.372827	351.056498	-82.977664	677.944579	-133.469066	-677.944579	1500.236855	0.456270	
364	25.434683	-0.691782	13.807693	360.837470	-144.004391	-360.837470	276.530612	792.047353	-133.092223	-792.047353	1262.856239	0.473106	
365	19.034499	-2.972849	13.760600	788.299049	-125.442915	-788.299049	375.725112	886.555374	-82.713351	-886.555374	938.836001	0.496698	
366	13.772173	-5.698381	13.540360	1021.451964	-96.770843	-1021.451964	372.564598	964.606347	-44.832277	-964.606347	650.873126	0.527239	
367	9.483577	-8.033542	13.187086	1165.113292	-69.650565	-1165.113292	335.792935	1034.272157	-26.486300	-1034.272157	409.098457	0.564216	
368	5.685385	-10.132619	12.747219	1285.726999	-43.013803	-1285.726999	265.959475	1088.954903	0.200836	-1088.954903	205.167254	0.606502	
369	2.106144	-12.360390	12.261694	1422.340724	-15.619476	-1422.340724	166.543773	1115.414392	49.496471	-1115.414392	38.778478	0.652557	
370	-1.382624	-14.867820	11.761787	1587.185754	12.221538	-1587.185754	53.217836	1106.627084	116.569332	-1106.627084	-91.124893	0.700598	
371	-4.744826	-17.570768	11.271132	1755.497640	39.631561	-1755.497640	-57.115495	1063.752270	186.057753	-1063.752270	-184.845857	0.748851	
372	-7.805244	-20.266236	10.809249	1873.157986	65.613940	-1873.157986	-152.300672	993.759562	240.214137	-993.759562	-241.057754	0.795812	
373	-10.365226	-22.728399	10.392327	1882.965458	88.855916	-1882.965458	-226.080459	907.278519	265.819957	-907.278519	-259.974936	0.840385	
374	-12.259281	-24.691170	10.031804	1755.138527	107.281062	-1755.138527	-277.283147	818.085722	256.841267	-818.085722	-245.026361	0.881913	
375	-13.326476	-25.853285	9.732680	1504.250208	118.516930	-1504.250208	-308.622842	741.272719	213.965979	-741.272719	-202.130560	0.920146	
376	-13.463852	-26.102949	9.493106	1180.205910	121.812579	-1180.205910	-322.415220	686.851820	143.822759	-686.851820	-139.294910	0.955082	
377	-12.736390	-25.626368	9.305602	839.096697	118.802749	-839.096697	-314.932045	657.283639	56.278748	-657.283639	-66.300913	0.986781	
378	-11.339823	-24.678106	9.158722	525.610851	111.889472	-525.610851	-275.986130	652.022200	-39.125749	-652.022200	7.391567	1.015290	
379	-9.521113	-23.426585	9.038752	281.327901	102.746936	-281.327901	-193.945861	669.507628	-134.080812	-669.507628	74.618116	1.040687	
380	-7.556508	-21.967542	8.931687	147.659456	92.003043	-147.659456	-65.621651	706.221691	-221.111000	-706.221691	131.058451	1.063153	
381	-5.678795	-20.283900	8.824703	147.818125	79.450541	-147.818125	93.548330	757.226636	-292.938203	-757.226636	174.525204	1.083013	
382	-4.006229	-18.228123	8.706513	271.761887	64.618516	-271.761887	249.763277	816.917230	-341.898329	-816.917230	203.455680	1.100668	
383	-2.589681	-15.625311	8.567290	478.179601	47.536735	-478.179601	361.089740	879.363629	-361.206685	-879.363629	216.103173	1.116520	
384	-1.480419	-12.405339	8.399120	708.853266	29.332625	-708.853266	392.895998	938.405541	-348.033924	-938.405541	211.343240	1.130996	
385	-0.712059	-8.679835	8.197262	909.244753	12.263384	-909.244753	334.453364	987.307849	-306.181568	-987.307849	190.372823	1.144522	
386	-0.264344	-4.744334	7.961776	1045.587691	-0.934313	-1045.587691	205.569720	1019.115746	-245.964778	-1019.115746	157.670934	1.157392	
387	-0.074313	-1.006132	7.698543	1110.643691	-7.981916	-1110.643691	46.494235	1028.615839	-180.762330	-1028.615839	120.103346	1.169750	
388	-0.075295	2.128476	7.418576	1118.010166	-7.768609	-1118.010166	-101.308999	1014.700694	-122.314315	-1014.700694	84.630081	1.181717	
389	-0.227410	4.359117	7.135385	1089.437881	-0.587019	-1089.437881	-210.782106	980.976182	-77.301134	-980.976182	55.997765	1.193508	
390	-0.509575	5.556004	6.861365	1043.306745	12.033564	-1043.306745	-273.968568	934.012842	-46.739756	-934.012842	35.798800	1.205478	
391	-0.885499	5.755503	6.604905	990.868567	27.752660	-990.868567	-296.785654	880.867502	-28.004377	-880.867502	23.276562	1.218078	
392	-1.297110	5.106178	6.369311	937.478453	44.011948	-937.478453	-291.149845	827.269468	-17.349624	-827.269468	16.630875	1.231777	
393	-1.681557	3.828476	6.153469	884.216355	58.547369	-884.216355	-269.243986	776.414869	-11.426801	-776.414869	13.848997	1.246964	
394	-1.979687	2.185915	5.953582	830.182724	69.737842	-830.182724	-240.426866	729.073210	-7.972643	-729.073210	13.245543	1.263869	
395	-2.141367	0.444542	5.765119	775.023385	76.880344	-775.023385	-210.638904	684.990842	-5.862813	-684.990842	13.728616	1.282586	
396	-2.131551	-1.163019	5.584282	719.827796	80.267463	-719.827796	-183.262434	643.671805	-4.645662	-643.671805	14.686605	1.303060	
397	-1.938554	-2.465427	5.408721	666.765342	81.065607	-666.765342	-160.269072	604.332198	-4.005152	-604.332198	15.739861	1.325078	
398	-1.578946	-3.368777	5.237513	618.214556	80.705075	-618.214556	-142.335273	566.053794	-3.500934	-566.053794	16.591382	1.348351	
399	-1.092510	-3.850582	5.070755	576.156096	80.234226	-576.156096	-128.881629	528.206838	-2.615505	-528.206838	16.988052	1.372621	
400	-0.536260	-3.939380	4.909066	542.774132	80.565954	-542.774132	-119.419387	490.808966	-0.919823	-490.808966	16.716485	1.397684	
401	0.028654	-3.692114	4.753213	520.458546	82.531928	-520.458546	-113.870082	454.244352	1.727969	-454.244352	15.642891	1.423292	
402	0.558244	-3.180803	4.604067	510.015568	86.150893	-510.015568	-111.546353	418.559820	5.058689	-418.559820	13.792764	1.449079	
403	1.032710	-2.493276	4.462719	509.121164	90.432077	-509.121164	-111.183990	383.506441	8.517806	-383.506441	11.367776	1.474671	
404	1.443325	-1.731500	4.330277	512.694549	94.113074	-512.694549	-111.907978	349.318017	11.552109	-349.318017	8.646180	1.499799	
405	1.778693	-0.993855	4.207385	514.743681	96.372708	-514.743681	-113.565622	316.870229	13.798902	-316.870229	5.852134	1.524238	
406	2.027787	-0.356997	4.093945	509.975834	96.860845	-509.975834	-116.194767	286.956504	15.100794	-286.956504	3.119183	1.547696	
407	2.189669	0.135913	3.989253	494.905465	95.574302	-494.905465	-119.750018	260.006407	15.470704	-260.006407	0.523043	1.569839	
408	2.273678	0.484455	3.892316	468.611034	92.866334	-468.611034	-124.326125	236.303862	15.063105	-236.303862	-1.906965	1.590427	
409	2.299327	0.715779	3.802174	432.039590	89.085760	-432.039590	-129.825706	215.614909	14.091234	-215.614909	-4.163053	1.609408	
410	2.292294	0.855425	3.718114	387.102169	84.365108	-387.102169	-135.486384	197.152939	12.739484	-197.152939	-6.240362	1.626832	
411	2.267289	0.925851	3.639597	336.917635	78.991520	-336.917635	-140.437488	180.498762	11.179962	-180.498762	-8.175468	1.642622	
412	2.223645	0.961279	3.566141	285.463262	73.467650	-285.463262	-144.369172	165.788475	9.616960	-165.788475	-10.050227	1.656592	
413	2.159304	1.005695	3.497382	236.343262	68.169991	-236.343262	-147.363879	153.066588	8.257169	-153.066588	-11.943025	1.668727	
414	2.077469	1.082542	3.433161	191.773775	63.253624	-191.773775	-149.388676	141.982942	7.255384	-141.982942	-13.905581	1.679379	
415	1.982839	1.168306	3.373349	152.421674	58.784262	-152.421674	-149.937828	131.854342	6.690882	-131.854342	-15.972108	1.689214	
416	1.879088	1.227656	3.317533	118.321092	54.809146	-118.321092	-148.393295	122.014308	6.578739	-122.014308	-18.147496	1.698861	
417	1.768446	1.253983	3.264982	89.419745	51.379851	-89.419745	-144.742490	112.215723	6.906460	-112.215723	-20.395912	1.708550	
418	1.649388	1.241401	3.214730	65.362580	48.627789	-65.362580	-139.561316	102.605510	7.682897	-102.605510	-22.705169	1.718105	
419	1.514204	1.171187	3.165532	45.595254	46.672640	-45.595254	-133.642068	93.457387	8.956669	-93.457387	-25.105421	1.727044	
420	1.349559	1.041397	3.115973	29.677761	45.397021	-29.677761	-127.693712	84.983251	10.778152	-84.983251	-27.581925	1.734647	
421	1.147918	0.828701	3.064434	17.204367	44.571047	-17.204367	-121.786626	77.125789	13.129027	-77.125789	-30.094795	1.740315	
422	0.926956	0.481624	3.008737	7.353350	44.072790	-7.353350	-115.744831	69.669744	15.833031	-69.669744	-32.604406	1.743882	
423	0.723166	0.068564	2.947087	-1.164903	43.631972	1.164903	-110.256410	62.761860	18.523318	-62.761860	-34.865205	1.745496	
424	0.559841	-0.227491	2.880072	-9.328148	42.798601	9.328148	-106.137143	56.775939	20.835148	-56.775939	-36.470936	1.745434	
425	0.434803	-0.324761	2.810488	-17.271253	41.425616	17.271253	-103.242951	51.726943	22.684210	-51.726943	-37.291012	1.743940	
426	0.333786	-0.285587	2.741270	-24.570950	39.707468	24.570950	-100.906141	47.308176	24.229606	-47.308176	-37.541226	1.741038	
427	0.243461	-0.206625	2.674163	-30.697801	37.827476	30.697801	-98.478414	43.198541	25.645801	-43.198541	-37.488350	1.736671	
428	0.157466	-0.154342	2.609599	-35.318922	35.841801	35.318922	-95.523279	39.191248	27.001931	-39.191248	-37.275887	1.731122	
429	0.074834	-0.149618	2.547372	-38.310915	33.750539	38.310915	-91.901977	35.237080	28.270998	-35.237080	-36.926697	1.725001	
430	-0.006348	-0.192574	2.487178	-39.717428	31.557686	39.717428	-87.652346	31.367362	29.393677	-31.367362	-36.418371	1.718764	
431	-0.086811	-0.280709	2.428704	-39.771548	29.275447	39.771548	-82.865135	27.605666	30.308569	-27.605666	-35.728446	1.712577	
432	-0.164293	-0.407454	2.371794	-38.841079	26.944656	38.841079	-77.735672	23.976438	30.995400	-23.976438	-34.878128	1.706480	
433	-0.241996	-0.568772	2.316504	-37.329534	24.654007	37.329534	-72.620666	20.527533	31.518949	-20.527533	-33.960732	1.700458	
434	-0.331746	-0.762708	2.262912	-35.496987	22.489263	35.496987	-67.863471	17.321309	31.983382	-17.321309	-33.091043	1.694437	
435	-0.447491	-0.983752	2.210973	-33.412097	20.498682	33.412097	-63.638324	14.404291	32.477386	-14.404291	-32.362959	1.688165	
436	-0.597710	-1.225392	2.160534	-31.182291	18.714150	31.182291	-60.018818	11.766822	33.063883	-11.766822	-31.845720	1.681193	
437	-0.783850	-1.481935	2.111435	-28.977940	17.149515	28.977940	-57.026530	9.356933	33.771025	-9.356933	-31.571216	1.673205	
438	-1.005975	-1.746124	2.063596	-26.780991	15.772010	26.780991	-54.555466	7.139579	34.587358	-7.139579	-31.533361	1.664214	
439	-1.264933	-2.009941	2.017000	-24.395528	14.517982	24.395528	-52.395700	5.105306	35.480810	-5.105306	-31.714106	1.654279	
440	-1.556951	-2.267673	1.971633	-21.704488	13.341262	21.704488	-50.377283	3.236473	36.413693	-3.236473	-32.090276	1.643295	
441	-1.871449	-2.516556	1.927446	-18.756562	12.233482	18.756562	-48.445130	1.501778	37.344654	-1.501778	-32.622341	1.631111	
442	-2.196613	-2.757351	1.884344	-15.675905	11.221134	15.675905	-46.664824	-0.124060	38.250346	0.124060	-33.271948	1.617622	
443	-2.524232	-2.995194	1.842133	-12.657233	10.356714	12.657233	-45.211505	-1.647044	39.141009	1.647044	-34.019305	1.602818	
444	-2.847828	-3.235709	1.800429	-9.983843	9.685440	9.983843	-44.255548	-3.056527	40.021464	3.056527	-34.830796	1.586838	
445	-3.157065	-3.476394	1.758718	-7.875074	9.201425	7.875074	-43.773186	-4.336762	40.822041	4.336762	-35.603894	1.569899	
446	-3.433428	-3.700704	1.716610	-6.337920	8.850221	6.337920	-43.519207	-5.469105	41.386138	5.469105	-36.161459	1.552181	
447	-3.652517	-3.885495	1.674074	-5.250676	8.582353	5.250676	-43.251451	-6.427587	41.553843	6.427587	-36.322955	1.533810	
448	-3.792178	-4.013840	1.631394	-4.492653	8.379757	4.492653	-42.886955	-7.178149	41.222150	7.178149	-35.965600	1.514940	
449	-3.836402	-4.075669	1.588956	-3.947622	8.232375	3.947622	-42.413659	-7.678743	40.311337	7.678743	-35.013108	1.495873	
450	-3.771971	-4.065865	1.547067	-3.578992	8.134869	3.578992	-41.871879	-7.881363	38.748086	7.881363	-33.415220	1.477136	
451	-3.583244	-3.988335	1.505826	-3.477314	8.104920	3.477314	-41.446530	-7.729358	36.478974	7.729358	-31.137269	1.459439	
452	-3.246222	-3.841565	1.465125	-3.689282	8.142174	3.689282	-41.240061	-7.158757	33.424820	7.158757	-28.113479	1.443567	
453	-2.719108	-3.570346	1.425107	-4.277795	8.113299	4.277795	-40.659253	-6.139548	29.404640	6.139548	-24.164865	1.430312	
454	-1.943100	-3.046641	1.387276	-5.644993	7.723179	5.644993	-38.356235	-4.722277	24.206718	4.722277	-19.010793	1.420452	
455	-0.878414	-2.157069	1.355281	-8.289181	6.719083	8.289181	-33.390958	-3.007447	17.854127	3.007447	-12.504019	1.414822	
456	0.444964	-0.931401	1.333798	-12.176285	5.162482	12.176285	-26.340688	-1.090140	10.729226	1.090140	-4.888025	1.414348	
457	1.921668	0.454082	1.326027	-16.776640	3.418522	16.776640	-18.726755	0.905639	3.338158	-0.905639	3.263878	1.419900	
458	3.421393	1.811248	1.332493	-21.602846	1.852315	21.602846	-11.534536	2.771224	-3.967992	-2.771224	11.374360	1.432004	
459	4.780408	2.982295	1.351868	-26.261627	0.690752	26.261627	-5.050694	4.185973	-10.737236	-4.185973	18.761927	1.450581	
460	5.879961	3.879078	1.381735	-30.512185	0.021060	30.512185	0.627832	4.934403	-16.563214	-4.934403	24.941548	1.474819	
461	6.272426	4.148440	1.418106	-32.864106	0.143206	32.864106	3.615186	4.547854	-19.118026	-4.547854	27.467230	1.502959	
462	6.548624	4.314979	1.455694	-35.051039	0.430377	35.051039	6.126868	3.936828	-21.141693	-3.936828	29.455380	1.532386	
