kww	// User ID
29-6-2021	// Evaluation date
p35_warmup_017	29-6-2021	20:47:59:303	// Source file name and timestamp
357.143	// Sampling rate
1.292	// Data capture period

1.880000	// height
82.300000	// mass


Sample #	elbVar	shldrIR	LwristLinVelo	thorJFPd	thorSTPd	UaJFPp	UaSTPp	UaJFPd	UaSTPd	FaJFPp	FaSTPp	RwristLinVelo	
0	-0.590587	0.714093	2.346819	25.649547	0.312741	-25.649547	29.506858	-7.042525	-7.027178	7.042525	11.087969	2.745515	
1	-0.408426	0.583665	2.387993	22.795251	0.423341	-22.795251	26.476563	-7.367281	-5.260883	7.367281	8.405590	2.785588	
2	-0.214950	0.548743	2.424251	20.604482	0.502365	-20.604482	23.286099	-7.223116	-3.670751	7.223116	5.999737	2.818481	
3	-0.129060	0.104710	2.454910	17.381513	0.697401	-17.381513	20.646892	-8.283020	-1.261660	8.283020	2.003529	2.844152	
4	-0.099403	-0.458199	2.479226	14.524342	0.927236	-14.524342	18.648636	-9.677227	1.285032	9.677227	-2.387838	2.863159	
5	-0.115776	-1.089159	2.497298	12.270038	1.179008	-12.270038	17.465378	-11.291953	3.774709	11.291953	-6.869770	2.876515	
6	-0.157255	-1.716146	2.509526	10.717708	1.428475	-10.717708	17.052499	-12.892404	5.973982	12.892404	-11.052453	2.885570	
7	-0.207737	-2.301762	2.516502	9.685597	1.654198	-9.685597	17.281740	-14.372907	7.752879	14.372907	-14.721540	2.891761	
8	-0.257382	-2.821775	2.518963	8.974098	1.838719	-8.974098	18.024698	-15.666596	9.020701	15.666596	-17.724053	2.896374	
9	-0.304449	-3.270464	2.517723	8.496490	1.982900	-8.496490	19.197035	-16.731679	9.736896	16.731679	-19.993070	2.900334	
10	-0.343784	-3.645800	2.513537	8.187212	2.096904	-8.187212	20.657854	-17.554809	9.934606	17.554809	-21.563463	2.904229	
11	-0.366391	-3.943355	2.507002	7.937903	2.184325	-7.937903	22.221450	-18.147106	9.702175	18.147106	-22.534438	2.908438	
12	-0.365659	-4.162952	2.498562	7.646393	2.238325	-7.646393	23.719662	-18.524122	9.145836	18.524122	-23.027731	2.913182	
13	-0.337119	-4.312226	2.488545	7.237658	2.243756	-7.237658	25.029896	-18.728980	8.376422	18.728980	-23.176598	2.918506	
14	-0.281832	-4.405255	2.477200	6.749965	2.190061	-6.749965	26.146346	-18.820202	7.475180	18.820202	-23.075307	2.924228	
15	-0.204833	-4.453975	2.464732	6.328206	2.083747	-6.328206	27.106433	-18.805693	6.493898	18.805693	-22.779054	2.929996	
16	-0.110586	-4.461373	2.451256	6.052182	1.939548	-6.052182	27.919424	-18.684283	5.475612	18.684283	-22.329698	2.935510	
17	-0.006405	-4.430881	2.436877	5.897178	1.768563	-5.897178	28.640177	-18.509223	4.437567	18.509223	-21.728753	2.940592	
18	0.098264	-4.372726	2.421850	5.814226	1.578992	-5.814226	29.335889	-18.335001	3.376856	18.335001	-20.955922	2.945105	
19	0.197073	-4.295837	2.406533	5.793342	1.381428	-5.793342	30.019659	-18.179952	2.300452	18.179952	-20.021426	2.948886	
20	0.290800	-4.200992	2.391204	5.881888	1.192362	-5.881888	30.652690	-18.041959	1.248665	18.041959	-18.986467	2.951749	
21	0.383880	-4.086225	2.375975	6.148954	1.035528	-6.148954	31.176426	-17.903967	0.276814	17.903967	-17.923430	2.953578	
22	0.474569	-3.955841	2.360871	6.691356	0.938315	-6.691356	31.586910	-17.746389	-0.598992	17.746389	-16.848844	2.954402	
23	0.552957	-3.820871	2.345926	7.603308	0.917352	-7.603308	31.948479	-17.569699	-1.412798	17.569699	-15.717443	2.954293	
24	0.608072	-3.694214	2.331199	8.876777	0.966149	-8.876777	32.337051	-17.396360	-2.209116	17.396360	-14.476643	2.953269	
25	0.635628	-3.583161	2.316767	10.394249	1.060313	-10.394249	32.777101	-17.245857	-2.999665	17.245857	-13.117203	2.951332	
26	0.636890	-3.487597	2.302776	12.017803	1.169258	-12.017803	33.228376	-17.111965	-3.768174	17.111965	-11.662367	2.948525	
27	0.612040	-3.406833	2.289470	13.658237	1.263862	-13.658237	33.658359	-16.974064	-4.510512	16.974064	-10.126905	2.944945	
28	0.560917	-3.342008	2.277130	15.259636	1.321215	-15.259636	34.077891	-16.836186	-5.232658	16.836186	-8.520987	2.940766	
29	0.489492	-3.290433	2.265991	16.737966	1.327194	-16.737966	34.454962	-16.719893	-5.908540	16.719893	-6.888700	2.936214	
30	0.410675	-3.238749	2.256107	17.960411	1.283976	-17.960411	34.639484	-16.620720	-6.466385	16.620720	-5.312918	2.931458	
31	0.334861	-3.173053	2.247296	18.841672	1.218367	-18.841672	34.488669	-16.519683	-6.843047	16.519683	-3.859214	2.926474	
32	0.262795	-3.099571	2.239322	19.442675	1.169834	-19.442675	34.039162	-16.408011	-7.043588	16.408011	-2.533689	2.921065	
33	0.190559	-3.038542	2.232090	19.883040	1.163707	-19.883040	33.434916	-16.279048	-7.120241	16.279048	-1.309954	2.915094	
34	0.116959	-2.999683	2.225649	20.183356	1.200194	-20.183356	32.752902	-16.128837	-7.110260	16.128837	-0.172885	2.908584	
35	0.046633	-2.976880	2.220071	20.237540	1.264589	-20.237540	31.961456	-15.958224	-7.007626	15.958224	0.857862	2.901573	
36	-0.010796	-2.959841	2.215314	19.910227	1.341388	-19.910227	30.976000	-15.765256	-6.778235	15.765256	1.732736	2.894047	
37	-0.047376	-2.942123	2.211187	19.127797	1.418934	-19.127797	29.739990	-15.548404	-6.402607	15.548404	2.416695	2.886010	
38	-0.063256	-2.921719	2.207463	17.890556	1.487991	-17.890556	28.278638	-15.315224	-5.907727	15.315224	2.927619	2.877514	
39	-0.065021	-2.897386	2.203983	16.253705	1.541825	-16.253705	26.682416	-15.078858	-5.352938	15.078858	3.322651	2.868669	
40	-0.057325	-2.866783	2.200673	14.328641	1.577144	-14.328641	25.051123	-14.852360	-4.782146	14.852360	3.642139	2.859599	
41	-0.035881	-2.829398	2.197486	12.257628	1.595706	-12.257628	23.424867	-14.648234	-4.186478	14.648234	3.865102	2.850333	
42	0.008226	-2.784243	2.194290	10.162059	1.599660	-10.162059	21.775351	-14.470665	-3.526313	14.470665	3.940828	2.840753	
43	0.078325	-2.726981	2.190854	8.173016	1.584880	-8.173016	20.116884	-14.318547	-2.788946	14.318547	3.854401	2.830596	
44	0.170050	-2.659529	2.186940	6.424905	1.548848	-6.424905	18.554431	-14.195889	-2.007057	14.195889	3.640841	2.819532	
45	0.275253	-2.594591	2.182415	4.957316	1.499246	-4.957316	17.196320	-14.105484	-1.239280	14.105484	3.364190	2.807229	
46	0.386802	-2.542377	2.177292	3.740049	1.447609	-3.740049	16.096529	-14.045147	-0.538505	14.045147	3.085330	2.793387	
47	0.502157	-2.500714	2.171664	2.762130	1.402144	-2.762130	15.249650	-14.008297	0.073701	14.008297	2.832124	2.777859	
48	0.622165	-2.460652	2.165638	2.009106	1.367349	-2.009106	14.600327	-13.982990	0.599837	13.982990	2.603866	2.760710	
49	0.749376	-2.414698	2.159278	1.438194	1.344252	-1.438194	14.086764	-13.962306	1.053504	13.962306	2.387005	2.742096	
50	0.886240	-2.357636	2.152476	1.026678	1.329083	-1.026678	13.682558	-13.948565	1.451044	13.948565	2.170089	2.722177	
51	1.029572	-2.283222	2.144955	0.805742	1.312947	-0.805742	13.394668	-13.935341	1.785534	13.935341	1.970404	2.701191	
52	1.169288	-2.185481	2.136519	0.828922	1.286289	-0.828922	13.240203	-13.900438	2.017956	13.900438	1.834339	2.679469	
53	1.296177	-2.063002	2.127247	1.075197	1.243439	-1.075197	13.208379	-13.823857	2.111100	13.823857	1.795714	2.657258	
54	1.407168	-1.919158	2.117318	1.404873	1.183136	-1.404873	13.238383	-13.697158	2.052882	13.697158	1.853538	2.634628	
55	1.501192	-1.764809	2.106849	1.640463	1.108625	-1.640463	13.292454	-13.526897	1.836960	13.526897	2.000346	2.611551	
56	1.574695	-1.615026	2.096033	1.685006	1.020468	-1.685006	13.423918	-13.337284	1.449432	13.337284	2.245098	2.587989	
57	1.623394	-1.469254	2.085176	1.578412	0.905214	-1.578412	13.683648	-13.143150	0.892668	13.143150	2.587014	2.563947	
58	1.647528	-1.311046	2.074424	1.388721	0.744649	-1.388721	14.012931	-12.931153	0.211639	12.931153	2.982450	2.539472	
59	1.653423	-1.141661	2.063628	1.083689	0.541557	-1.083689	14.332565	-12.691426	-0.524301	12.691426	3.372153	2.514583	
60	1.647864	-0.991532	2.052608	0.629548	0.322592	-0.629548	14.669186	-12.437870	-1.269484	12.437870	3.738517	2.489227	
61	1.633096	-0.887022	2.041421	0.117165	0.112621	-0.117165	15.096510	-12.188496	-2.011250	12.188496	4.104574	2.463322	
62	1.609378	-0.828013	2.030306	-0.311428	-0.079576	0.311428	15.620235	-11.949717	-2.735164	11.949717	4.486043	2.436775	
63	1.580655	-0.798706	2.019452	-0.550332	-0.253262	0.550332	16.160076	-11.706933	-3.402228	11.706933	4.864285	2.409479	
64	1.553870	-0.779245	2.008832	-0.536657	-0.409522	0.536657	16.600199	-11.427785	-3.966524	11.427785	5.201828	2.381409	
65	1.531993	-0.754718	1.998227	-0.263502	-0.550246	0.263502	16.877161	-11.095745	-4.410760	11.095745	5.478855	2.352680	
66	1.510874	-0.722925	1.987417	0.208253	-0.676317	-0.208253	17.009598	-10.723563	-4.754491	10.723563	5.706144	2.323498	
67	1.484404	-0.691703	1.976352	0.795489	-0.788665	-0.795489	17.058359	-10.334145	-5.030883	10.334145	5.903382	2.294065	
68	1.453487	-0.675237	1.965176	1.497575	-0.890740	-1.497575	17.121618	-9.954829	-5.259179	9.954829	6.077030	2.264518	
69	1.426633	-0.684871	1.954144	2.384627	-0.988592	-2.384627	17.282139	-9.602431	-5.437273	9.602431	6.221980	2.234909	
70	1.409895	-0.721293	1.943494	3.472255	-1.087539	-3.472255	17.556883	-9.274506	-5.567656	9.274506	6.342814	2.205181	
71	1.402251	-0.774451	1.933371	4.656786	-1.187980	-4.656786	17.898154	-8.970608	-5.663385	8.970608	6.453183	2.175198	
72	1.399817	-0.818760	1.923747	5.704463	-1.282579	-5.704463	18.138729	-8.684949	-5.713885	8.684949	6.541045	2.144818	
73	1.397774	-0.831606	1.914346	6.414319	-1.359907	-6.414319	18.114698	-8.405626	-5.698633	8.405626	6.578919	2.113937	
74	1.389358	-0.819048	1.904821	6.798268	-1.416588	-6.798268	17.876330	-8.143256	-5.639285	8.143256	6.581104	2.082520	
75	1.369307	-0.796728	1.895046	6.956481	-1.460423	-6.956481	17.564818	-7.914604	-5.584540	7.914604	6.593759	2.050636	
76	1.339424	-0.764757	1.885121	6.934998	-1.497368	-6.934998	17.201081	-7.710935	-5.548182	7.710935	6.624926	2.018370	
77	1.306539	-0.720406	1.875109	6.792290	-1.522610	-6.792290	16.752558	-7.515170	-5.505672	7.515170	6.641062	1.985693	
78	1.275854	-0.673747	1.864917	6.646222	-1.527860	-6.646222	16.267413	-7.326532	-5.440695	7.326532	6.626637	1.952529	
79	1.248448	-0.629491	1.854428	6.574891	-1.509279	-6.574891	15.772923	-7.139670	-5.343038	7.139670	6.583203	1.918858	
80	1.221400	-0.570580	1.843484	6.546646	-1.465108	-6.546646	15.152515	-6.924530	-5.186255	6.924530	6.490758	1.884651	
81	1.188736	-0.481458	1.831784	6.506681	-1.395133	-6.506681	14.290891	-6.655321	-4.957928	6.655321	6.330615	1.849814	
82	1.147737	-0.370937	1.818976	6.467713	-1.305730	-6.467713	13.238244	-6.338560	-4.675803	6.338560	6.114778	1.814215	
83	1.105370	-0.260383	1.804870	6.452598	-1.209405	-6.452598	12.139697	-6.002472	-4.354542	6.002472	5.862530	1.777730	
84	1.071342	-0.157341	1.789488	6.384142	-1.114181	-6.384142	11.040173	-5.666340	-3.985894	5.666340	5.568646	1.740352	
85	1.045964	-0.056360	1.772888	6.161030	-1.020525	-6.161030	9.908114	-5.332944	-3.578345	5.332944	5.230958	1.702236	
86	1.021913	0.035912	1.755111	5.802385	-0.929951	-5.802385	8.838534	-5.013429	-3.193335	5.013429	4.895657	1.663589	
87	0.997855	0.109313	1.736302	5.383439	-0.845133	-5.383439	7.947386	-4.726820	-2.873627	4.726820	4.598046	1.624649	
88	0.983583	0.168294	1.716640	4.964788	-0.768982	-4.964788	7.221724	-4.483679	-2.591217	4.483679	4.313230	1.585748	
89	0.986474	0.213440	1.696252	4.632110	-0.707015	-4.632110	6.671106	-4.292874	-2.324096	4.292874	4.030432	1.547223	
90	1.001875	0.231414	1.675367	4.469232	-0.662278	-4.469232	6.382672	-4.161676	-2.095622	4.161676	3.786440	1.509265	
91	1.022267	0.219512	1.654402	4.466435	-0.630792	-4.466435	6.340185	-4.080040	-1.910939	4.080040	3.595566	1.471872	
92	1.045990	0.201043	1.633760	4.494593	-0.604339	-4.494593	6.340937	-4.021250	-1.723471	4.021250	3.411616	1.434981	
93	1.074321	0.200754	1.613559	4.447703	-0.577746	-4.447703	6.191246	-3.962174	-1.485401	3.962174	3.182515	1.398610	
94	1.106704	0.226642	1.593634	4.340018	-0.553287	-4.340018	5.840563	-3.890816	-1.183626	3.890816	2.892430	1.362847	
95	1.140144	0.282780	1.573661	4.182646	-0.536315	-4.182646	5.278546	-3.801454	-0.817857	3.801454	2.536335	1.327692	
96	1.171952	0.370613	1.553201	3.945569	-0.528307	-3.945569	4.509531	-3.694709	-0.390819	3.694709	2.108502	1.293057	
97	1.203893	0.481321	1.531822	3.656787	-0.525531	-3.656787	3.598909	-3.577053	0.087330	3.577053	1.615444	1.258959	
98	1.240205	0.603768	1.509253	3.378790	-0.523278	-3.378790	2.621481	-3.457288	0.604830	3.457288	1.073031	1.225532	
99	1.283294	0.734779	1.485358	3.139373	-0.520740	-3.139373	1.611439	-3.343932	1.145183	3.343932	0.504893	1.192881	
100	1.333257	0.874645	1.460078	2.929424	-0.519894	-2.929424	0.591751	-3.246639	1.680131	3.246639	-0.052920	1.161060	
101	1.387655	1.017205	1.433517	2.710657	-0.521072	-2.710657	-0.387697	-3.176663	2.174101	3.176663	-0.558543	1.130075	
102	1.443515	1.153296	1.406011	2.436440	-0.524032	-2.436440	-1.272991	-3.140212	2.598791	3.140212	-0.978646	1.099895	
103	1.498769	1.274929	1.378085	2.085224	-0.530743	-2.085224	-2.021055	-3.136741	2.938367	3.136741	-1.292152	1.070504	
104	1.553589	1.379836	1.350356	1.616931	-0.543827	-1.616931	-2.626217	-3.166137	3.197145	3.166137	-1.499205	1.041923	
105	1.609416	1.484054	1.323338	0.922244	-0.562597	-0.922244	-3.185337	-3.218753	3.410635	3.218753	-1.644544	1.014259	
106	1.666441	1.603655	1.297202	-0.004947	-0.583327	0.004947	-3.766334	-3.277205	3.603372	3.277205	-1.774258	0.987746	
107	1.732196	1.722967	1.272046	-0.946865	-0.605150	0.946865	-4.234479	-3.359893	3.750199	3.359893	-1.853144	0.962631	
108	1.821540	1.817748	1.248470	-1.704298	-0.633117	1.704298	-4.434606	-3.512077	3.827429	3.512077	-1.807731	0.939071	
109	1.940504	1.896471	1.227447	-2.269437	-0.671950	2.269437	-4.428510	-3.736704	3.862089	3.736704	-1.633527	0.917178	
110	2.084458	1.984987	1.209697	-2.704869	-0.721525	2.704869	-4.370615	-3.997540	3.891698	3.997540	-1.371410	0.897019	
111	2.250044	2.092858	1.195548	-3.073577	-0.783356	3.073577	-4.314417	-4.276951	3.920627	4.276951	-1.026723	0.878616	
112	2.440503	2.219537	1.185234	-3.451589	-0.863676	3.451589	-4.250151	-4.582584	3.941855	4.582584	-0.576937	0.861986	
113	2.662893	2.369494	1.179082	-3.887699	-0.969395	3.887699	-4.170405	-4.930990	3.952238	4.930990	0.005162	0.847126	
114	2.919294	2.548380	1.177586	-4.384955	-1.102804	4.384955	-4.059624	-5.334327	3.934744	5.334327	0.756947	0.834012	
115	3.195461	2.752155	1.181361	-4.898672	-1.252594	4.898672	-3.887444	-5.766871	3.854098	5.766871	1.697929	0.822621	
116	3.466385	2.960356	1.190876	-5.369470	-1.397739	5.369470	-3.592711	-6.180148	3.665345	6.180148	2.820549	0.812899	
117	3.712479	3.140948	1.206326	-5.786892	-1.526405	5.786892	-3.080570	-6.560142	3.324959	6.560142	4.122116	0.804756	
118	3.918192	3.272884	1.227640	-6.133091	-1.636312	6.133091	-2.305644	-6.895908	2.817272	6.895908	5.571054	0.798094	
119	4.066239	3.368246	1.254312	-6.309816	-1.719286	6.309816	-1.343315	-7.120210	2.168463	7.120210	7.054526	0.792839	
120	4.142013	3.434311	1.285300	-6.269309	-1.765895	6.269309	-0.243410	-7.180408	1.403233	7.180408	8.453810	0.788949	
121	4.135899	3.432142	1.319368	-6.091649	-1.780546	6.091649	1.084864	-7.115753	0.527508	7.115753	9.714135	0.786458	
122	4.040593	3.318303	1.355403	-5.841823	-1.775368	5.841823	2.705787	-6.992459	-0.417103	6.992459	10.770836	0.785423	
123	3.843591	3.080732	1.392278	-5.480227	-1.746959	5.480227	4.523390	-6.824273	-1.334173	6.824273	11.478811	0.785814	
124	3.520525	2.746202	1.428488	-4.858065	-1.661185	4.858065	6.252966	-6.527972	-2.090008	6.527972	11.598576	0.787512	
125	3.048404	2.356897	1.461978	-3.845631	-1.478888	3.845631	7.547415	-5.968797	-2.554117	5.968797	10.904533	0.790405	
126	2.426235	1.894225	1.490547	-2.467474	-1.202546	2.467474	8.300337	-5.133467	-2.658683	5.133467	9.381133	0.794436	
127	1.668059	1.313202	1.512413	-0.758759	-0.858859	0.758759	8.519400	-4.086330	-2.367429	4.086330	7.146019	0.799566	
128	0.791040	0.635442	1.526224	1.307993	-0.458635	-1.307993	8.034835	-2.790379	-1.640017	2.790379	4.297887	0.805731	
129	-0.176186	-0.089454	1.530865	3.689861	-0.014515	-3.689861	6.725984	-1.196123	-0.503641	1.196123	1.024303	0.812872	
130	-1.191879	-0.829564	1.525542	6.295386	0.443753	-6.295386	4.696073	0.662497	0.923391	-0.662497	-2.368845	0.820968	
131	-2.201737	-1.557981	1.509967	9.005551	0.878522	-9.005551	2.229458	2.670707	2.459750	-2.670707	-5.530684	0.830047	
132	-3.140181	-2.261516	1.484604	11.525812	1.242878	-11.525812	-0.194818	4.592910	3.867143	-4.592910	-8.089284	0.840123	
133	-3.950351	-2.930459	1.450846	13.442110	1.498370	-13.442110	-2.142769	6.185386	4.919003	-6.185386	-9.776141	0.851110	
134	-4.592201	-3.535993	1.410825	14.433306	1.636747	-14.433306	-3.427946	7.312659	5.468626	-7.312659	-10.509818	0.862861	
135	-5.029559	-4.039218	1.367221	14.326489	1.667046	-14.326489	-3.969494	7.871116	5.443741	-7.871116	-10.326741	0.875230	
136	-5.234100	-4.410807	1.323229	13.115255	1.602993	-13.115255	-3.726919	7.753939	4.855275	-7.753939	-9.345874	0.888105	
137	-5.202949	-4.627078	1.282215	10.976298	1.471573	-10.976298	-2.821925	6.950664	3.828602	-6.950664	-7.799733	0.901415	
138	-4.952439	-4.663940	1.247136	8.166242	1.304246	-8.166242	-1.496898	5.540542	2.576068	-5.540542	-5.969824	0.915088	
139	-4.506759	-4.534484	1.220403	4.831140	1.117479	-4.831140	0.034744	3.565475	1.324352	-3.565475	-4.067861	0.929005	
140	-3.910453	-4.278620	1.203820	1.085673	0.929122	-1.085673	1.568236	1.117036	0.260662	-1.117036	-2.243271	0.943039	
141	-3.230050	-3.914826	1.198184	-2.801866	0.765645	2.801866	2.917793	-1.563635	-0.503587	1.563635	-0.613340	0.957117	
142	-2.537860	-3.469946	1.203157	-6.664392	0.640126	6.664392	4.003091	-4.242182	-0.958839	4.242182	0.778413	0.971245	
143	-1.898443	-3.000060	1.217694	-10.684296	0.554289	10.684296	4.842735	-6.786964	-1.196796	6.786964	1.958025	0.985404	
144	-1.355324	-2.554750	1.240407	-15.252528	0.506485	15.252528	5.489194	-9.110867	-1.362992	9.110867	2.962665	0.999493	
145	-0.931547	-2.165773	1.269618	-20.716084	0.486559	20.716084	5.985053	-11.134933	-1.589014	11.134933	3.800302	1.013413	
146	-0.638401	-1.856612	1.303362	-27.181283	0.477986	27.181283	6.351598	-12.808015	-1.944571	12.808015	4.446595	1.027109	
147	-0.473097	-1.639164	1.339597	-34.374908	0.467218	34.374908	6.592026	-14.123585	-2.417197	14.123585	4.865986	1.040508	
148	-0.419588	-1.513913	1.376476	-41.605740	0.445870	41.605740	6.713698	-15.112308	-2.926982	15.112308	5.033353	1.053550	
149	-0.454537	-1.478832	1.412530	-47.885711	0.404712	47.885711	6.758357	-15.848414	-3.369554	15.848414	4.956099	1.066231	
150	-0.548760	-1.528964	1.446839	-52.132103	0.333891	52.132103	6.814627	-16.431786	-3.663160	16.431786	4.685979	1.078562	
151	-0.673067	-1.652282	1.479072	-53.409735	0.228330	53.409735	6.986861	-16.931987	-3.771563	16.931987	4.298580	1.090548	
152	-0.806898	-1.832251	1.509319	-51.195348	0.088223	51.195348	7.333881	-17.372946	-3.695229	17.372946	3.864223	1.102191	
153	-0.938189	-2.051343	1.537874	-45.605657	-0.083684	45.605657	7.824494	-17.759360	-3.456884	17.759360	3.443374	1.113515	
154	-1.057974	-2.295676	1.565165	-37.370130	-0.286048	37.370130	8.364155	-18.104840	-3.099048	18.104840	3.097661	1.124633	
155	-1.162239	-2.558771	1.591765	-27.487350	-0.516918	27.487350	8.849987	-18.422352	-2.668688	18.422352	2.876677	1.135683	
156	-1.260144	-2.837708	1.618213	-17.017299	-0.766917	17.017299	9.142548	-18.670911	-2.177838	18.670911	2.777819	1.146728	
157	-1.369230	-3.131417	1.644805	-7.071429	-1.027794	7.071429	9.080331	-18.784338	-1.611500	18.784338	2.757053	1.157780	
158	-1.499080	-3.440188	1.671638	1.271234	-1.299164	-1.271234	8.566828	-18.750245	-0.986188	18.750245	2.791608	1.168878	
159	-1.647327	-3.757167	1.698763	7.134638	-1.573624	-7.134638	7.558246	-18.575630	-0.360093	18.575630	2.891785	1.180084	
160	-1.807842	-4.066705	1.726164	9.994483	-1.832387	-9.994483	6.041002	-18.236573	0.198622	18.236573	3.065511	1.191426	
161	-1.977586	-4.354780	1.753714	9.780473	-2.053762	-9.780473	4.073497	-17.704634	0.628048	17.704634	3.300989	1.202862	
162	-2.156849	-4.615394	1.781182	6.939222	-2.212254	-6.939222	1.811390	-16.966078	0.870448	16.966078	3.574591	1.214314	
163	-2.343309	-4.844479	1.808257	2.243895	-2.289033	-2.243895	-0.520446	-16.018959	0.868294	16.018959	3.867569	1.225759	
164	-2.529461	-5.030684	1.834565	-3.456527	-2.287934	3.456527	-2.682361	-14.862637	0.576903	14.862637	4.160709	1.237247	
165	-2.707369	-5.159681	1.859652	-9.288013	-2.221147	9.288013	-4.444947	-13.491720	-0.020726	13.491720	4.418495	1.248825	
166	-2.872938	-5.225844	1.882984	-14.441382	-2.091227	14.441382	-5.613693	-11.918149	-0.911837	11.918149	4.605337	1.260473	
167	-3.027567	-5.234649	1.903985	-18.334617	-1.902528	18.334617	-6.073958	-10.182993	-2.058105	10.182993	4.703090	1.272096	
168	-3.178458	-5.197376	1.922107	-20.660941	-1.668005	20.660941	-5.787737	-8.331938	-3.410818	8.331938	4.698926	1.283591	
169	-3.334534	-5.124650	1.936852	-21.329667	-1.395043	21.329667	-4.767930	-6.399313	-4.921154	6.399313	4.582841	1.294934	
170	-3.500401	-5.024576	1.947794	-20.434192	-1.082557	20.434192	-3.082867	-4.426601	-6.526063	4.426601	4.369927	1.306148	
171	-3.676634	-4.908330	1.954656	-18.260403	-0.733936	18.260403	-0.848771	-2.469408	-8.142780	2.469408	4.105755	1.317225	
172	-3.863348	-4.790374	1.957330	-15.239606	-0.362001	15.239606	1.789484	-0.575835	-9.688090	0.575835	3.843694	1.328121	
173	-4.060344	-4.680648	1.955881	-11.858397	0.015875	11.858397	4.656929	1.228198	-11.088066	-1.228198	3.625105	1.338771	
174	-4.270408	-4.596768	1.950538	-8.633125	0.377937	8.633125	7.525188	2.969568	-12.289231	-2.969568	3.487357	1.349101	
175	-4.501500	-4.582199	1.941685	-6.124598	0.701405	6.124598	10.112562	4.746172	-13.286146	-4.746172	3.496307	1.359047	
176	-4.755913	-4.673652	1.929885	-4.820567	0.978013	4.820567	12.200696	6.634838	-14.115853	-6.634838	3.742675	1.368567	
177	-5.022916	-4.861783	1.915895	-5.008654	1.220984	5.008654	13.735848	8.605307	-14.820297	-8.605307	4.296386	1.377637	
178	-5.287037	-5.112963	1.900633	-6.801764	1.452430	6.801764	14.759591	10.584243	-15.437117	-10.584243	5.190893	1.386307	
179	-5.534194	-5.395258	1.885100	-10.149239	1.687682	10.149239	15.343211	12.519358	-16.009444	-12.519358	6.429072	1.394692	
180	-5.752433	-5.676679	1.870237	-14.799382	1.928067	14.799382	15.573738	14.373855	-16.580140	-14.373855	7.978897	1.402904	
181	-5.936282	-5.931247	1.856772	-20.252605	2.160415	20.252605	15.534614	16.151650	-17.186791	-16.151650	9.778629	1.411023	
182	-6.086885	-6.143588	1.845118	-25.741226	2.360970	25.741226	15.325784	17.901498	-17.853367	-17.901498	11.751728	1.419108	
183	-6.205563	-6.302896	1.835390	-30.297028	2.507221	30.297028	15.078982	19.664952	-18.572914	-19.664952	13.818316	1.427196	
184	-6.291876	-6.401507	1.827547	-32.901993	2.589624	32.901993	14.945904	21.452779	-19.311429	-21.452779	15.903005	1.435326	
185	-6.348043	-6.441863	1.821451	-32.638022	2.603880	32.638022	15.078542	23.288974	-20.034529	-23.288974	17.940994	1.443547	
186	-6.381962	-6.436530	1.816806	-28.809722	2.543197	28.809722	15.605668	25.253914	-20.731042	-25.253914	19.879007	1.451919	
187	-6.403939	-6.393715	1.813073	-21.200210	2.412100	21.200210	16.563392	27.432783	-21.404315	-27.432783	21.673989	1.460488	
188	-6.419991	-6.315163	1.809523	-10.209764	2.226037	10.209764	17.873989	29.844496	-22.055560	-29.844496	23.300901	1.469282	
189	-6.429632	-6.204066	1.805458	3.222624	1.996097	-3.222624	19.426024	32.448142	-22.693537	-32.448142	24.751094	1.478334	
190	-6.431405	-6.060421	1.800315	17.648875	1.742518	-17.648875	21.031755	35.177719	-23.337498	-35.177719	26.023956	1.487689	
191	-6.424298	-5.881122	1.793577	31.418327	1.500710	-31.418327	22.406244	37.949183	-24.004966	-37.949183	27.133820	1.497394	
192	-6.399249	-5.663734	1.784879	43.124694	1.296026	-43.124694	23.318000	40.626792	-24.690714	-40.626792	28.087424	1.507489	
193	-6.339957	-5.397554	1.774154	51.799651	1.143930	-51.799651	23.617161	43.044691	-25.328556	-43.044691	28.836379	1.518026	
194	-6.234633	-5.062732	1.761462	57.054121	1.060192	-57.054121	23.206123	45.088284	-25.788790	-45.088284	29.292880	1.529060	
195	-6.079643	-4.648229	1.746845	59.052396	1.048363	-59.052396	22.101721	46.690443	-25.939229	-46.690443	29.399512	1.540643	
196	-5.873049	-4.157843	1.730401	58.345988	1.094844	-58.345988	20.420853	47.770157	-25.668801	-47.770157	29.134126	1.552834	
197	-5.607532	-3.598155	1.712298	55.718617	1.172062	-55.718617	18.274203	48.209491	-24.847072	-48.209491	28.444149	1.565671	
198	-5.277364	-2.981454	1.692736	51.934047	1.247607	-51.934047	15.732714	47.921456	-23.373265	-47.921456	27.281074	1.579160	
199	-4.888798	-2.331817	1.672012	47.548567	1.297951	-47.548567	12.885886	46.923970	-21.258976	-46.923970	25.685491	1.593287	
200	-4.451865	-1.671363	1.650636	42.901267	1.308593	-42.901267	9.812236	45.279706	-18.571935	-45.279706	23.733430	1.608027	
201	-3.972434	-1.014436	1.629370	38.173739	1.274108	-38.173739	6.498738	43.034192	-15.378643	-43.034192	21.469652	1.623357	
202	-3.453435	-0.371376	1.609161	33.452245	1.195876	-33.452245	2.883436	40.219692	-11.739306	-40.219692	18.890973	1.639253	
203	-2.894458	0.256096	1.590874	28.742846	1.071775	-28.742846	-1.067251	36.866306	-7.683886	-36.866306	15.926135	1.655673	
204	-2.301689	0.868031	1.575003	24.003932	0.909497	-24.003932	-5.362263	33.106787	-3.296615	-33.106787	12.554321	1.672559	
205	-1.690855	1.458595	1.561749	19.211199	0.737330	-19.211199	-10.019039	29.158047	1.243247	-29.158047	8.869996	1.689856	
206	-1.060716	2.034831	1.551106	14.322419	0.572481	-14.322419	-15.071322	25.039874	5.871976	-25.039874	4.836939	1.707549	
207	-0.381993	2.628010	1.542622	9.269431	0.406380	-9.269431	-20.573872	20.551067	10.740587	-20.551067	0.166635	1.725637	
208	0.368882	3.268046	1.535297	4.071349	0.240794	-4.071349	-26.545665	15.623944	15.947222	-15.623944	-5.346844	1.744080	
209	1.179492	3.952625	1.527926	-1.173345	0.111591	1.173345	-32.852764	10.487000	21.271964	-10.487000	-11.506490	1.762803	
210	2.019609	4.656090	1.519534	-6.427041	0.062591	6.427041	-39.230629	5.414410	26.308633	-5.414410	-17.901677	1.781739	
211	2.875226	5.364621	1.509414	-11.712647	0.106126	11.712647	-45.375829	0.489828	30.775940	-0.489828	-24.270703	1.800860	
212	3.744194	6.077387	1.496987	-16.960801	0.223952	16.960801	-50.915704	-4.256380	34.517722	4.256380	-30.454443	1.820188	
213	4.612574	6.779484	1.481970	-22.002457	0.403795	22.002457	-55.402996	-8.679483	37.309766	8.679483	-36.174099	1.839793	
214	5.455995	7.442228	1.464604	-26.707570	0.655669	26.707570	-58.436267	-12.632259	38.881113	12.632259	-41.082268	1.859780	
215	6.251397	8.040173	1.445623	-30.977798	0.997217	30.977798	-59.751352	-16.049447	39.035642	16.049447	-44.894415	1.880255	
216	6.971529	8.549282	1.426200	-34.656211	1.439867	34.656211	-59.167610	-18.842305	37.655613	18.842305	-47.358314	1.901297	
217	7.583286	8.943967	1.407931	-37.524123	1.979905	37.524123	-56.527967	-20.889808	34.730082	20.889808	-48.267825	1.922940	
218	8.063272	9.209715	1.392598	-39.315588	2.591833	39.315588	-51.779897	-22.175444	30.435244	22.175444	-47.583677	1.945248	
219	8.401095	9.347863	1.381795	-39.817951	3.237325	39.817951	-45.056104	-22.789919	25.094488	22.789919	-45.421265	1.968369	
220	8.598774	9.371866	1.376732	-39.044097	3.878611	39.044097	-36.661438	-22.879789	19.096496	22.879789	-42.011400	1.992525	
221	8.677993	9.307520	1.378214	-37.186994	4.481350	37.186994	-27.008337	-22.653438	12.838717	22.653438	-37.690036	2.018004	
222	8.666856	9.183740	1.386640	-34.467358	5.018532	34.467358	-16.536686	-22.297769	6.641921	22.297769	-32.767135	2.045136	
223	8.586199	9.023602	1.402050	-31.151702	5.476744	31.151702	-5.673420	-21.921530	0.717543	21.921530	-27.466193	2.074233	
224	8.459095	8.848477	1.424204	-27.614554	5.852732	27.614554	5.191118	-21.610730	-4.815612	21.610730	-21.990203	2.105541	
225	8.313228	8.675424	1.452697	-24.228776	6.139468	24.228776	15.725576	-21.476834	-9.921926	21.476834	-16.534131	2.139209	
226	8.164754	8.504110	1.487115	-21.285754	6.316486	21.285754	25.627015	-21.646432	-14.595373	21.646432	-11.263270	2.175249	
227	8.018338	8.322631	1.527138	-19.183156	6.347604	19.183156	34.587741	-22.207825	-18.801420	22.207825	-6.325452	2.213569	
228	7.887165	8.131636	1.572535	-18.418158	6.187875	18.418158	42.370335	-23.208753	-22.527039	23.208753	-1.824632	2.254044	
229	7.792137	7.944366	1.623184	-19.332502	5.798696	19.332502	48.874707	-24.687893	-25.825508	24.687893	2.218242	2.296575	
230	7.746150	7.764383	1.679117	-22.087042	5.147475	22.087042	54.030560	-26.634989	-28.747454	26.634989	5.816649	2.341161	
231	7.747163	7.581627	1.740396	-26.651069	4.222599	26.651069	57.755514	-28.988069	-31.279409	28.988069	8.982595	2.387941	
232	7.777979	7.384762	1.806977	-32.751308	3.056879	32.751308	60.074260	-31.695765	-33.352919	31.695765	11.744939	2.437091	
233	7.817173	7.163531	1.878704	-40.011993	1.699015	40.011993	61.075813	-34.720910	-34.870483	34.720910	14.110429	2.488725	
234	7.850568	6.906039	1.955280	-48.032639	0.183110	48.032639	60.800137	-38.030459	-35.725033	38.030459	16.031709	2.542922	
235	7.868762	6.601851	2.036213	-56.312446	-1.466542	56.312446	59.256291	-41.581827	-35.828117	41.581827	17.467073	2.599746	
236	7.859086	6.240588	2.120774	-64.268909	-3.222517	64.268909	56.433042	-45.319749	-35.084654	45.319749	18.374552	2.659127	
237	7.803493	5.806178	2.208049	-71.373451	-5.045002	71.373451	52.261448	-49.233278	-33.317706	49.233278	18.618037	2.720727	
238	7.688139	5.285431	2.297158	-77.247294	-6.890526	77.247294	46.673050	-53.353241	-30.334593	53.353241	18.031394	2.783985	
239	7.514551	4.684862	2.387443	-81.641753	-8.729517	81.641753	39.757844	-57.661377	-26.115958	57.661377	16.618956	2.848256	
240	7.295630	4.024225	2.478442	-84.365095	-10.557225	84.365095	31.724547	-62.039610	-20.830052	62.039610	14.569701	2.912946	
241	7.044254	3.311025	2.569784	-85.421708	-12.401362	85.421708	22.642027	-66.326310	-14.646727	66.326310	12.069230	2.977597	
242	6.770746	2.543115	2.661182	-85.142973	-14.301203	85.142973	12.525536	-70.417881	-7.698095	70.417881	9.270110	3.041959	
243	6.482735	1.733205	2.752558	-83.886904	-16.250958	83.886904	1.723790	-74.302305	-0.199855	74.302305	6.410451	3.105986	
244	6.176402	0.897714	2.844064	-81.853075	-18.196664	81.853075	-9.230257	-77.978707	7.617877	77.978707	3.715368	3.169717	
245	5.834801	0.043385	2.935803	-79.135775	-20.069050	79.135775	-19.865811	-81.357892	15.580527	81.357892	1.286358	3.233140	
246	5.449131	-0.811418	3.027622	-75.716653	-21.791677	75.716653	-29.620321	-84.308086	23.418621	84.308086	-0.749427	3.296140	
247	5.026731	-1.646560	3.119272	-71.673051	-23.318019	71.673051	-38.091657	-86.755091	30.817624	86.755091	-2.228088	3.358535	
248	4.571883	-2.464279	3.210466	-67.289922	-24.650633	67.289922	-45.252203	-88.673263	37.601050	88.673263	-3.116419	3.420173	
249	4.094624	-3.264329	3.300967	-62.895790	-25.810972	62.895790	-51.060303	-90.105483	43.603485	90.105483	-3.354170	3.480980	
250	3.616428	-4.032169	3.391039	-58.707250	-26.808786	58.707250	-55.350270	-91.194486	48.616478	91.194486	-2.738434	3.540946	
251	3.139386	-4.768761	3.481472	-54.861172	-27.656096	54.861172	-58.147186	-92.116414	52.633051	92.116414	-1.243775	3.600051	
252	2.658575	-5.489894	3.573137	-51.682496	-28.408970	51.682496	-59.697465	-93.068445	55.783193	93.068445	1.056212	3.658229	
253	2.191914	-6.195218	3.667099	-49.387475	-29.123368	49.387475	-60.166624	-94.203424	58.015549	94.203424	4.389915	3.715395	
254	1.761455	-6.865471	3.764958	-47.645449	-29.798937	47.645449	-59.547086	-95.504594	59.138512	95.504594	9.130407	3.771470	
255	1.367229	-7.492550	3.868598	-45.934586	-30.434916	45.934586	-57.908319	-96.833221	59.110100	96.833221	15.378585	3.826369	
256	0.987545	-8.098041	3.979520	-43.788774	-31.096033	43.788774	-55.534396	-97.986104	58.085782	97.986104	22.887142	3.879910	
257	0.601699	-8.708255	4.098434	-40.871813	-31.876878	40.871813	-52.623004	-98.738522	56.181425	98.738522	31.345058	3.931684	
258	0.206746	-9.318753	4.225390	-37.285250	-32.812240	37.285250	-48.986403	-98.919158	53.321290	98.919158	40.586590	3.981127	
259	-0.194736	-9.900910	4.359970	-33.441782	-33.861661	33.441782	-44.272601	-98.337902	49.361830	98.337902	50.392961	4.027695	
260	-0.617018	-10.436400	4.501027	-29.632997	-34.975857	29.632997	-38.319058	-96.700681	44.306363	96.700681	60.151437	4.070868	
261	-1.092104	-10.927366	4.646280	-25.937424	-36.122747	25.937424	-31.138284	-93.680099	38.335860	93.680099	68.846489	4.110098	
262	-1.655068	-11.388905	4.792269	-22.250282	-37.283285	22.250282	-22.770049	-89.023635	31.699728	89.023635	75.334295	4.144884	
263	-2.337947	-11.840868	4.934608	-18.341282	-38.426297	18.341282	-13.255753	-82.611009	24.657565	82.611009	78.534130	4.174961	
264	-3.161440	-12.278285	5.068280	-14.280836	-39.387670	14.280836	-2.757679	-74.473516	17.473800	74.473516	77.573569	4.200382	
265	-4.129986	-12.672874	5.187978	-10.565577	-39.898618	10.565577	8.202371	-64.742295	10.502823	64.742295	71.891460	4.221350	
266	-5.244097	-13.025924	5.288369	-7.562659	-39.879844	7.562659	18.851128	-53.617140	4.247269	53.617140	61.267872	4.238023	
267	-6.501116	-13.383929	5.364458	-5.207775	-39.653580	5.207775	28.692372	-41.464636	-0.805993	41.464636	46.050607	4.250593	
268	-7.881490	-13.804554	5.412273	-3.109394	-39.945005	3.109394	37.897179	-28.848932	-4.392447	28.848932	27.327710	4.259399	
269	-9.342962	-14.316709	5.429402	-0.770080	-41.716716	0.770080	47.220875	-16.417938	-6.513114	16.417938	6.745218	4.264831	
270	-10.823627	-14.910600	5.415241	2.263188	-46.029638	-2.263188	57.746629	-4.861580	-7.415203	4.861580	-13.681083	4.267340	
271	-12.250175	-15.556168	5.371255	6.513771	-54.043623	-6.513771	70.866435	5.091136	-7.605081	-5.091136	-31.776737	4.267611	
272	-13.545948	-16.200811	5.300990	12.272618	-66.842762	-12.272618	88.016143	12.759459	-7.775203	-12.759459	-45.622909	4.266497	
273	-14.647161	-16.771920	5.209627	19.295170	-85.141414	-19.295170	110.163545	17.611743	-8.529059	-17.611743	-54.156902	4.264757	
274	-15.523004	-17.202765	5.103462	27.157704	-109.047148	-27.157704	137.512291	19.395139	-10.030445	-19.395139	-57.696351	4.262874	
275	-16.166147	-17.431750	4.989319	35.031212	-137.979088	-35.031212	169.263614	18.121797	-11.896530	-18.121797	-57.622528	4.260960	
276	-16.561076	-17.395013	4.873745	41.189604	-171.051523	-41.189604	203.877307	13.689744	-13.448491	-13.689744	-55.308973	4.258772	
277	-16.670678	-17.048038	4.762389	43.638219	-207.704353	-43.638219	240.060489	5.489954	-14.085659	-5.489954	-51.439066	4.255887	
278	-16.458248	-16.376005	4.659687	40.685027	-247.754908	-40.685027	276.978667	-7.369707	-13.313434	7.369707	-46.488332	4.251886	
279	-15.919635	-15.383286	4.568506	30.973114	-290.818845	-30.973114	313.503171	-25.429724	-10.425524	25.429724	-41.552105	4.246426	
280	-15.087805	-14.100719	4.489824	14.103488	-336.101829	-14.103488	348.456300	-48.668009	-4.621486	48.668009	-38.098253	4.239161	
281	-14.020014	-12.593974	4.422819	-9.246793	-382.662142	9.246793	381.416160	-76.662026	4.494189	76.662026	-37.230994	4.229630	
282	-12.784770	-10.934542	4.365263	-38.236431	-429.525327	38.236431	412.480982	-108.947812	17.098315	108.947812	-39.866371	4.217276	
283	-11.442380	-9.174635	4.313954	-72.127340	-475.589086	72.127340	441.700381	-145.265808	33.605596	145.265808	-47.060894	4.201590	
284	-10.030513	-7.354884	4.265062	-110.432500	-519.600748	110.432500	468.875357	-185.304076	54.338035	185.304076	-59.540639	4.182160	
285	-8.569254	-5.501994	4.214525	-153.621714	-560.433001	153.621714	493.501297	-228.836610	79.132108	228.836610	-77.336097	4.158575	
286	-7.087316	-3.647971	4.158475	-202.380689	-597.291570	202.380689	515.423751	-275.673370	107.061380	275.673370	-99.533869	4.130373	
287	-5.630933	-1.856749	4.093539	-256.566430	-629.614247	256.566430	535.352330	-324.936385	136.357500	324.936385	-124.279657	4.097096	
288	-4.229314	-0.180555	4.016901	-315.946271	-657.056323	315.946271	553.988305	-375.551485	165.426015	375.551485	-149.909303	4.058295	
289	-2.873418	1.379289	3.926337	-380.643756	-679.684895	380.643756	571.484082	-427.310799	193.655880	427.310799	-175.757317	4.013552	
290	-1.532380	2.853815	3.820425	-450.559701	-698.048970	450.559701	587.905421	-480.847653	221.068304	480.847653	-201.766650	3.962553	
291	-0.175465	4.278043	3.698926	-524.973237	-713.014835	524.973237	603.605526	-537.068786	247.799471	537.068786	-227.973362	3.905144	
292	1.210942	5.663382	3.563062	-602.563972	-725.552793	602.563972	619.407672	-596.420882	273.700184	596.420882	-254.125815	3.841289	
293	2.620776	6.990153	3.415574	-681.942682	-736.598623	681.942682	636.394945	-658.470739	298.294774	658.470739	-279.662078	3.771038	
294	4.053565	8.248903	3.260766	-762.600055	-747.029947	762.600055	655.043243	-722.700144	321.556795	722.700144	-304.505525	3.694643	
295	5.523748	9.457036	3.104466	-844.781938	-757.618708	844.781938	675.045287	-789.046603	343.924005	789.046603	-329.117618	3.612596	
296	7.022627	10.602053	2.953819	-927.698274	-768.851636	927.698274	696.383322	-856.747338	364.964855	856.747338	-353.157233	3.525454	
297	8.511600	11.631884	2.816807	-1008.882308	-780.722635	1008.882308	719.330601	-923.973138	383.555477	923.973138	-375.575966	3.433733	
298	9.961332	12.514088	2.701427	-1085.389960	-792.657457	1085.389960	743.293993	-989.013886	399.352158	989.013886	-396.036282	3.337998	
299	11.364161	13.251703	2.614650	-1154.428983	-803.749009	1154.428983	766.799670	-1050.878971	412.996882	1050.878971	-415.117051	3.238861	
300	12.728218	13.873318	2.561573	-1213.499067	-813.103981	1213.499067	788.064584	-1109.756623	425.934921	1109.756623	-434.088389	3.136846	
301	14.070463	14.432721	2.545331	-1260.859302	-819.951553	1260.859302	805.133602	-1167.344462	440.346360	1167.344462	-454.767536	3.032372	
302	15.402743	14.987346	2.567823	-1295.607992	-823.521191	1295.607992	816.024395	-1225.730459	458.295324	1225.730459	-478.717893	2.925767	
303	16.734078	15.586839	2.630459	-1317.358907	-822.923817	1317.358907	818.652122	-1286.528046	481.187543	1286.528046	-506.868419	2.817272	
304	18.076657	16.282123	2.734611	-1326.180574	-817.439882	1326.180574	811.010681	-1351.478004	510.140991	1351.478004	-539.949255	2.707157	
305	19.435179	17.116497	2.881749	-1322.741490	-806.914688	1322.741490	791.854070	-1422.532392	546.065236	1422.532392	-578.555187	2.595712	
306	20.806587	18.118579	3.073176	-1308.050473	-791.625449	1308.050473	760.704195	-1501.208029	589.328231	1501.208029	-622.892890	2.483170	
307	22.192463	19.311607	3.309664	-1283.091695	-772.063645	1283.091695	717.578740	-1588.572153	639.744618	1588.572153	-672.863675	2.369730	
308	23.596064	20.715230	3.591213	-1249.456976	-748.975364	1249.456976	663.214169	-1685.120385	696.577023	1685.120385	-728.054609	2.255543	
309	25.011787	22.338001	3.916879	-1209.705083	-723.402644	1209.705083	599.378380	-1790.210119	758.266600	1790.210119	-787.475373	2.140698	
310	26.430043	24.171155	4.284624	-1165.512015	-696.706127	1165.512015	529.006211	-1902.344327	822.546547	1902.344327	-849.683325	2.025329	
311	27.846490	26.188187	4.691345	-1115.777238	-670.235480	1115.777238	455.586325	-2019.530346	886.861855	2019.530346	-913.047522	1.909759	
312	29.256432	28.348412	5.133187	-1057.471421	-644.774282	1057.471421	382.161761	-2138.656716	948.409365	2138.656716	-975.547634	1.794504	
313	30.645139	30.597826	5.605932	-987.618125	-620.697321	987.618125	311.453501	-2255.683973	1004.123112	2255.683973	-1034.601518	1.680169	
314	31.987235	32.866564	6.105459	-903.392563	-598.353273	903.392563	246.346499	-2366.775927	1050.948320	2366.775927	-1087.198291	1.567379	
315	33.248862	35.069353	6.628259	-801.329123	-577.793786	801.329123	189.365663	-2468.495764	1086.099981	2468.495764	-1129.988173	1.456783	
316	34.393328	37.116917	7.171921	-678.316685	-558.519230	678.316685	141.979424	-2557.694176	1107.406674	2557.694176	-1159.526827	1.349056	
317	35.399733	38.955573	7.735360	-534.551414	-539.667104	534.551414	104.157356	-2631.739280	1113.958510	2631.739280	-1173.068480	1.244879	
318	36.270728	40.593397	8.318265	-376.403193	-520.594016	376.403193	75.225279	-2688.014110	1106.116415	2688.014110	-1169.195684	1.144964	
319	37.007182	42.053597	8.920037	-215.047399	-501.424009	215.047399	55.990555	-2723.202794	1084.488429	2723.202794	-1147.439534	1.050061	
320	37.588657	43.330887	9.539006	-60.947210	-482.340949	60.947210	47.487730	-2732.964040	1049.457216	2732.964040	-1107.930276	0.960951	
321	37.992349	44.413209	10.171549	77.431355	-462.616553	-77.431355	47.248716	-2711.836257	1001.962392	2711.836257	-1052.280277	0.878488	
322	38.220095	45.334634	10.810764	188.791333	-441.925625	-188.791333	51.161752	-2653.766366	944.188178	2653.766366	-984.655081	0.803604	
323	38.281020	46.203431	11.445463	262.580362	-421.881544	-262.580362	58.207393	-2551.362592	877.892547	2551.362592	-910.463416	0.737162	
324	38.156338	47.122877	12.060762	301.436083	-403.988065	-301.436083	68.231294	-2395.800832	801.565600	2395.800832	-833.559170	0.679823	
325	37.836459	48.082488	12.640800	321.677016	-386.370437	-321.677016	76.556573	-2182.946354	711.740326	2182.946354	-756.890695	0.632135	
326	37.382866	48.962601	13.171902	340.878236	-363.123887	-340.878236	73.771711	-1919.951363	607.040253	1919.951363	-685.162361	0.594696	
327	36.925211	49.621480	13.644474	368.772592	-327.015323	-368.772592	52.444154	-1624.139800	489.434192	1624.139800	-624.964944	0.568129	
328	36.643971	50.002461	14.053566	407.468776	-274.750631	-407.468776	18.830719	-1317.829668	363.197522	1317.829668	-584.264296	0.552689	
329	36.735448	50.176157	14.398478	453.223823	-210.416534	-453.223823	-1.438961	-1024.376931	231.858362	1024.376931	-571.040352	0.547879	
330	37.319767	50.272181	14.682000	495.841825	-143.707585	-495.841825	28.514662	-765.583785	94.284816	765.583785	-589.310022	0.552497	
331	38.365500	50.407066	14.909860	521.930273	-86.046041	-521.930273	143.635032	-559.404197	-55.730384	559.404197	-635.894700	0.564900	
332	39.656219	50.648817	15.090517	523.277169	-47.836124	-523.277169	368.033986	-416.647036	-226.009093	416.647036	-699.725183	0.583301	
333	40.780264	50.966239	15.234428	506.109407	-36.278046	-506.109407	709.384566	-336.311235	-419.918581	336.311235	-763.963173	0.605997	
334	41.186091	51.150696	15.350594	497.995021	-52.821267	-497.995021	1153.970240	-301.940884	-628.565715	301.940884	-813.169087	0.631418	
335	40.324733	50.725263	15.438139	550.770725	-89.129617	-550.770725	1659.777572	-281.510308	-824.498537	281.510308	-845.263371	0.658081	
336	37.891479	48.932340	15.473159	731.040629	-121.400674	-731.040629	2147.520656	-232.919065	-963.332497	232.919065	-883.645507	0.684619	
337	34.169266	44.945194	15.396840	1067.647655	-109.190936	-1067.647655	2498.286522	-118.967573	-1002.542143	118.967573	-977.999251	0.709869	
338	30.250726	38.296849	15.120521	1439.985233	-11.125890	-1439.985233	2564.706871	66.175557	-935.199714	-66.175557	-1167.332273	0.732959	
339	27.735806	29.220570	14.569763	1524.975311	178.533131	-1524.975311	2204.361967	276.556222	-800.122300	-276.556222	-1397.940069	0.753320	
340	27.755934	18.642054	13.765080	1023.091628	400.079753	-1023.091628	1380.143726	437.381754	-633.769687	-437.381754	-1485.156984	0.770642	
341	29.933031	8.125755	12.877795	54.169088	552.767499	-54.169088	313.912983	508.245887	-438.487891	-508.245887	-1234.732031	0.784894	
342	32.626941	-0.349306	12.173562	-836.557840	571.831592	836.557840	-548.649263	515.301277	-242.857151	-515.301277	-646.652947	0.796369	
343	34.198230	-5.483415	11.844684	-1188.600205	474.866503	1188.600205	-887.411208	512.587532	-117.156380	-512.587532	57.135825	0.805623	
344	33.558931	-7.728661	11.887747	-984.440462	329.681462	984.440462	-762.432420	532.650719	-81.900016	-532.650719	613.050596	0.813379	
345	30.312092	-8.920667	12.150755	-506.094780	199.414939	506.094780	-474.978510	577.489372	-74.667230	-577.489372	876.188496	0.820479	
346	25.450684	-10.648318	12.458957	-27.532076	112.862952	27.532076	-262.805038	632.669473	-33.475117	-632.669473	883.387964	0.827840	
347	21.312000	-12.648419	12.688338	350.085724	57.275448	-350.085724	-117.206322	689.253432	-2.673816	-689.253432	812.424035	0.836373	
348	18.446926	-13.651313	12.773788	649.338872	7.651768	-649.338872	54.761934	759.086830	-52.191078	-759.086830	743.822966	0.846886	
349	14.599277	-14.139046	12.692158	881.110228	-29.762033	-881.110228	166.266685	844.125252	-101.154568	-844.125252	584.257828	0.859973	
350	8.817619	-15.411439	12.447686	1047.550189	-40.518567	-1047.550189	126.465760	917.482193	-55.238859	-917.482193	319.242976	0.875986	
351	2.145843	-17.663037	12.064390	1178.719402	-29.026499	-1178.719402	-17.244568	954.701130	67.130031	-954.701130	34.831247	0.895030	
352	-4.260604	-20.410565	11.579761	1301.234992	-7.067330	-1301.234992	-181.435231	949.384718	205.890754	-949.384718	-199.477377	0.916983	
353	-9.724814	-23.112590	11.038167	1412.687081	16.832520	-1412.687081	-313.346621	907.660978	316.572589	-907.660978	-355.953052	0.941547	
354	-13.901609	-25.359902	10.484836	1485.474853	38.691387	-1485.474853	-394.804709	841.762221	378.240527	-841.762221	-431.908041	0.968267	
355	-16.668419	-26.914037	9.959958	1484.619830	57.264761	-1484.619830	-430.030145	765.466731	387.534788	-765.466731	-438.295002	0.996557	
356	-18.066672	-27.668745	9.493773	1387.571527	72.169308	-1387.571527	-433.227912	691.165136	351.643626	-691.165136	-393.377324	1.025747	
357	-18.241080	-27.606918	9.104138	1198.627632	82.959821	-1198.627632	-420.059871	628.727392	282.820502	-628.727392	-316.876967	1.055190	
358	-17.393378	-26.783341	8.796552	947.900779	89.204988	-947.900779	-402.403445	585.121417	194.411290	-585.121417	-225.957151	1.084347	
359	-15.750155	-25.326803	8.566086	673.707157	91.069082	-673.707157	-385.067719	563.785045	98.122684	-563.785045	-133.491857	1.112702	
360	-13.543211	-23.432298	8.400729	408.927689	89.500870	-408.927689	-362.453087	563.980417	2.582986	-563.980417	-47.750159	1.139664	
361	-11.000409	-21.325564	8.285197	186.890300	85.580405	-186.890300	-317.542682	581.330409	-86.933634	-581.330409	27.241300	1.164680	
362	-8.345024	-19.206414	8.203998	47.886737	79.650001	-47.886737	-231.504778	610.040991	-167.436482	-610.040991	90.541457	1.187364	
363	-5.798735	-17.195526	8.143034	23.507999	71.225621	-23.507999	-100.641065	645.064746	-235.766176	-645.064746	142.214902	1.207510	
364	-3.567585	-15.319447	8.089814	115.174842	59.727043	-115.174842	56.664098	682.947697	-287.475479	-682.947697	181.935503	1.225109	
365	-1.808777	-13.532669	8.032911	292.052973	45.242250	-292.052973	208.382659	721.658490	-318.689131	-721.658490	209.142111	1.240363	
366	-0.602948	-11.744326	7.961428	505.427641	28.850124	-505.427641	322.469766	759.338443	-328.037533	-759.338443	223.441983	1.253628	
367	0.059432	-9.847278	7.865245	706.408360	12.508988	-706.408360	377.316484	793.073665	-316.778942	-793.073665	224.706716	1.265388	
368	0.268074	-7.773853	7.736268	859.520732	-1.332573	-859.520732	366.903415	819.241501	-288.479311	-819.241501	213.617090	1.276315	
369	0.158477	-5.562020	7.570237	949.084161	-10.336696	-949.084161	301.599508	834.620241	-249.148151	-834.620241	192.767836	1.287139	
370	-0.119108	-3.368767	7.368189	978.636595	-12.978754	-978.636595	204.039642	837.207022	-206.431290	-837.207022	166.937287	1.298395	
371	-0.432353	-1.412983	7.136650	964.860077	-8.993589	-964.860077	100.062843	826.780938	-167.022984	-826.780938	141.372013	1.310300	
372	-0.705853	0.096995	6.886105	927.577611	0.639174	-927.577611	9.780952	804.931119	-134.555958	-804.931119	119.612395	1.322817	
373	-0.919433	1.012474	6.628336	881.328391	13.994704	-881.328391	-56.386080	774.549083	-109.776387	-774.549083	103.020516	1.335791	
374	-1.068540	1.278864	6.373875	833.525088	28.611371	-833.525088	-96.965614	739.107562	-91.707369	-739.107562	91.463427	1.349022	
375	-1.136389	0.961699	6.130438	786.605878	41.942979	-786.605878	-116.279675	701.533381	-78.606883	-701.533381	83.937663	1.362332	
376	-1.086431	0.231840	5.902703	740.207092	51.766252	-740.207092	-120.547084	662.901411	-68.843920	-662.901411	79.191038	1.375654	
377	-0.884079	-0.703601	5.693064	693.147985	56.652337	-693.147985	-115.284864	622.734565	-61.334472	-622.734565	76.101144	1.389105	
378	-0.514122	-1.641619	5.502245	646.597758	56.596691	-646.597758	-105.269698	581.637049	-55.497579	-581.637049	73.812197	1.402969	
379	0.030149	-2.397614	5.329592	604.945361	53.000957	-604.945361	-94.421645	541.872399	-51.145401	-541.872399	71.884073	1.417476	
380	0.716756	-2.880395	5.173643	571.022811	47.460794	-571.022811	-84.105797	503.997225	-48.023693	-503.997225	70.011903	1.432675	
381	1.455064	-3.112892	5.032656	544.658627	41.252580	-544.658627	-73.902022	466.599626	-45.561481	-466.599626	67.785069	1.448549	
382	2.165606	-3.126022	4.904671	526.950578	36.077909	-526.950578	-64.652876	430.080305	-43.385135	-430.080305	65.025763	1.465074	
383	2.822341	-2.902242	4.787562	518.963962	33.578401	-518.963962	-58.308897	396.547592	-41.497866	-396.547592	61.849004	1.482182	
384	3.409233	-2.452285	4.679393	517.095094	33.970620	-517.095094	-55.633755	366.762528	-39.913985	-366.762528	58.354400	1.499672	
385	3.896406	-1.871824	4.578685	514.502941	36.070653	-514.502941	-55.909878	340.025596	-38.593936	-340.025596	54.627992	1.517135	
386	4.259661	-1.277703	4.484341	505.632774	38.379991	-505.632774	-57.949539	315.673205	-37.526049	-315.673205	50.804795	1.534150	
387	4.488741	-0.743626	4.395442	488.032766	39.918037	-488.032766	-60.822340	293.452815	-36.665406	-293.452815	46.990981	1.550472	
388	4.584617	-0.305495	4.311079	461.807361	40.424268	-461.807361	-64.094138	273.388055	-35.925663	-273.388055	43.255170	1.565915	
389	4.562875	0.023522	4.230273	428.844786	40.074744	-428.844786	-67.582677	255.626378	-35.230553	-255.626378	39.658082	1.580260	
390	4.453487	0.241204	4.152076	391.927165	39.073362	-391.927165	-70.892127	240.075683	-34.544836	-240.075683	36.263461	1.593335	
391	4.289745	0.352794	4.075730	353.652780	37.571510	-353.652780	-73.356372	226.271997	-33.835000	-226.271997	33.092079	1.604977	
392	4.097522	0.383968	4.000761	315.932176	35.817966	-315.932176	-74.574896	213.606525	-33.001388	-213.606525	30.078607	1.615051	
393	3.891689	0.371983	3.926966	280.225252	34.154041	-280.225252	-74.711486	201.675234	-31.904989	-201.675234	27.131914	1.623660	
394	3.681210	0.342742	3.854271	247.633794	32.813044	-247.633794	-74.107219	190.353367	-30.464011	-190.353367	24.213078	1.631083	
395	3.477859	0.313172	3.782708	218.496774	31.806410	-218.496774	-72.963439	179.518850	-28.705112	-179.518850	21.359148	1.637508	
396	3.290300	0.295077	3.712476	192.552251	31.091582	-192.552251	-71.566429	169.129552	-26.694217	-169.129552	18.626896	1.642996	
397	3.114475	0.289239	3.643750	169.555814	30.662490	-169.555814	-70.319887	159.301032	-24.440392	-159.301032	16.010533	1.647441	
398	2.941587	0.291859	3.576517	149.302193	30.463506	-149.302193	-69.461966	149.996288	-21.942369	-149.996288	13.474586	1.650666	
399	2.767642	0.303716	3.510709	131.463427	30.440786	-131.463427	-69.164770	141.106732	-19.269435	-141.106732	11.020267	1.652788	
400	2.593126	0.328684	3.446333	115.713822	30.561584	-115.713822	-69.582616	132.683448	-16.538667	-132.683448	8.675290	1.654244	
401	2.421532	0.367047	3.383441	101.789097	30.717048	-101.789097	-70.507957	124.746189	-13.867927	-124.746189	6.471186	1.655350	
402	2.255248	0.412686	3.322067	89.423204	30.773989	-89.423204	-71.456278	117.175571	-11.333810	-117.175571	4.424340	1.656130	
403	2.090949	0.456741	3.262146	78.351282	30.681348	-78.351282	-72.109484	109.884951	-8.945713	-109.884951	2.521248	1.656480	
404	1.923870	0.489078	3.203469	68.357456	30.433463	-68.357456	-72.315523	102.884003	-6.686429	-102.884003	0.745562	1.656300	
405	1.753751	0.495806	3.145706	59.244754	30.024762	-59.244754	-71.928211	96.206896	-4.557644	-96.206896	-0.895519	1.655516	
406	1.583575	0.464315	3.088466	50.783745	29.480025	-50.783745	-70.926407	89.874685	-2.566575	-89.874685	-2.391474	1.653975	
407	1.417226	0.393795	3.031369	42.795183	28.829449	-42.795183	-69.427692	83.873503	-0.709987	-83.873503	-3.743512	1.651432	
408	1.256505	0.292128	2.974163	35.255812	28.078188	-35.255812	-67.555340	78.154613	1.027639	-78.154613	-4.963847	1.647717	
409	1.098065	0.162130	2.916686	28.223180	27.262833	-28.223180	-65.457679	72.658905	2.682814	-72.658905	-6.086151	1.642817	
410	0.938205	0.001252	2.858755	21.780966	26.449425	-21.780966	-63.286621	67.320977	4.286930	-67.320977	-7.147587	1.636896	
411	0.778530	-0.187612	2.800198	16.150360	25.663791	-16.150360	-61.081309	62.098455	5.831905	-62.098455	-8.158569	1.630226	
412	0.623060	-0.393556	2.740995	11.654639	24.894522	-11.654639	-58.803616	57.006891	7.282631	-57.006891	-9.107953	1.623012	
413	0.474357	-0.602478	2.681292	8.526551	24.129740	-8.526551	-56.424712	52.099565	8.596563	-52.099565	-9.976419	1.615323	
414	0.338029	-0.796823	2.621293	6.813698	23.346325	-6.813698	-53.879271	47.433061	9.709529	-47.433061	-10.725328	1.607173	
415	0.228646	-0.952440	2.561317	6.311392	22.487146	-6.311392	-51.018544	43.059712	10.518633	-43.059712	-11.276085	1.598559	
416	0.162449	-1.047590	2.501947	6.542655	21.490812	-6.542655	-47.732425	39.049299	10.931087	-39.049299	-11.539672	1.589413	
417	0.141954	-1.081158	2.443957	6.970140	20.352335	-6.970140	-44.111791	35.482663	10.957518	-35.482663	-11.497846	1.579555	
418	0.149910	-1.076460	2.387991	7.244459	19.146087	-7.244459	-40.455401	32.400628	10.739043	-32.400628	-11.244156	1.568753	
419	0.159702	-1.063936	2.334238	7.233567	17.986602	-7.233567	-37.113070	29.764850	10.471128	-29.764850	-10.934720	1.556921	
420	0.155839	-1.064223	2.282479	6.917663	16.962067	-6.917663	-34.286214	27.454510	10.294575	-27.454510	-10.694696	1.544180	
421	0.141170	-1.087900	2.232456	6.317638	16.111919	-6.317638	-31.997874	25.322572	10.262290	-25.322572	-10.574696	1.530657	
422	0.119894	-1.140554	2.184049	5.509234	15.443469	-5.509234	-30.230016	23.314887	10.389795	-23.314887	-10.581618	1.516351	
423	0.084748	-1.222615	2.137112	4.591468	14.935850	-4.591468	-28.977176	21.485063	10.687009	-21.485063	-10.709970	1.501284	
424	0.026153	-1.332295	2.091373	3.619703	14.546864	-3.619703	-28.189472	19.841395	11.149097	-19.841395	-10.946242	1.485686	
425	-0.056737	-1.467403	2.046555	2.627577	14.231284	-2.627577	-27.751811	18.283031	11.746579	-18.283031	-11.262896	1.469873	
426	-0.160190	-1.618515	2.002518	1.720072	13.948662	-1.720072	-27.529332	16.730526	12.430803	-16.730526	-11.620120	1.454038	
427	-0.284482	-1.768588	1.959165	1.117032	13.660032	-1.117032	-27.414490	15.215763	13.154759	-15.215763	-11.991058	1.438240	
428	-0.431267	-1.904832	1.916269	0.989907	13.332119	-0.989907	-27.334946	13.813649	13.883491	-13.813649	-12.374597	1.422533	
429	-0.597826	-2.026481	1.873502	1.257097	12.955272	-1.257097	-27.254107	12.553725	14.593192	-12.553725	-12.781413	1.407028	
430	-0.780812	-2.144351	1.830510	1.651814	12.561619	-1.651814	-27.201005	11.402856	15.287330	-11.402856	-13.237519	1.391863	
431	-0.980698	-2.275236	1.786871	1.976989	12.213589	-1.976989	-27.260496	10.288770	15.996130	-10.288770	-13.785858	1.377097	
432	-1.196421	-2.426554	1.742120	2.210279	11.949570	-2.210279	-27.459226	9.160636	16.722106	-9.160636	-14.438125	1.362641	
433	-1.418503	-2.581861	1.695905	2.402134	11.744299	-2.402134	-27.677479	8.056291	17.403841	-8.056291	-15.135064	1.348297	
434	-1.633868	-2.708722	1.648157	2.616912	11.536423	-2.616912	-27.729366	7.073673	17.970178	-7.073673	-15.792191	1.333890	
435	-1.835409	-2.793247	1.599071	2.851906	11.304209	-2.851906	-27.553936	6.228036	18.421460	-6.228036	-16.376647	1.319335	
436	-2.022684	-2.860040	1.548973	2.930069	11.095929	-2.930069	-27.287924	5.406571	18.825302	-5.406571	-16.912723	1.304571	
437	-2.200004	-2.940663	1.498177	2.720515	10.959739	-2.720515	-27.097852	4.525477	19.245108	-4.525477	-17.438587	1.289474	
438	-2.373143	-3.043145	1.446849	2.281783	10.888103	-2.281783	-27.024499	3.604107	19.696353	-3.604107	-17.971079	1.273874	
439	-2.543829	-3.167719	1.394999	1.598201	10.850518	-1.598201	-27.052905	2.670275	20.159152	-2.670275	-18.498293	1.257603	
440	-2.712495	-3.318720	1.342556	0.589278	10.825075	-0.589278	-27.180675	1.730383	20.609980	-1.730383	-19.005694	1.240504	
441	-2.880739	-3.489654	1.289429	-0.640292	10.794595	0.640292	-27.347442	0.795034	21.026699	-0.795034	-19.482350	1.222458	
442	-3.047522	-3.664372	1.235588	-1.887064	10.748260	1.887064	-27.441427	-0.139252	21.381735	0.139252	-19.904688	1.203462	
443	-3.207174	-3.834772	1.181044	-3.054717	10.683467	3.054717	-27.401134	-1.089808	21.644528	1.089808	-20.234705	1.183556	
444	-3.350114	-3.997843	1.125867	-4.152437	10.598157	4.152437	-27.206137	-2.058476	21.777319	2.058476	-20.421589	1.162740	
445	-3.465337	-4.141220	1.070314	-5.212408	10.484436	5.212408	-26.801720	-3.030416	21.732490	3.030416	-20.408065	1.141142	
446	-3.541091	-4.250422	1.014841	-6.271152	10.327864	6.271152	-26.146576	-3.990053	21.467574	3.990053	-20.141813	1.119099	
447	-3.564592	-4.319562	0.960040	-7.376653	10.117952	7.376653	-25.278729	-4.913219	20.955051	4.913219	-19.580569	1.097009	
448	-3.520705	-4.337217	0.906618	-8.584944	9.848447	8.584944	-24.231204	-5.746657	20.161201	5.746657	-18.679536	1.075170	
449	-3.390078	-4.277317	0.855460	-9.939491	9.498399	9.939491	-22.979045	-6.413765	19.042368	6.413765	-17.387183	1.053868	
450	-3.156058	-4.113328	0.807701	-11.421689	9.041633	11.421689	-21.519555	-6.850389	17.590054	6.850389	-15.683415	1.033607	
451	-2.810320	-3.829648	0.764602	-12.950279	8.474432	12.950279	-19.918294	-7.029063	15.852057	7.029063	-13.596215	1.015093	
452	-2.346387	-3.423371	0.727377	-14.504590	7.810087	14.504590	-18.290187	-6.944893	13.892841	6.944893	-11.161203	0.999118	
453	-1.757904	-2.899250	0.697165	-16.199112	7.065200	16.199112	-16.740134	-6.602252	11.756883	6.602252	-8.400299	0.986619	
454	-1.046599	-2.261532	0.675048	-18.165637	6.255337	18.165637	-15.277799	-6.029765	9.474138	6.029765	-5.339652	0.978679	
455	-0.227462	-1.519114	0.662078	-20.444314	5.386793	20.444314	-13.809321	-5.297653	7.072527	5.297653	-2.020170	0.976337	
456	0.664672	-0.700132	0.659211	-22.991387	4.467346	22.991387	-12.191349	-4.529238	4.584976	4.529238	1.484671	0.980377	
457	1.572835	0.146165	0.667066	-25.699720	3.520017	25.699720	-10.241413	-3.892303	2.048522	3.892303	5.056033	0.991180	
458	2.400809	0.928903	0.685549	-28.351294	2.601423	28.351294	-7.853063	-3.569864	-0.412598	3.569864	8.430723	1.008498	
459	3.074338	1.568291	0.713416	-30.794033	1.751769	30.794033	-5.067209	-3.656399	-2.676201	3.656399	11.384056	1.031244	
460	3.308013	1.790995	0.747704	-32.185478	1.300926	32.185478	-2.841804	-4.249861	-3.843760	4.249861	12.715429	1.057439	
461	3.460176	1.935247	0.783826	-33.499927	0.892543	33.499927	-0.666337	-4.974105	-4.838515	4.974105	13.780009	1.084536	
