kww	// User ID
29-6-2021	// Evaluation date
p35_warmup_041	29-6-2021	20:55:47:737	// Source file name and timestamp
357.143	// Sampling rate
1.058	// Data capture period

1.880000	// height
82.300000	// mass


Sample #	elbVar	shldrIR	LwristLinVelo	thorJFPd	thorSTPd	UaJFPp	UaSTPp	UaJFPd	UaSTPd	FaJFPp	FaSTPp	RwristLinVelo	
0	-1.615146	3.155922	3.187379	26.127270	-0.586793	-26.127270	44.986169	-11.646534	-20.604684	11.646534	60.849075	3.845972	
1	-1.244967	2.799990	3.296668	23.808325	-0.412860	-23.808325	43.583746	-11.867257	-18.725053	11.867257	54.491346	3.902561	
2	-0.872259	2.625204	3.393865	21.707478	-0.392019	-21.707478	41.474697	-11.930516	-16.817071	11.930516	48.564314	3.948895	
3	-0.660487	1.660210	3.475248	20.890440	0.125781	-20.890440	38.178797	-11.593858	-12.364808	11.593858	34.759186	3.984365	
4	-0.549891	0.467456	3.535921	21.307523	0.842694	-21.307523	34.008229	-10.896639	-6.751479	10.896639	18.073481	4.009605	
5	-0.540669	-0.857730	3.574471	22.894702	1.715432	-22.894702	29.636483	-9.830937	-0.688423	9.830937	0.190826	4.026069	
6	-0.608882	-2.153081	3.591442	25.584286	2.620263	-25.584286	26.004560	-8.444648	4.810045	8.444648	-16.543183	4.036038	
7	-0.735182	-3.332846	3.589122	29.305343	3.452919	-29.305343	23.903067	-6.837821	9.014938	6.837821	-30.637446	4.042118	
8	-0.893864	-4.341140	3.570843	33.556584	4.103315	-33.556584	23.619265	-5.143522	11.516323	5.143522	-41.298361	4.046749	
9	-1.059380	-5.150641	3.540348	37.757669	4.493153	-37.757669	25.017946	-3.479536	12.244210	3.479536	-48.423550	4.051880	
10	-1.211602	-5.756138	3.501251	41.587329	4.601166	-41.587329	27.792547	-1.944153	11.364761	1.944153	-52.335257	4.058935	
11	-1.336664	-6.168237	3.456804	44.639230	4.446732	-44.639230	31.479934	-0.628467	9.177848	0.628467	-53.563875	4.068904	
12	-1.424950	-6.408746	3.409806	46.311906	4.066885	-46.311906	35.514300	0.400862	6.049535	-0.400862	-52.728546	4.082386	
13	-1.470251	-6.507546	3.362478	46.369252	3.513001	-46.369252	39.500027	1.116224	2.349697	-1.116224	-50.458997	4.099583	
14	-1.471334	-6.496091	3.316376	44.977406	2.843855	-44.977406	43.263522	1.519955	-1.615216	-1.519955	-47.300657	4.120321	
15	-1.428876	-6.406115	3.272426	42.313194	2.116349	-42.313194	46.699405	1.641506	-5.611810	-1.641506	-43.701903	4.144054	
16	-1.340999	-6.267052	3.230940	38.733531	1.384615	-38.733531	49.802323	1.544239	-9.472345	-1.544239	-40.029425	4.169962	
17	-1.208742	-6.098613	3.191770	34.766858	0.702158	-34.766858	52.699444	1.300350	-13.132206	-1.300350	-36.498749	4.197182	
18	-1.039888	-5.905433	3.154601	30.765473	0.114657	-30.765473	55.536694	0.932121	-16.606954	-0.932121	-33.157395	4.224929	
19	-0.844601	-5.681757	3.119169	27.022394	-0.356315	-27.022394	58.429663	0.409525	-19.903026	-0.409525	-29.973258	4.252390	
20	-0.632816	-5.424976	3.085308	23.840035	-0.712214	-23.840035	61.451994	-0.292830	-22.995236	0.292830	-26.902971	4.278670	
21	-0.413026	-5.134134	3.052941	21.352018	-0.964017	-21.352018	64.541710	-1.172186	-25.838870	1.172186	-23.913487	4.302858	
22	-0.190129	-4.800071	3.022053	19.646710	-1.132242	-19.646710	67.475320	-2.205715	-28.353081	2.205715	-21.015668	4.324116	
23	0.031753	-4.415091	2.992587	18.850727	-1.243017	-18.850727	70.023749	-3.370336	-30.445197	3.370336	-18.249108	4.341749	
24	0.244387	-3.983344	2.964488	19.049843	-1.315171	-19.049843	72.060463	-4.639318	-32.057664	4.639318	-15.612746	4.355249	
25	0.440158	-3.524953	2.937845	20.320542	-1.358754	-20.320542	73.575046	-5.942354	-33.183658	5.942354	-13.104492	4.364285	
26	0.618364	-3.074245	2.912858	22.680867	-1.386420	-22.680867	74.704665	-7.192950	-33.875974	7.192950	-10.775775	4.368649	
27	0.781585	-2.660871	2.889656	26.016539	-1.422348	-26.016539	75.648141	-8.350911	-34.220785	8.350911	-8.671443	4.368221	
28	0.931784	-2.301304	2.868203	30.194546	-1.490779	-30.194546	76.566322	-9.412089	-34.290477	9.412089	-6.787926	4.363033	
29	1.070695	-2.000457	2.848401	35.103962	-1.601796	-35.103962	77.523352	-10.380026	-34.120930	10.380026	-5.097318	4.353338	
30	1.202532	-1.750547	2.830181	40.518103	-1.753631	-40.518103	78.396364	-11.260795	-33.689879	11.260795	-3.600866	4.339594	
31	1.332994	-1.541613	2.813386	46.085531	-1.937757	-46.085531	78.974083	-12.058149	-32.952992	12.058149	-2.325038	4.322391	
32	1.463207	-1.375255	2.797739	51.484629	-2.145376	-51.484629	79.192240	-12.780500	-31.926301	12.780500	-1.245673	4.302288	
33	1.592187	-1.255791	2.782929	56.425426	-2.375753	-56.425426	79.046395	-13.444770	-30.644465	13.444770	-0.308894	4.279707	
34	1.722164	-1.171236	2.768627	60.445512	-2.637646	-60.445512	78.340733	-14.061962	-29.081624	14.061962	0.493269	4.255033	
35	1.857355	-1.104747	2.754543	62.959497	-2.938306	-62.959497	76.834966	-14.634452	-27.206283	14.634452	1.138729	4.228707	
36	2.000892	-1.051631	2.740473	63.542076	-3.272478	-63.542076	74.478872	-15.167500	-25.047200	15.167500	1.629589	4.201120	
37	2.150683	-1.009345	2.726261	61.996102	-3.634359	-61.996102	71.345797	-15.679672	-22.676640	15.679672	2.016881	4.172573	
38	2.300651	-0.963086	2.711846	58.312431	-4.032861	-58.312431	67.462104	-16.189268	-20.156768	16.189268	2.357400	4.143379	
39	2.448387	-0.891682	2.697313	52.766357	-4.479513	-52.766357	62.827122	-16.692315	-17.527739	16.692315	2.652760	4.113891	
40	2.595790	-0.787533	2.682779	45.925190	-4.971887	-45.925190	57.597481	-17.182146	-14.848821	17.182146	2.883563	4.084419	
41	2.741292	-0.656958	2.668302	38.452898	-5.494023	-38.452898	52.070129	-17.662528	-12.200035	17.662528	3.066639	4.055147	
42	2.878529	-0.502516	2.653892	30.977554	-6.020463	-30.977554	46.503182	-18.121761	-9.644643	18.121761	3.233772	4.026139	
43	3.004029	-0.312196	2.639475	24.084728	-6.521882	-24.084728	40.997781	-18.518196	-7.203666	18.518196	3.377128	3.997391	
44	3.120135	-0.075327	2.624875	18.277756	-6.973535	-18.277756	35.612352	-18.806802	-4.896601	18.806802	3.461827	3.968837	
45	3.230729	0.187103	2.609957	13.750227	-7.361255	-13.750227	30.601655	-18.987803	-2.809975	18.987803	3.504132	3.940358	
46	3.339585	0.435212	2.594781	10.286969	-7.684020	-10.286969	26.270154	-19.101515	-1.046917	19.101515	3.565364	3.911848	
47	3.450054	0.648706	2.579537	7.603153	-7.949965	-7.603153	22.708779	-19.176828	0.357670	19.176828	3.680712	3.883187	
48	3.560637	0.828094	2.564375	5.603317	-8.168160	-5.603317	19.907198	-19.218092	1.408488	19.218092	3.865224	3.854128	
49	3.662452	0.979310	2.549369	4.262385	-8.337365	-4.262385	17.858828	-19.214150	2.103215	19.214150	4.141464	3.824301	
50	3.744180	1.112050	2.534540	3.469077	-8.437739	-3.469077	16.468092	-19.138765	2.443739	19.138765	4.514501	3.793320	
51	3.801354	1.236349	2.519828	2.935524	-8.449491	-2.935524	15.535295	-18.969850	2.461455	18.969850	4.953291	3.760829	
52	3.837213	1.353386	2.505160	2.286240	-8.377034	-2.286240	14.883147	-18.712100	2.209055	18.712100	5.431017	3.726575	
53	3.852600	1.456867	2.490561	1.342800	-8.224690	-1.342800	14.433933	-18.379493	1.731901	18.379493	5.951323	3.690479	
54	3.844086	1.546980	2.476090	0.136489	-7.973214	-0.136489	14.104693	-17.971369	1.073191	17.971369	6.514020	3.652604	
55	3.811077	1.627223	2.461750	-1.325534	-7.620097	1.325534	13.779787	-17.488042	0.281333	17.488042	7.108886	3.613047	
56	3.755847	1.689330	2.447579	-3.055264	-7.199218	3.055264	13.407587	-16.935818	-0.590939	16.935818	7.723518	3.571820	
57	3.679912	1.723248	2.433615	-4.926730	-6.736869	4.926730	12.967055	-16.309529	-1.476424	16.309529	8.325160	3.528849	
58	3.585663	1.730693	2.419770	-6.744007	-6.243179	6.744007	12.411428	-15.611687	-2.311232	15.611687	8.881689	3.484066	
59	3.480244	1.716277	2.405885	-8.384260	-5.741247	8.384260	11.696004	-14.870511	-3.045087	14.870511	9.380741	3.437469	
60	3.373447	1.679967	2.391869	-9.753840	-5.252475	9.753840	10.810848	-14.113248	-3.629172	14.113248	9.808624	3.389153	
61	3.271252	1.622038	2.377665	-10.749801	-4.774898	10.749801	9.787712	-13.352191	-4.031586	13.352191	10.151625	3.339372	
62	3.174470	1.544646	2.363189	-11.323725	-4.301750	11.323725	8.660788	-12.596079	-4.240940	12.596079	10.402033	3.288469	
63	3.081584	1.450190	2.348323	-11.517872	-3.828420	11.517872	7.425190	-11.853713	-4.248814	11.853713	10.549899	3.236696	
64	2.992901	1.344723	2.332967	-11.454263	-3.345724	11.454263	6.062273	-11.140209	-4.059997	11.140209	10.597647	3.184186	
65	2.911576	1.238152	2.317103	-11.290864	-2.848355	11.290864	4.560948	-10.473286	-3.695334	10.473286	10.562874	3.131074	
66	2.837439	1.137493	2.300750	-11.189474	-2.334781	11.189474	2.895155	-9.856421	-3.171691	9.856421	10.447334	3.077433	
67	2.767765	1.041208	2.283886	-11.247662	-1.819310	11.247662	1.110254	-9.297129	-2.507741	9.297129	10.243717	3.023156	
68	2.705168	0.947619	2.266541	-11.469026	-1.333987	11.469026	-0.659186	-8.822432	-1.727904	8.822432	9.963568	2.968041	
69	2.655960	0.871353	2.248870	-11.915296	-0.884733	11.915296	-2.412886	-8.445375	-0.837290	8.445375	9.608016	2.911910	
70	2.627832	0.834763	2.231002	-12.694956	-0.458900	12.694956	-4.268911	-8.159154	0.175436	8.159154	9.156760	2.854677	
71	2.632639	0.847198	2.213006	-13.771577	-0.068982	13.771577	-6.209184	-7.968686	1.312935	7.968686	8.617489	2.796382	
72	2.681357	0.909096	2.194996	-14.989762	0.270360	14.989762	-8.105401	-7.884905	2.570873	7.884905	8.026504	2.737108	
73	2.778207	1.023213	2.177155	-16.188783	0.569775	16.188783	-9.879843	-7.901466	3.948188	7.901466	7.407437	2.676914	
74	2.924615	1.195326	2.159680	-17.248765	0.847995	17.248765	-11.543525	-7.994833	5.449350	7.994833	6.768607	2.615812	
75	3.122478	1.432645	2.142758	-18.121842	1.121325	18.121842	-13.176012	-8.133031	7.077008	8.133031	6.124757	2.553787	
76	3.370648	1.739467	2.126552	-18.804103	1.409739	18.804103	-14.863294	-8.284621	8.813564	8.284621	5.507670	2.490809	
77	3.663079	2.115313	2.111252	-19.300990	1.738551	19.300990	-16.645793	-8.426540	10.615421	8.426540	4.958877	2.426857	
78	3.991572	2.558080	2.097107	-19.643473	2.129837	19.643473	-18.507537	-8.545317	12.415807	8.545317	4.532064	2.361996	
79	4.344610	3.060450	2.084420	-19.903594	2.587165	19.903594	-20.357631	-8.632549	14.108713	8.632549	4.303306	2.296337	
80	4.702524	3.601614	2.073584	-20.180933	3.085146	20.180933	-22.020549	-8.682207	15.536306	8.682207	4.352068	2.229995	
81	5.040895	4.150658	2.065093	-20.563382	3.576553	20.563382	-23.286453	-8.688090	16.525143	8.688090	4.729736	2.163130	
82	5.337283	4.679028	2.059505	-21.112500	4.017306	21.112500	-23.985812	-8.640360	16.934989	8.640360	5.447051	2.096010	
83	5.568186	5.162403	2.057353	-21.911295	4.382420	21.911295	-24.004831	-8.531324	16.660275	8.531324	6.469404	2.028991	
84	5.705046	5.574220	2.059020	-23.051223	4.653547	23.051223	-23.275847	-8.357139	15.633845	8.357139	7.687662	1.962427	
85	5.719032	5.885151	2.064541	-24.491071	4.798873	24.491071	-21.790629	-8.109896	13.868636	8.109896	8.899981	1.896590	
86	5.586293	6.061774	2.073449	-25.963961	4.769578	25.963961	-19.593590	-7.783025	11.478670	7.783025	9.874364	1.831674	
87	5.289504	6.065536	2.084860	-27.045740	4.527113	27.045740	-16.784339	-7.387318	8.674089	7.387318	10.418558	1.767853	
88	4.817968	5.865258	2.097635	-27.289489	4.078258	27.289489	-13.570607	-6.953008	5.755076	6.953008	10.356620	1.705330	
89	4.169305	5.445717	2.110398	-26.265570	3.465453	26.265570	-10.253520	-6.511676	3.077909	6.511676	9.517325	1.644365	
90	3.356395	4.800436	2.121598	-23.567652	2.731962	23.567652	-7.115252	-6.081143	0.987472	6.081143	7.828293	1.585240	
91	2.410386	3.933134	2.129787	-18.973393	1.917010	18.973393	-4.369471	-5.672284	-0.255833	5.672284	5.376336	1.528162	
92	1.372889	2.868893	2.133890	-12.553942	1.075936	12.553942	-2.178769	-5.297592	-0.531905	5.297592	2.347623	1.473226	
93	0.289139	1.655898	2.133290	-4.639409	0.285833	4.639409	-0.635147	-4.963918	0.108005	4.963918	-1.029004	1.420499	
94	-0.792287	0.357764	2.127841	4.137846	-0.379688	-4.137846	0.294741	-4.666439	1.430005	4.666439	-4.462137	1.370113	
95	-1.822141	-0.957784	2.117812	12.844439	-0.871710	-12.844439	0.788975	-4.394552	3.052525	4.394552	-7.601823	1.322291	
96	-2.755842	-2.225597	2.103850	20.442495	-1.163676	-20.442495	1.114035	-4.137154	4.538872	4.137154	-10.122908	1.277251	
97	-3.554919	-3.383044	2.086992	26.065726	-1.253999	-26.065726	1.552707	-3.883632	5.497522	3.883632	-11.800752	1.235106	
98	-4.186868	-4.370968	2.068624	29.173011	-1.174357	-29.173011	2.334770	-3.625461	5.661330	3.625461	-12.535642	1.195926	
99	-4.625968	-5.136742	2.050277	29.566684	-0.982192	-29.566684	3.562856	-3.358851	4.942548	3.358851	-12.350436	1.159841	
100	-4.853564	-5.635890	2.033325	27.440199	-0.744030	-27.440199	5.175928	-3.089026	3.452425	3.089026	-11.378749	1.127033	
101	-4.867233	-5.841574	2.018759	23.425344	-0.519087	-23.425344	6.965757	-2.828985	1.484130	2.828985	-9.871088	1.097697	
102	-4.696832	-5.764347	2.007100	18.473132	-0.343394	-18.473132	8.655784	-2.586595	-0.568269	2.586595	-8.173398	1.071998	
103	-4.397491	-5.450822	1.998370	13.555400	-0.226204	-13.555400	9.999482	-2.353322	-2.348250	2.353322	-6.623192	1.050052	
104	-4.026720	-4.961623	1.992089	9.333485	-0.160931	-9.333485	10.816295	-2.106597	-3.631699	2.106597	-5.466105	1.031928	
105	-3.635495	-4.361951	1.987360	5.940505	-0.134229	-5.940505	10.989897	-1.821097	-4.345349	1.821097	-4.824991	1.017673	
106	-3.266201	-3.719765	1.983073	2.976114	-0.124077	-2.976114	10.457868	-1.478194	-4.538282	1.478194	-4.686251	1.007356	
107	-2.953899	-3.101257	1.978124	-0.278433	-0.103933	0.278433	9.201346	-1.053482	-4.328647	1.053482	-4.976763	1.001028	
108	-2.725340	-2.561424	1.971520	-4.495980	-0.054342	4.495980	7.252507	-0.504738	-3.843384	0.504738	-5.636902	0.998576	
109	-2.589632	-2.136320	1.962453	-9.984476	0.033290	9.984476	4.703032	0.193319	-3.168340	-0.193319	-6.563810	0.999686	
110	-2.539576	-1.849999	1.950462	-16.508432	0.152367	16.508432	1.739028	1.014253	-2.352523	-1.014253	-7.574088	1.003949	
111	-2.563174	-1.710198	1.935561	-23.220208	0.282107	23.220208	-1.355279	1.917001	-1.435457	-1.917001	-8.506867	1.010941	
112	-2.648203	-1.696282	1.918022	-28.826332	0.401622	28.826332	-4.281397	2.901305	-0.444017	-2.901305	-9.320740	1.020331	
113	-2.778388	-1.773322	1.898009	-32.034125	0.496022	32.034125	-6.767968	3.983362	0.601314	-3.983362	-10.029495	1.031912	
114	-2.934113	-1.910833	1.875496	-32.081048	0.552575	32.081048	-8.570957	5.139933	1.647699	-5.139933	-10.600207	1.045446	
115	-3.099888	-2.084542	1.850451	-28.975167	0.563375	28.975167	-9.555766	6.319522	2.604956	-6.319522	-10.973553	1.060624	
116	-3.265050	-2.265845	1.822963	-23.369231	0.535454	23.369231	-9.793690	7.490011	3.395257	-7.490011	-11.136997	1.077180	
117	-3.422074	-2.420903	1.793110	-16.236968	0.488674	16.236968	-9.520748	8.651517	3.986398	-8.651517	-11.124270	1.094927	
118	-3.570635	-2.534098	1.760805	-8.555238	0.440694	8.555238	-9.006288	9.809697	4.366877	-9.809697	-10.951799	1.113717	
119	-3.719742	-2.618451	1.725917	-1.157888	0.405521	1.157888	-8.493678	10.966624	4.520148	-10.966624	-10.605688	1.133407	
120	-3.883658	-2.692029	1.688468	5.365360	0.399950	-5.365360	-8.219531	12.151063	4.446530	-12.151063	-10.092361	1.153796	
121	-4.070475	-2.761728	1.648628	10.591981	0.437904	-10.591981	-8.352742	13.388859	4.171180	-13.388859	-9.433018	1.174636	
122	-4.275668	-2.851098	1.606771	14.220333	0.505272	-14.220333	-8.769507	14.608351	3.685064	-14.608351	-8.583767	1.195760	
123	-4.491754	-3.001884	1.563650	16.218632	0.559499	-16.218632	-9.158386	15.681364	2.943463	-15.681364	-7.465043	1.217117	
124	-4.712384	-3.215148	1.520238	16.707418	0.579965	-16.707418	-9.450819	16.565581	1.974467	-16.565581	-6.094589	1.238709	
125	-4.927447	-3.450695	1.477311	15.807367	0.578116	-15.807367	-9.768615	17.297391	0.892502	-17.297391	-4.571631	1.260539	
126	-5.124851	-3.684975	1.435368	13.806054	0.550807	-13.806054	-10.109384	17.884387	-0.206984	-17.884387	-2.954370	1.282616	
127	-5.292794	-3.922586	1.394977	11.247147	0.469415	-11.247147	-10.337555	18.283337	-1.295551	-18.283337	-1.245291	1.304948	
128	-5.423825	-4.170509	1.356985	8.693395	0.311119	-8.693395	-10.336467	18.474295	-2.379979	-18.474295	0.537569	1.327522	
129	-5.520740	-4.421347	1.322249	6.468029	0.078183	-6.468029	-10.094141	18.510310	-3.462836	-18.510310	2.330161	1.350308	
130	-5.590879	-4.655622	1.291262	4.666564	-0.210568	-4.666564	-9.649414	18.467531	-4.531811	-18.467531	4.059425	1.373305	
131	-5.635331	-4.855656	1.264171	3.350373	-0.534051	-3.350373	-9.014421	18.375572	-5.575521	-18.375572	5.682009	1.396513	
132	-5.651744	-5.011879	1.241035	2.585462	-0.871879	-2.585462	-8.204927	18.233670	-6.591573	-18.233670	7.176737	1.419892	
133	-5.645279	-5.115447	1.221792	2.279250	-1.201399	-2.279250	-7.300713	18.083671	-7.566400	-18.083671	8.523074	1.443380	
134	-5.628327	-5.160230	1.206002	2.206342	-1.507238	-2.206342	-6.434613	18.021471	-8.464876	-18.021471	9.711773	1.466940	
135	-5.609464	-5.151769	1.192900	2.238161	-1.791215	-2.238161	-5.723032	18.130417	-9.251881	-18.130417	10.758743	1.490495	
136	-5.588373	-5.098755	1.181720	2.326109	-2.060334	-2.326109	-5.232741	18.438147	-9.904483	-18.438147	11.684575	1.513846	
137	-5.564133	-5.006954	1.171838	2.405674	-2.315933	-2.405674	-4.992846	18.953626	-10.411957	-18.953626	12.505488	1.536716	
138	-5.542192	-4.888834	1.162688	2.501793	-2.559640	-2.501793	-4.994007	19.705822	-10.788953	-19.705822	13.259762	1.558876	
139	-5.526745	-4.761286	1.153807	2.700021	-2.794616	-2.700021	-5.182580	20.705976	-11.070311	-20.705976	14.005362	1.580204	
140	-5.514159	-4.633127	1.144982	3.009714	-3.017708	-3.009714	-5.471640	21.914474	-11.284799	-21.914474	14.785175	1.600671	
141	-5.499816	-4.507307	1.136252	3.397768	-3.224546	-3.397768	-5.783238	23.270618	-11.455044	-23.270618	15.628134	1.620287	
142	-5.478994	-4.386153	1.127843	3.847271	-3.414567	-3.847271	-6.060513	24.700808	-11.601846	-24.700808	16.556543	1.639047	
143	-5.438637	-4.265457	1.120218	4.334400	-3.579535	-4.334400	-6.247320	26.103728	-11.725645	-26.103728	17.554979	1.656956	
144	-5.360203	-4.135632	1.114113	4.774109	-3.706242	-4.774109	-6.317353	27.362952	-11.806270	-27.362952	18.563052	1.674052	
145	-5.226672	-3.988820	1.110475	5.010613	-3.788366	-5.010613	-6.299176	28.351906	-11.814404	-28.351906	19.491899	1.690380	
146	-5.022126	-3.815602	1.110258	4.914127	-3.819922	-4.914127	-6.243670	28.947674	-11.703861	-28.947674	20.216842	1.705993	
147	-4.733632	-3.599451	1.114148	4.428982	-3.794473	-4.428982	-6.213944	29.061767	-11.408077	-29.061767	20.587025	1.720973	
148	-4.358041	-3.319905	1.122375	3.510748	-3.721642	-3.510748	-6.342153	28.647806	-10.853568	-28.647806	20.471063	1.735389	
149	-3.906441	-2.967529	1.134710	2.044553	-3.630326	-2.044553	-6.845538	27.712508	-9.988865	-27.712508	19.805487	1.749270	
150	-3.396644	-2.552006	1.150554	-0.146748	-3.548452	0.146748	-7.932213	26.295510	-8.799291	-26.295510	18.584916	1.762664	
151	-2.840077	-2.088349	1.169022	-3.150014	-3.487207	3.150014	-9.721232	24.410762	-7.285653	-24.410762	16.797996	1.775680	
152	-2.244333	-1.582663	1.188949	-6.972998	-3.443218	6.972998	-12.245611	22.056438	-5.456116	-22.056438	14.429213	1.788420	
153	-1.624105	-1.034385	1.208911	-11.690181	-3.402326	11.690181	-15.449903	19.274414	-3.347282	-19.274414	11.521968	1.800926	
154	-0.998906	-0.450069	1.227483	-17.341279	-3.352094	17.341279	-19.186638	16.153003	-1.049417	-16.153003	8.178208	1.813190	
155	-0.379755	0.162055	1.243600	-23.828682	-3.290324	23.828682	-23.254975	12.769007	1.319168	-12.769007	4.474513	1.825175	
156	0.239500	0.810488	1.256561	-30.994553	-3.216167	30.994553	-27.404196	9.148842	3.676117	-9.148842	0.407798	1.836831	
157	0.872989	1.496531	1.265838	-38.699903	-3.151723	38.699903	-31.248561	5.275839	5.916424	-5.275839	-4.033826	1.848118	
158	1.525201	2.187567	1.271108	-46.861882	-3.164658	46.861882	-34.227003	1.117300	7.811840	-1.117300	-8.776705	1.858993	
159	2.188422	2.845697	1.272359	-55.345043	-3.329549	55.345043	-35.735131	-3.339392	9.076243	3.339392	-13.667343	1.869411	
160	2.853842	3.452066	1.269866	-63.884576	-3.697790	63.884576	-35.234143	-8.095373	9.471808	8.095373	-18.533381	1.879312	
161	3.516625	3.996914	1.264048	-72.217955	-4.318642	72.217955	-32.226859	-13.142352	8.828267	13.142352	-23.207311	1.888562	
162	4.163460	4.469842	1.255454	-80.048409	-5.229987	80.048409	-26.317382	-18.391025	7.016205	18.391025	-27.473023	1.896931	
163	4.767726	4.858291	1.244932	-86.799283	-6.417802	86.799283	-17.319974	-23.737064	3.966931	23.737064	-31.082712	1.904158	
164	5.307779	5.155769	1.233677	-91.670197	-7.824519	91.670197	-5.256410	-29.182571	-0.245816	29.182571	-33.853528	1.910042	
165	5.771777	5.364897	1.223145	-93.940505	-9.383155	93.940505	9.633221	-34.716229	-5.397422	34.716229	-35.650285	1.914448	
166	6.148309	5.484922	1.214938	-93.017302	-11.035383	93.017302	26.829906	-40.199943	-11.157663	40.199943	-36.354541	1.917257	
167	6.429024	5.509786	1.210634	-88.375598	-12.741153	88.375598	45.511025	-45.437098	-17.109523	45.437098	-35.910857	1.918333	
168	6.611077	5.443152	1.211640	-79.736103	-14.460216	79.736103	64.556451	-50.196781	-22.782654	50.196781	-34.324709	1.917564	
169	6.692150	5.301529	1.219062	-67.314427	-16.130300	67.314427	82.638966	-54.199242	-27.713623	54.199242	-31.642397	1.914894	
170	6.673639	5.104441	1.233479	-51.979890	-17.683341	51.979890	98.415633	-57.210740	-31.521288	57.210740	-28.000987	1.910349	
171	6.571912	4.876248	1.254805	-35.307637	-19.068495	35.307637	110.758424	-59.145632	-34.008759	59.145632	-23.636725	1.904080	
172	6.415812	4.649244	1.282445	-19.440867	-20.240431	19.440867	118.979446	-60.063257	-35.213706	60.063257	-18.807574	1.896402	
173	6.231670	4.453621	1.315574	-6.681904	-21.136111	6.681904	122.948074	-60.131938	-35.344738	60.131938	-13.741391	1.887778	
174	6.036374	4.303104	1.353339	1.036584	-21.694470	-1.036584	123.012872	-59.595945	-34.682729	59.595945	-8.640987	1.878814	
175	5.839419	4.185755	1.394936	2.452952	-21.900661	-2.452952	119.805196	-58.798627	-33.487627	58.798627	-3.741853	1.870276	
176	5.650711	4.074419	1.439805	-2.989409	-21.795504	2.989409	114.063854	-58.234099	-31.949062	58.234099	0.677138	1.863076	
177	5.488044	3.949316	1.487969	-15.122369	-21.450026	15.122369	106.554769	-58.439822	-30.202867	58.439822	4.410150	1.858255	
178	5.366825	3.798231	1.540112	-33.026057	-20.952420	33.026057	97.983612	-59.844807	-28.276722	59.844807	7.366011	1.856971	
179	5.283718	3.602424	1.597237	-55.141642	-20.415640	55.141642	88.859459	-62.757868	-25.995522	62.757868	9.470570	1.860467	
180	5.227078	3.343584	1.660331	-79.516859	-19.971164	79.516859	79.491350	-67.374319	-23.085220	67.374319	10.675515	1.870045	
181	5.194446	3.013877	1.730394	-104.175248	-19.735401	104.175248	70.003653	-73.766345	-19.327212	73.766345	11.046285	1.887006	
182	5.183915	2.607162	1.808625	-127.440570	-19.781821	127.440570	60.293441	-81.892439	-14.529296	81.892439	10.732063	1.912518	
183	5.182299	2.113920	1.896433	-148.020923	-20.137322	148.020923	50.129090	-91.579980	-8.509727	91.579980	9.920250	1.947449	
184	5.169552	1.536357	1.995222	-165.039899	-20.741027	165.039899	39.413509	-102.472470	-1.243787	102.472470	8.903303	1.992172	
185	5.127249	0.903356	2.105988	-178.161916	-21.415772	178.161916	28.478639	-114.025008	6.995068	114.025008	8.103890	2.046429	
186	5.043670	0.256869	2.228933	-187.718706	-21.981468	187.718706	18.027773	-125.658402	15.689417	125.658402	7.932706	2.109351	
187	4.915202	-0.369030	2.363397	-194.745548	-22.370766	194.745548	8.775352	-136.930723	24.231748	136.930723	8.660149	2.179572	
188	4.749923	-0.955707	2.508032	-200.857806	-22.611456	200.857806	1.093641	-147.559075	32.040287	147.559075	10.422903	2.255411	
189	4.570535	-1.507457	2.661301	-207.729612	-22.756325	207.729612	-5.300768	-157.344129	38.672167	157.344129	13.299851	2.335132	
190	4.401444	-2.041255	2.822031	-216.411312	-22.813789	216.411312	-11.078353	-166.075052	43.860878	166.075052	17.352705	2.417172	
191	4.254737	-2.556771	2.989375	-227.159560	-22.714914	227.159560	-16.553678	-173.511277	47.434601	173.511277	22.588842	2.500264	
192	4.129571	-3.034183	3.162522	-239.575153	-22.359510	239.575153	-21.569155	-179.483881	49.309540	179.483881	28.883252	2.583538	
193	4.011697	-3.460825	3.340562	-252.667329	-21.709922	252.667329	-25.954703	-183.986251	49.601567	183.986251	35.888013	2.666605	
194	3.877596	-3.838039	3.522316	-265.152198	-20.825078	265.152198	-29.666026	-187.114662	48.624304	187.114662	43.077155	2.749568	
195	3.701735	-4.177944	3.706190	-275.823688	-19.848971	275.823688	-32.739148	-188.985137	46.801240	188.985137	49.855306	2.832899	
196	3.456539	-4.509923	3.890246	-283.483527	-18.993886	283.483527	-35.359773	-189.749390	44.623900	189.749390	55.586392	2.917237	
197	3.115308	-4.869667	4.072385	-286.857059	-18.456907	286.857059	-37.767714	-189.536468	42.575460	189.536468	59.675598	3.003256	
198	2.661349	-5.285221	4.250469	-284.769919	-18.341136	284.769919	-40.150200	-188.370103	41.056672	188.370103	61.722312	3.091683	
199	2.092234	-5.781176	4.422579	-276.316556	-18.672263	276.316556	-42.656257	-186.254007	40.361369	186.254007	61.631160	3.183333	
200	1.410484	-6.381267	4.587309	-261.156811	-19.465939	261.156811	-45.374256	-183.229035	40.658882	183.229035	59.527221	3.279030	
201	0.614393	-7.102964	4.743589	-239.697892	-20.766856	239.697892	-48.293764	-179.298450	41.961385	179.298450	55.578262	3.379483	
202	-0.293445	-7.951457	4.890350	-212.909690	-22.622127	212.909690	-51.263605	-174.425970	44.067107	174.425970	50.054423	3.485094	
203	-1.294763	-8.915368	5.026637	-182.199421	-25.043652	182.199421	-53.947538	-168.611305	46.536767	168.611305	43.505895	3.595845	
204	-2.358764	-9.967907	5.151967	-149.404915	-28.023061	149.404915	-55.867966	-161.915708	48.752904	161.915708	36.717684	3.711322	
205	-3.451773	-11.075990	5.266424	-116.490611	-31.571438	116.490611	-56.502298	-154.440525	50.031525	154.440525	30.511322	3.830753	
206	-4.543460	-12.206583	5.370563	-85.130877	-35.729082	85.130877	-55.305947	-146.251599	49.720045	146.251599	25.600796	3.952942	
207	-5.609590	-13.326114	5.465263	-56.594603	-40.554478	56.594603	-51.721394	-137.303561	47.261601	137.303561	22.519498	4.076293	
208	-6.630436	-14.405866	5.551518	-31.730104	-46.142351	31.730104	-45.257285	-127.505986	42.241765	127.505986	21.667629	4.199041	
209	-7.587579	-15.427879	5.630406	-11.011905	-52.665056	11.011905	-35.548238	-116.831713	34.403561	116.831713	23.394194	4.319492	
210	-8.465078	-16.377020	5.703164	5.143415	-60.348386	-5.143415	-22.374336	-105.291411	23.639817	105.291411	27.899952	4.436033	
211	-9.254789	-17.235773	5.771112	16.155593	-69.383128	-16.155593	-5.716579	-92.863298	10.005925	92.863298	35.064167	4.547007	
212	-9.959802	-17.993817	5.835487	21.370958	-79.907711	-21.370958	14.236168	-79.489574	-6.283950	79.489574	44.454655	4.650772	
213	-10.591591	-18.651033	5.897360	20.079859	-92.065190	-20.079859	37.191185	-65.111339	-24.914368	65.111339	55.490707	4.745916	
214	-11.166716	-19.210565	5.957524	11.593387	-105.989641	-11.593387	62.854579	-49.727103	-45.513883	49.727103	67.532454	4.831415	
215	-11.706999	-19.675389	6.016322	-4.180834	-121.736452	4.180834	90.996727	-33.386618	-67.650561	33.386618	79.829630	4.906727	
216	-12.230246	-20.038488	6.073489	-26.252578	-139.303592	26.252578	121.414150	-16.184073	-90.739406	16.184073	91.463998	4.971813	
217	-12.734593	-20.271768	6.128184	-52.771253	-158.712380	52.771253	153.739164	1.558254	-113.854807	-1.558254	101.418544	5.027080	
218	-13.209691	-20.342129	6.179201	-81.197476	-180.039933	81.197476	187.405242	19.258113	-135.689106	-19.258113	108.638223	5.073382	
219	-13.660359	-20.236342	6.225019	-108.099455	-203.416654	108.099455	221.868747	36.305157	-154.744602	-36.305157	112.118579	5.111977	
220	-14.096756	-19.955983	6.263713	-129.252494	-229.070955	129.252494	256.698734	52.099537	-169.485629	-52.099537	111.225595	5.144311	
221	-14.510359	-19.494164	6.293016	-139.902661	-257.406642	139.902661	291.422718	65.974704	-178.345760	-65.974704	105.779855	5.171812	
222	-14.868571	-18.821595	6.310508	-135.245806	-288.823073	135.245806	325.196390	77.233427	-179.710122	-77.233427	95.714049	5.195763	
223	-15.123916	-17.895545	6.313897	-111.533046	-323.275983	111.533046	356.550034	85.202271	-172.127547	-85.202271	80.997669	5.217148	
224	-15.228835	-16.687658	6.301346	-67.259609	-360.099764	67.259609	383.680561	89.335124	-154.775400	-89.335124	61.856687	5.236574	
225	-15.142859	-15.196426	6.271660	-4.576309	-398.120102	4.576309	404.724481	89.324267	-127.753563	-89.324267	38.785925	5.254394	
226	-14.830207	-13.430565	6.224182	69.028428	-435.579593	-69.028428	417.224985	85.164421	-91.961160	-85.164421	12.303176	5.270844	
227	-14.260894	-11.405127	6.158546	141.000620	-470.321156	-141.000620	418.237427	77.069414	-48.807136	-77.069414	-17.242771	5.286104	
228	-13.417659	-9.170100	6.074597	196.972926	-500.842159	-196.972926	406.533512	64.925122	-0.389917	-64.925122	-49.221386	5.300182	
229	-12.306522	-6.814653	5.972411	224.268802	-526.887460	-224.268802	383.942383	47.914440	50.360464	-47.914440	-82.384257	5.312659	
230	-10.962948	-4.433489	5.852081	214.327500	-548.835354	-214.327500	353.949584	24.956188	100.560611	-24.956188	-115.535267	5.322735	
231	-9.443851	-2.113117	5.713431	164.844214	-567.433604	-164.844214	320.792087	-4.909085	148.166011	4.909085	-147.952360	5.329504	
232	-7.808162	0.073493	5.555983	79.733136	-584.099848	-79.733136	289.353910	-42.674194	192.049307	42.674194	-179.279235	5.331975	
233	-6.097541	2.089024	5.378994	-33.509755	-600.566842	33.509755	263.945433	-89.496547	232.086134	89.496547	-209.700697	5.328992	
234	-4.332646	3.942511	5.181410	-166.256249	-618.016733	166.256249	246.945459	-146.469318	269.228265	146.469318	-240.149662	5.319282	
235	-2.518602	5.676108	4.961864	-310.378419	-636.991556	310.378419	238.932057	-214.478196	305.219305	214.478196	-272.114714	5.301566	
236	-0.644429	7.341470	4.718802	-459.765901	-657.944655	459.765901	239.740395	-294.380163	341.892295	294.380163	-307.093298	5.274664	
237	1.307913	8.987638	4.450831	-610.911302	-681.254305	610.911302	248.765997	-387.066167	380.758899	387.066167	-346.297469	5.237555	
238	3.344764	10.657866	4.157112	-761.815433	-707.050335	761.815433	265.033928	-493.400106	423.163097	493.400106	-390.732503	5.189428	
239	5.463810	12.378880	3.837790	-911.082711	-735.438275	911.082711	287.758550	-613.975090	469.991459	613.975090	-440.922998	5.129674	
240	7.669452	14.150208	3.494570	-1058.994925	-767.089035	1058.994925	316.951935	-748.871407	521.096648	748.871407	-496.526857	5.057884	
241	9.977889	15.963313	3.131214	-1208.064354	-803.103052	1208.064354	352.938310	-897.994654	575.904125	897.994654	-556.975955	4.973940	
242	12.406819	17.826237	2.754033	-1360.758222	-843.513807	1360.758222	394.830783	-1060.972687	634.062430	1060.972687	-622.021119	4.878034	
243	14.947117	19.731427	2.373194	-1517.405661	-887.001424	1517.405661	440.974079	-1236.083439	694.663771	1236.083439	-690.874884	4.770526	
244	17.549317	21.619161	2.005453	-1676.837434	-932.312344	1676.837434	490.786814	-1420.067284	755.933921	1420.067284	-761.807742	4.651868	
245	20.151259	23.405227	1.678854	-1837.387369	-978.559753	1837.387369	544.377099	-1609.296803	816.276269	1609.296803	-833.145262	4.522618	
246	22.704309	25.019725	1.439049	-1996.302591	-1024.386933	1996.302591	600.883541	-1800.497638	874.964478	1800.497638	-903.931556	4.383453	
247	25.163292	26.420214	1.345660	-2149.113450	-1067.655377	2149.113450	657.876963	-1990.496615	931.937791	1990.496615	-973.592534	4.235141	
248	27.486515	27.601006	1.434165	-2290.050285	-1105.811659	2290.050285	711.635151	-2176.653348	987.928457	2176.653348	-1042.039775	4.078469	
249	29.661967	28.601141	1.679760	-2412.997899	-1136.529206	2412.997899	757.704969	-2358.316284	1044.999033	2358.316284	-1110.353286	3.914246	
250	31.709370	29.499111	2.030676	-2512.657042	-1158.339563	2512.657042	791.644873	-2537.366761	1106.343803	2537.366761	-1180.651671	3.743387	
251	33.660151	30.394031	2.449451	-2584.492331	-1170.703082	2584.492331	809.407762	-2717.322086	1175.473914	2717.322086	-1255.298906	3.566899	
252	35.545483	31.388852	2.917996	-2623.852981	-1173.611637	2623.852981	807.245554	-2901.904788	1255.397261	2901.904788	-1336.192994	3.385829	
253	37.395419	32.587736	3.430010	-2626.600154	-1167.733953	2626.600154	782.218367	-3094.302591	1348.145313	3094.302591	-1424.482663	3.201290	
254	39.239436	34.092863	3.984663	-2590.317660	-1154.820824	2590.317660	733.261876	-3297.070961	1454.450660	3297.070961	-1520.471317	3.014476	
255	41.106406	35.985862	4.582843	-2514.739769	-1137.593280	2514.739769	662.082831	-3511.618982	1573.340850	3511.618982	-1623.377945	2.826518	
256	43.042282	38.341809	5.224985	-2403.054935	-1119.410377	2403.054935	573.055247	-3738.317979	1702.529981	3738.317979	-1731.795353	2.638366	
257	45.107686	41.263519	5.909569	-2264.707143	-1104.023678	2264.707143	472.606234	-3975.650777	1838.241967	3975.650777	-1843.718588	2.450831	
258	47.302827	44.779582	6.631829	-2113.217390	-1095.634573	2113.217390	371.970507	-4216.796145	1972.402411	4216.796145	-1954.088331	2.264716	
259	49.538746	48.731298	7.383489	-1958.999105	-1097.863652	1958.999105	287.987230	-4449.317595	2092.096470	4449.317595	-2053.951319	2.080956	
260	51.718342	52.881992	8.154030	-1810.267738	-1112.023486	1810.267738	236.271978	-4658.989117	2184.056427	4658.989117	-2133.873706	1.900710	
261	53.753771	56.999644	8.932316	-1676.615381	-1137.016721	1676.615381	227.071642	-4830.965426	2236.742029	4830.965426	-2185.300533	1.725285	
262	55.529418	60.823701	9.707782	-1563.362209	-1169.370525	1563.362209	264.376765	-4950.341933	2240.260313	4950.341933	-2200.096465	1.556041	
263	56.910038	64.132724	10.471024	-1467.957442	-1202.692104	1467.957442	342.036677	-5002.985021	2187.872807	5002.985021	-2171.796647	1.394347	
264	57.748501	66.801323	11.213849	-1382.725019	-1228.096400	1382.725019	443.359026	-4973.750768	2075.980725	4973.750768	-2096.128732	1.241496	
265	57.960598	68.782585	11.929840	-1296.456251	-1236.234760	1296.456251	546.513093	-4852.345487	1906.235867	4852.345487	-1973.710891	1.098716	
266	57.622885	70.138180	12.615552	-1196.782898	-1220.282830	1196.782898	631.293930	-4642.802692	1688.518170	4642.802692	-1813.139303	0.967214	
267	56.921408	71.039232	13.271159	-1072.979646	-1177.316688	1072.979646	684.459321	-4359.664639	1436.837311	4359.664639	-1626.957899	0.848020	
268	56.061250	71.688570	13.900313	-917.440338	-1107.779231	917.440338	702.007375	-4019.794859	1164.072006	4019.794859	-1426.714892	0.741846	
269	55.283754	72.275555	14.509636	-729.608235	-1015.688099	729.608235	690.136716	-3643.975413	882.106258	3643.975413	-1224.753443	0.649162	
270	54.875522	72.966578	15.107680	-519.905507	-909.270852	519.905507	666.136470	-3259.868382	601.307849	3259.868382	-1036.127157	0.570400	
271	55.044638	73.837073	15.703329	-307.911184	-799.312479	307.911184	655.970101	-2895.371091	326.357443	2895.371091	-874.391625	0.506019	
272	55.808963	74.805225	16.304225	-116.340887	-696.266593	116.340887	688.332677	-2570.833605	55.536079	2570.833605	-748.159784	0.456310	
273	57.049459	75.684542	16.915355	35.301165	-609.038654	-35.301165	789.785321	-2299.167542	-214.913612	2299.167542	-663.542999	0.421059	
274	58.589628	76.264613	17.537373	137.957295	-544.361730	-137.957295	982.032360	-2086.829688	-487.527871	2086.829688	-626.274536	0.399304	
275	60.152420	76.287019	18.164660	201.743050	-504.849704	-201.743050	1278.162917	-1930.317477	-761.766146	1930.317477	-639.985066	0.389416	
276	61.284560	75.362722	18.782783	264.875862	-485.328183	-264.875862	1673.945044	-1811.418301	-1028.716109	1811.418301	-706.509082	0.389541	
277	61.396985	72.986893	19.363476	396.520592	-467.717516	-396.520592	2134.941109	-1692.477350	-1263.731635	1692.477350	-831.953085	0.398151	
278	59.924692	68.699135	19.856795	681.675790	-416.643740	-681.675790	2586.497581	-1513.820913	-1425.618532	1513.820913	-1031.665512	0.414355	
279	56.583378	62.320859	20.184799	1175.724485	-281.678762	-1175.724485	2916.035015	-1205.057553	-1470.434462	1205.057553	-1323.687877	0.437857	
280	51.648356	54.166186	20.248527	1821.422833	-19.616169	-1821.422833	3001.135137	-726.742081	-1381.893516	726.742081	-1694.969702	0.468819	
281	46.009741	44.941484	19.965593	2379.856014	360.739109	-2379.856014	2758.914402	-131.771650	-1196.216196	131.771650	-2042.981691	0.507775	
282	40.890514	35.194196	19.338117	2506.938929	768.162066	-2506.938929	2190.196266	422.103949	-983.340374	-422.103949	-2165.175393	0.555452	
283	37.351404	24.955138	18.506622	2007.085952	1062.344304	-2007.085952	1407.836405	767.599640	-796.343376	-767.599640	-1872.678445	0.612603	
284	35.795172	14.202090	17.721788	1036.249868	1140.124020	-1036.249868	629.707316	859.165518	-653.298133	-859.165518	-1152.865042	0.679948	
285	35.745441	3.458777	17.216430	15.194136	995.429715	-15.194136	91.554790	796.273569	-560.974963	-796.273569	-202.129027	0.758027	
286	36.107673	-6.327438	17.067543	-658.435341	701.905565	658.435341	-80.912839	727.330273	-526.002568	-727.330273	703.553510	0.846916	
287	35.825778	-14.233249	17.174797	-809.624567	354.780394	809.624567	81.221170	755.843099	-546.100579	-755.843099	1359.462015	0.945987	
288	34.354431	-19.546651	17.359211	-478.436630	32.470863	478.436630	442.834515	918.808906	-603.686719	-918.808906	1691.673907	1.053806	
289	31.762757	-21.972345	17.467014	181.747978	-213.318720	-181.747978	836.982266	1199.583260	-667.284567	-1199.583260	1736.076840	1.168232	
290	28.751417	-21.789474	17.410908	1005.265548	-365.491400	-1005.265548	1145.740361	1540.315319	-717.017999	-1540.315319	1600.715240	1.286647	
291	25.914608	-19.746139	17.167238	1867.528228	-435.018381	-1867.528228	1318.882583	1872.323157	-742.799197	-1872.323157	1384.162074	1.406209	
292	22.936765	-17.141801	16.758874	2667.659232	-437.070503	-2667.659232	1321.790076	2140.094080	-710.142477	-2140.094080	1118.932443	1.524143	
293	19.408167	-15.259648	16.235642	3309.408792	-388.290640	-3309.408792	1162.634151	2307.335198	-602.549661	-2307.335198	831.320655	1.638077	
294	15.417800	-14.622258	15.655073	3705.882076	-306.386583	-3705.882076	896.303543	2367.840331	-447.472811	-2367.840331	560.291938	1.746238	
295	11.257019	-15.108885	15.067034	3800.986326	-204.003088	-3800.986326	577.938531	2343.553161	-284.269132	-2343.553161	332.627204	1.847432	
296	7.225517	-16.318795	14.505501	3602.517444	-90.566557	-3602.517444	248.159613	2269.572387	-142.255412	-2269.572387	159.853493	1.940914	
297	3.541582	-17.840914	13.986490	3184.580872	23.868653	-3184.580872	-63.747056	2180.535192	-35.479510	-2180.535192	42.493962	2.026309	
298	0.313967	-19.399144	13.510725	2647.083233	127.817381	-2647.083233	-333.078431	2103.176559	33.442590	-2103.176559	-25.289569	2.103574	
299	-2.382156	-20.824889	13.069224	2080.562458	210.363671	-2080.562458	-529.853369	2053.208844	65.865843	-2053.208844	-50.976865	2.172893	
300	-4.468019	-21.933454	12.648444	1569.304420	264.445383	-1569.304420	-620.797583	2036.217940	63.681001	-2036.217940	-42.890796	2.234674	
301	-5.902276	-22.425625	12.233457	1195.705640	288.493410	-1195.705640	-590.291651	2051.217003	31.069396	-2051.217003	-11.467766	2.289772	
302	-6.686020	-21.899375	11.809983	1015.892105	285.382507	-1015.892105	-460.525996	2092.447530	-22.585958	-2092.447530	31.124149	2.339463	
303	-6.798401	-19.978569	11.366485	1033.651711	260.748899	-1033.651711	-289.852533	2147.939344	-82.103242	-2147.939344	72.654862	2.385131	
304	-6.159994	-16.496405	10.897118	1199.832957	222.105612	-1199.832957	-148.862821	2197.170745	-129.608745	-2197.170745	102.450512	2.428066	
305	-4.708603	-11.653476	10.405070	1436.319145	178.172561	-1436.319145	-87.648726	2213.555313	-151.097966	-2213.555313	113.475838	2.469383	
306	-2.532292	-6.059826	9.904558	1671.088221	137.257198	-1671.088221	-111.002127	2174.685284	-143.989497	-2174.685284	105.485299	2.509918	
307	0.083153	-0.570497	9.419386	1862.816743	104.931914	-1862.816743	-180.943291	2074.299582	-118.398940	-2074.299582	86.009307	2.550166	
308	2.741237	4.028532	8.976745	2000.035112	82.977522	-2000.035112	-248.337101	1926.180191	-88.834093	-1926.180191	65.904004	2.590309	
309	5.098198	7.288132	8.598262	2084.764849	70.267649	-2084.764849	-283.623180	1755.085461	-65.140181	-1755.085461	53.049768	2.630319	
310	6.994033	9.197032	8.293823	2121.163924	64.474893	-2121.163924	-284.407432	1582.177464	-49.854627	-1582.177464	49.405880	2.670068	
311	8.438861	10.077867	8.061678	2114.483725	63.641785	-2114.483725	-264.686577	1418.438179	-40.860883	-1418.438179	52.411524	2.709414	
312	9.510667	10.351311	7.892702	2071.736716	66.698511	-2071.736716	-239.948532	1267.756671	-35.378581	-1267.756671	58.468288	2.748362	
313	10.291622	10.351455	7.774791	1999.345763	72.851759	-1999.345763	-219.173515	1131.022445	-31.855651	-1131.022445	65.207410	2.787262	
314	10.836616	10.270511	7.695616	1900.938298	81.138995	-1900.938298	-205.341715	1008.029198	-29.690203	-1008.029198	71.452505	2.826718	
315	11.157992	10.178868	7.643963	1778.583939	90.536584	-1778.583939	-198.580125	898.759000	-28.572257	-898.759000	76.374989	2.867226	
316	11.247561	10.059705	7.610278	1635.794674	99.871480	-1635.794674	-197.429608	803.667401	-28.189313	-803.667401	79.194553	2.909017	
317	11.106624	9.845443	7.586693	1479.369712	107.673783	-1479.369712	-199.241810	723.001460	-28.068401	-723.001460	79.278828	2.952113	
318	10.749382	9.462917	7.566677	1319.187857	112.715096	-1319.187857	-201.588440	656.304857	-27.477472	-656.304857	76.165425	2.996361	
319	10.198249	8.872540	7.544847	1165.675722	114.669131	-1165.675722	-203.629541	602.315062	-25.551376	-602.315062	69.610925	3.041411	
320	9.488722	8.085269	7.517164	1026.321125	114.012926	-1026.321125	-205.945433	559.014098	-21.570457	-559.014098	59.703086	3.086713	
321	8.664658	7.147494	7.481151	903.855295	111.626379	-903.855295	-209.535253	523.986229	-15.138926	-523.986229	46.832107	3.131563	
322	7.773040	6.114387	7.435807	796.868020	108.427985	-796.868020	-215.157357	494.873777	-6.198938	-494.873777	31.584281	3.175168	
323	6.865321	5.045183	7.381226	701.726243	105.162437	-701.726243	-223.171608	469.617760	4.995959	-469.617760	14.690173	3.216697	
324	5.983608	4.000822	7.318197	614.559549	102.601177	-614.559549	-233.695864	446.697086	17.972592	-446.697086	-3.088307	3.255324	
325	5.150153	3.024912	7.247898	532.637972	101.521521	-532.637972	-246.601597	425.251444	32.191291	-425.251444	-21.101078	3.290310	
326	4.373467	2.132784	7.171625	454.857008	102.332028	-454.857008	-261.374452	404.911978	47.178273	-404.911978	-38.890887	3.321093	
327	3.651676	1.321539	7.090469	381.653797	105.005634	-381.653797	-277.155288	385.569798	62.605663	-385.569798	-56.217698	3.347299	
328	2.976465	0.580026	7.005077	314.700209	109.193492	-314.700209	-292.800542	367.208648	78.238602	-367.208648	-72.947665	3.368681	
329	2.342211	-0.114550	6.915639	256.131365	114.237664	-256.131365	-307.080171	349.809214	93.862045	-349.809214	-88.938706	3.385082	
330	1.750590	-0.791513	6.821942	207.605300	119.239718	-207.605300	-318.966540	333.233513	109.293161	-333.233513	-104.046166	3.396471	
331	1.207848	-1.470212	6.723433	169.831588	123.306047	-169.831588	-327.775159	317.155511	124.346912	-317.155511	-118.113342	3.402985	
332	0.719560	-2.158171	6.619424	142.542809	125.797394	-142.542809	-333.203880	301.178121	138.762045	-301.178121	-130.925334	3.404959	
333	0.288177	-2.856732	6.509304	124.803268	126.365629	-124.803268	-335.200487	284.975300	152.200232	-284.975300	-142.217636	3.402885	
334	-0.089445	-3.565019	6.392621	115.173947	124.944136	-115.173947	-333.981711	268.399225	164.344405	-268.399225	-151.770698	3.397350	
335	-0.424611	-4.286832	6.269085	111.652149	121.800080	-111.652149	-330.245965	251.548924	174.991101	-251.548924	-159.485707	3.388994	
336	-0.731555	-5.020859	6.138609	112.265701	117.403951	-112.265701	-324.789294	234.683075	183.971080	-234.683075	-165.306664	3.378484	
337	-1.020401	-5.744208	6.001481	115.774492	112.160578	-115.774492	-317.880198	218.086275	191.039488	-218.086275	-169.129938	3.366435	
338	-1.300288	-6.423099	5.858485	121.550904	106.328025	-121.550904	-309.385313	202.035325	195.951878	-202.035325	-170.874802	3.353298	
339	-1.583481	-7.032793	5.710744	128.995863	100.095266	-128.995863	-299.295909	186.807751	198.572268	-186.807751	-170.578437	3.339295	
340	-1.881886	-7.561268	5.559504	137.118167	93.613687	-137.118167	-287.929634	172.670257	198.886765	-172.670257	-168.403781	3.324393	
341	-2.202625	-8.002338	5.406036	144.809474	86.956467	-144.809474	-275.681608	159.817738	196.970160	-159.817738	-164.593795	3.308339	
342	-2.545434	-8.351156	5.251578	151.220164	80.099623	-151.220164	-262.778492	148.297515	192.953711	-148.297515	-159.421167	3.290791	
343	-2.903617	-8.609349	5.097303	155.552968	72.996874	-155.552968	-249.418086	138.012765	187.046247	-138.012765	-153.179313	3.271444	
344	-3.269984	-8.788479	4.944230	157.109971	65.661093	-157.109971	-235.891868	128.802997	179.545470	-128.802997	-146.178311	3.250103	
345	-3.640689	-8.905238	4.793141	155.635463	58.160664	-155.635463	-222.467741	120.489988	170.784170	-120.489988	-138.714541	3.226688	
346	-4.016228	-8.972340	4.644579	151.300570	50.562577	-151.300570	-209.284476	112.881046	161.071738	-112.881046	-131.041965	3.201204	
347	-4.405851	-8.997495	4.498924	144.323051	42.930250	-144.323051	-196.561460	105.839173	150.732785	-105.839173	-123.412492	3.173758	
348	-4.824777	-8.997970	4.356358	134.523798	35.393762	-134.523798	-184.955753	99.364697	140.189835	-99.364697	-116.130996	3.144576	
349	-5.277328	-8.999643	4.216777	121.528597	28.117411	-121.528597	-175.288707	93.482055	129.879622	-93.482055	-109.455478	3.113814	
350	-5.755922	-9.023735	4.079865	105.320774	21.203775	-105.320774	-167.980874	88.126484	120.120819	-88.126484	-103.498448	3.081361	
351	-6.259215	-9.089283	3.945221	86.186299	14.687276	-86.186299	-163.089849	83.239624	111.113417	-83.239624	-98.279690	3.046927	
352	-6.794077	-9.214834	3.812305	64.441130	8.561162	-64.441130	-160.584475	78.843989	102.968607	-78.843989	-93.769950	3.010211	
353	-7.365044	-9.412324	3.680367	40.466516	2.780180	-40.466516	-160.277835	74.982431	95.703808	-74.982431	-89.875129	2.971021	
354	-7.967471	-9.678242	3.548539	14.867015	-2.732668	-14.867015	-161.655622	71.612760	89.238081	-71.612760	-86.422464	2.929318	
355	-8.586387	-9.995271	3.416074	-11.519134	-8.039981	11.519134	-164.008746	68.589516	83.436321	-68.589516	-83.194987	2.885147	
356	-9.206297	-10.354748	3.282444	-37.584750	-13.156227	37.584750	-166.632132	65.807210	78.169250	-65.807210	-80.012242	2.838508	
357	-9.818998	-10.756575	3.147164	-61.728195	-18.101041	61.728195	-168.668564	63.273996	73.266309	-63.273996	-76.728540	2.789290	
358	-10.420569	-11.184220	3.009777	-82.050557	-22.947479	82.050557	-169.070009	61.002546	68.456744	-61.002546	-73.162644	2.737335	
359	-11.003133	-11.606825	2.870116	-96.947927	-27.774089	96.947927	-166.917822	58.924206	63.440467	-58.924206	-69.103163	2.682567	
360	-11.538836	-11.984475	2.728601	-105.371220	-32.602431	105.371220	-161.496970	56.843676	57.949458	-56.843676	-64.359164	2.625038	
361	-11.976932	-12.264888	2.586415	-106.924787	-37.377507	106.924787	-152.288209	54.462813	51.785649	-54.462813	-58.818637	2.564935	
362	-12.271939	-12.408426	2.445422	-102.003268	-41.973312	102.003268	-139.223806	51.606970	44.906104	-51.606970	-52.503845	2.502622	
363	-12.397684	-12.393016	2.307808	-91.893969	-46.187054	91.893969	-122.781224	48.299307	37.409741	-48.299307	-45.536169	2.438611	
364	-12.324522	-12.180270	2.175953	-78.724894	-49.682064	78.724894	-103.843638	44.508603	29.477831	-44.508603	-38.077605	2.373574	
365	-12.004588	-11.713488	2.052616	-64.913249	-51.974595	64.913249	-83.629361	40.101006	21.431611	-40.101006	-30.374867	2.308523	
366	-11.373524	-10.943424	1.940919	-52.431169	-52.528566	52.431169	-63.598592	35.045824	13.772527	-35.045824	-22.831929	2.244936	
367	-10.357734	-9.835356	1.843861	-42.363607	-50.810463	42.363607	-45.252871	29.436253	7.121752	-29.436253	-15.976787	2.184673	
368	-8.897474	-8.360267	1.763657	-34.884297	-46.300936	34.884297	-29.959015	23.345537	2.117640	-23.345537	-10.326320	2.129918	
369	-6.963786	-6.495246	1.701465	-29.623641	-38.583883	29.623641	-18.681702	16.733017	-0.747750	-16.733017	-6.249269	2.083175	
370	-4.557111	-4.251290	1.657408	-26.013519	-27.470398	26.013519	-11.563144	9.488013	-1.347628	-9.488013	-3.873300	2.047067	
371	-1.705412	-1.688424	1.630695	-23.566744	-13.127981	23.566744	-7.686786	1.464461	-0.085914	-1.464461	-3.023003	2.024002	
372	1.521913	1.103411	1.620240	-22.035885	3.799613	22.035885	-5.112815	-7.629959	2.091360	7.629959	-3.152865	2.016012	
373	4.972508	3.986908	1.625792	-21.221385	22.065723	21.221385	-1.080082	-18.157502	3.816625	18.157502	-3.325995	2.024650	
374	8.421297	6.766677	1.648594	-20.809209	39.977121	20.809209	7.377457	-30.345412	3.654575	30.345412	-2.432374	2.050595	
375	11.464094	9.110305	1.690572	-20.531867	55.005914	20.531867	21.941031	-43.601194	0.662434	43.601194	0.353689	2.092830	
376	13.873357	10.859928	1.752963	-20.193689	65.845869	20.193689	42.330889	-57.297866	-5.046002	57.297866	5.203005	2.148735	
377	14.240565	10.949706	1.830751	-20.307304	65.969579	20.307304	59.780016	-64.866416	-11.087485	64.866416	10.036445	2.211333	
