kww	// User ID
16-2-2021	// Evaluation date
kevin-pilot_09_55.4	16-2-2021	11:41:48:515	// Source file name and timestamp
238.095	// Sampling rate
2.981	// Data capture period

1.790705	// height
85.991959	// mass


Sample #	elbVar	shldrIR	RwristLinVelo	thorJFPd	thorSTPd	UaJFPp	UaSTPp	UaJFPd	UaSTPd	FaJFPp	FaSTPp	LwristLinVelo	
0	0.248149	0.235141	0.169601	-1.128389	-0.837509	1.128389	0.791247	-0.622797	-0.447882	0.622797	-1.113811	0.385292	
1	0.239214	0.211038	0.178415	-0.306746	-0.860999	0.306746	0.657125	-0.259302	-0.377163	0.259302	-0.873673	0.382054	
2	0.177703	0.204922	0.183428	0.145723	-0.835745	-0.145723	0.538369	-0.139922	-0.329309	0.139922	-0.888449	0.370694	
3	0.281339	0.279878	0.184942	0.123208	-0.940284	-0.123208	0.527916	-0.050204	-0.350413	0.050204	-0.748380	0.353632	
4	0.488367	0.385294	0.182994	-0.410228	-1.067910	0.410228	0.538600	0.207807	-0.380672	-0.207807	-0.373796	0.331451	
5	0.696312	0.498501	0.178539	-1.552558	-1.161720	1.552558	0.559144	0.205630	-0.412359	-0.205630	-0.055523	0.305582	
6	0.869409	0.615604	0.175863	-3.442413	-1.198823	3.442413	0.588853	-0.426831	-0.446466	0.426831	0.050658	0.283113	
7	0.821773	0.643603	0.177752	-6.061640	-1.012764	6.061640	0.534217	-1.554849	-0.416101	1.554849	-0.161759	0.269564	
8	0.541452	0.574164	0.182864	-9.130851	-0.677307	9.130851	0.404083	-2.853884	-0.321117	2.853884	-0.634540	0.261465	
9	0.383709	0.557932	0.192092	-12.092446	-0.515064	12.092446	0.330045	-4.008963	-0.264908	4.008963	-0.941093	0.251838	
10	0.468425	0.628578	0.207810	-14.331122	-0.565282	14.331122	0.329424	-4.780734	-0.275753	4.780734	-0.859576	0.241455	
11	0.451287	0.642447	0.226767	-15.761809	-0.572061	15.761809	0.266353	-5.511995	-0.247091	5.511995	-0.841547	0.234390	
12	0.136034	0.541759	0.244122	-16.625455	-0.452557	16.625455	0.057191	-6.796866	-0.092457	6.796866	-1.259352	0.224859	
13	-0.156154	0.442714	0.260426	-16.609008	-0.398359	16.609008	-0.127450	-7.745749	0.092803	7.745749	-1.569043	0.207648	
14	-0.216342	0.404578	0.275034	-15.940000	-0.426269	15.940000	-0.122737	-7.158660	0.187599	7.158660	-1.341261	0.191732	
15	-0.494670	0.291192	0.282891	-16.423871	-0.302843	16.423871	-0.332336	-6.706219	0.414305	6.706219	0.000000	0.187536	
16	-1.151620	0.074221	0.285631	-18.778236	-0.087840	18.778236	-1.124507	-8.115696	0.979956	8.115696	-2.263698	0.189766	
17	-1.415897	-0.002632	0.292205	-21.087620	-0.093009	21.087620	-1.701006	-9.061548	1.366355	9.061548	-2.507974	0.193820	
18	-0.950986	0.142144	0.303084	-21.284943	-0.266111	21.284943	-1.238422	-7.266355	1.092895	7.266355	-1.566156	0.211623	
19	-0.424267	0.298135	0.311631	-18.472436	-0.384064	18.472436	-0.357233	-4.887463	0.636666	4.887463	-0.578591	0.251337	
20	-0.040022	0.439004	0.319230	-12.970524	-0.670019	12.970524	0.177156	-3.995338	0.363656	3.995338	0.100482	0.305215	
21	0.621746	0.695088	0.329882	-6.960535	-1.292813	6.960535	0.668331	-2.780603	-0.148684	2.780603	1.107570	0.361939	
22	1.273764	0.905999	0.340002	-2.297184	-1.852737	2.297184	1.180160	-0.643020	-0.790287	0.643020	2.034825	0.417113	
23	1.313567	0.852741	0.346093	1.273384	-2.011931	-1.273384	1.161906	0.048460	-0.871409	-0.048460	2.121565	0.467078	
24	1.013744	0.679891	0.351776	3.783990	-1.980713	-3.783990	0.754978	-1.056129	-0.515362	1.056129	1.799454	0.502161	
25	0.982256	0.612543	0.361467	4.442233	-1.920701	-4.442233	0.751618	-1.753864	-0.440028	1.753864	1.741384	0.515058	
26	1.173266	0.599141	0.373060	3.687466	-1.605628	-3.687466	1.331260	-1.287071	-0.725876	1.287071	1.718024	0.506987	
27	1.103195	0.483953	0.381851	2.828925	-1.092347	-2.828925	1.554475	-1.149313	-0.715035	1.149313	1.355085	0.478970	
28	0.660450	0.282344	0.387456	2.272613	-0.767394	-2.272613	0.842017	-1.915165	-0.144433	1.915165	0.908343	0.429020	
29	0.249516	0.129458	0.390376	1.421254	-0.608257	-1.421254	0.056780	-2.176497	0.372953	2.176497	0.673617	0.363978	
30	0.036817	0.039981	0.389240	-0.051511	-0.465947	0.051511	-0.323294	-1.704929	0.566545	1.704929	0.515707	0.300405	
31	-0.227053	-0.066816	0.386752	-1.621422	-0.433803	1.621422	-0.941820	-1.758272	0.891080	1.758272	0.391337	0.247196	
32	-0.495940	-0.146373	0.388774	-3.080949	-0.507440	3.080949	-1.686395	-2.264744	1.288810	2.264744	0.520059	0.203423	
33	-0.507923	-0.124536	0.394780	-5.046859	-0.566936	5.046859	-1.852158	-2.246121	1.275390	2.246121	0.803526	0.173233	
34	-0.377514	-0.078065	0.399471	-7.418695	-0.579171	7.418695	-1.667426	-1.839249	1.014962	1.839249	0.936777	0.166949	
35	-0.279971	-0.066775	0.401806	-9.033376	-0.565777	9.033376	-1.515220	-1.672724	0.833153	1.672724	0.975757	0.188384	
36	-0.139529	-0.048699	0.403996	-9.136366	-0.522919	9.136366	-1.197064	-1.718021	0.620343	1.718021	1.061579	0.232793	
37	-0.095769	-0.086152	0.406015	-7.712128	-0.418418	7.712128	-0.983465	-1.937744	0.550754	1.937744	1.030317	0.294562	
38	-0.385737	-0.258372	0.407214	-5.423305	-0.275691	5.423305	-1.419710	-2.608831	0.963334	2.608831	0.843612	0.365568	
39	-0.696977	-0.401630	0.409291	-4.113018	-0.183053	4.113018	-1.918379	-3.150757	1.351351	3.150757	0.799894	0.435494	
40	-0.610192	-0.353571	0.412619	-4.237796	-0.160425	4.237796	-1.535636	-2.760552	1.094509	2.760552	0.979834	0.498419	
41	-0.338940	-0.248292	0.414562	-3.737436	-0.153006	3.737436	-0.556434	-1.906893	0.585262	1.906893	1.136116	0.551893	
42	-0.260379	-0.245250	0.416453	-2.124663	-0.148585	2.124663	0.107253	-1.708387	0.395520	1.708387	1.233518	0.591891	
43	-0.293471	-0.285784	0.425198	-1.774797	-0.168117	1.774797	0.243500	-2.316644	0.369307	2.316644	1.424168	0.616142	
44	-0.232063	-0.287382	0.444693	-3.559863	-0.204257	3.559863	0.235382	-2.899596	0.214364	2.899596	1.658307	0.628593	
45	-0.170531	-0.283906	0.472045	-5.645744	-0.233994	5.645744	0.223254	-3.225327	0.051510	3.225327	1.898630	0.635360	
46	-0.209615	-0.288614	0.504027	-6.332405	-0.259896	6.332405	0.306955	-3.686792	-0.055327	3.686792	2.305713	0.640248	
47	-0.157998	-0.238134	0.539540	-5.415686	-0.332465	5.415686	0.952863	-3.948528	-0.340337	3.948528	2.793080	0.647266	
48	0.020375	-0.154076	0.574548	-3.513282	-0.446692	3.513282	2.068237	-3.438681	-0.719823	3.438681	2.997486	0.660702	
49	0.023292	-0.131251	0.604448	-0.982666	-0.507739	0.982666	2.931029	-2.789860	-0.831554	2.789860	3.001625	0.678107	
50	-0.041426	-0.088426	0.630524	1.877337	-0.560289	-1.877337	3.881812	-2.574333	-0.960767	2.574333	3.182955	0.690734	
51	0.270043	0.101647	0.654024	3.988774	-0.741883	-3.988774	5.523820	-2.045939	-1.530258	2.045939	3.257981	0.695286	
52	0.685990	0.266203	0.670347	4.543684	-0.916578	-4.543684	6.673554	-0.955559	-1.956925	0.955559	2.806540	0.696480	
53	0.697326	0.245878	0.678349	4.336580	-0.872818	-4.336580	6.609738	-0.354680	-1.823119	0.354680	2.359940	0.696039	
54	0.617579	0.235403	0.684614	4.277165	-0.746749	-4.277165	6.643666	-0.801831	-1.793604	0.801831	2.421581	0.690505	
55	0.714587	0.304836	0.692030	3.934947	-0.687564	-3.934947	6.905684	-1.414106	-1.969540	1.414106	2.463721	0.679362	
56	0.592951	0.250173	0.696522	3.343876	-0.575580	-3.343876	6.420363	-1.707989	-1.732803	1.707989	2.253392	0.665271	
57	0.323239	0.155757	0.698930	3.619073	-0.450915	-3.619073	6.315962	-2.481399	-1.510850	2.481399	2.422441	0.650477	
58	0.446856	0.262611	0.705086	4.565593	-0.504978	-4.565593	7.528798	-3.639828	-1.950286	3.639828	2.919984	0.638854	
59	0.704073	0.386059	0.714145	4.293849	-0.524388	-4.293849	8.040553	-3.923661	-2.335009	3.923661	2.993206	0.635292	
60	0.377448	0.220411	0.721203	1.749720	-0.103824	-1.749720	6.333899	-3.605691	-1.956435	3.605691	2.859394	0.638962	
61	-0.349731	-0.071135	0.729420	-1.890808	0.641780	1.890808	4.108841	-3.965689	-1.493835	3.965689	3.241802	0.644026	
62	-0.652746	-0.127192	0.745572	-4.830650	1.165900	4.830650	3.291643	-4.781478	-1.676409	4.781478	3.799812	0.651652	
63	-0.408555	0.035991	0.767505	-6.607377	1.274897	6.607377	3.508492	-4.927745	-2.115609	4.927745	3.806348	0.672943	
64	-0.141347	0.181311	0.788276	-7.462154	1.220003	7.462154	3.875910	-4.532824	-2.336368	4.532824	0.000000	0.714033	
65	0.188221	0.373561	0.805183	-7.163057	1.024289	7.163057	4.828774	-4.102295	-2.661586	4.102295	3.128739	0.767566	
66	0.994266	0.802734	0.816414	-5.906351	0.504612	5.906351	6.915935	-3.319507	-3.406695	3.319507	2.723294	0.824007	
67	1.884022	1.264731	0.820555	-4.310679	-0.098658	4.310679	9.484651	-2.673371	-4.213165	2.673371	2.329409	0.879097	
68	2.220586	1.454192	0.822869	-1.914889	-0.462937	1.914889	11.661048	-3.378552	-4.706480	3.378552	2.339033	0.926510	
69	2.313850	1.498959	0.829489	1.168195	-0.845200	-1.168195	13.269411	-4.660930	-4.985869	4.660930	2.535539	0.958960	
70	2.601179	1.606059	0.839183	2.791225	-1.424760	-2.791225	14.190104	-5.085936	-5.168989	5.085936	2.524464	0.978908	
71	2.780552	1.670196	0.848877	2.448149	-1.872862	-2.448149	14.172490	-5.144226	-5.164236	5.144226	2.505895	0.992923	
72	2.727561	1.643675	0.857579	1.451955	-2.157412	-1.451955	13.430693	-5.152222	-4.989634	5.152222	2.584831	0.999243	
73	2.784234	1.666043	0.862758	-0.109061	-2.516612	0.109061	12.410645	-4.636075	-4.747087	4.636075	2.494744	0.995401	
74	2.958646	1.741798	0.862401	-1.984449	-2.842893	1.984449	11.404717	-3.994523	-4.522285	3.994523	2.323667	0.989353	
75	3.046978	1.797423	0.858863	-2.779650	-3.015670	2.779650	10.782171	-4.050612	-4.476449	4.050612	2.439402	0.991164	
76	3.006792	1.826486	0.856851	-2.335909	-3.027745	2.335909	10.847351	-5.040676	-4.677704	5.040676	2.969910	1.002606	
77	2.729001	1.779078	0.860529	-2.072984	-2.633274	2.072984	11.374422	-6.760528	-4.979034	6.760528	3.875303	1.019259	
78	2.201316	1.643843	0.872116	-2.944443	-1.753417	2.944443	11.889865	-8.803395	-5.283295	8.803395	5.067929	1.034188	
79	1.761556	1.557832	0.891835	-4.553011	-0.825598	4.553011	12.232495	-10.409955	-5.620768	10.409955	6.256863	1.040492	
80	1.650121	1.588236	0.917474	-6.000901	-0.307299	6.000901	12.285894	-10.761296	-5.798513	10.761296	6.953533	1.036826	
81	1.710756	1.635099	0.943841	-6.862208	-0.250437	6.862208	12.031306	-9.868407	-5.578463	9.868407	6.951023	1.028679	
82	1.765068	1.656429	0.967930	-7.094148	-0.415556	7.094148	12.123809	-9.069404	-5.259245	9.069404	6.809429	1.020583	
83	1.863962	1.725290	0.992582	-6.658367	-0.668064	6.658367	12.961094	-9.212573	-5.253439	9.212573	7.125361	1.011960	
84	2.082646	1.860295	1.019285	-5.756036	-1.042813	5.756036	13.906811	-9.301392	-5.413886	9.301392	7.574549	1.004918	
85	2.303625	1.985144	1.044618	-4.937227	-1.363244	4.937227	14.481092	-8.825003	-5.497747	8.825003	7.797177	1.008768	
86	2.409033	2.071205	1.068166	-4.472014	-1.403274	4.472014	14.984580	-8.872568	-5.687801	8.872568	8.294640	1.029558	
87	2.584192	2.211318	1.093784	-4.122995	-1.408607	4.122995	15.801601	-9.461130	-6.212544	9.461130	9.276418	1.063513	
88	2.890657	2.391074	1.120791	-3.911550	-1.613069	3.911550	16.620613	-9.089237	-6.801428	9.089237	9.929223	1.106900	
89	2.881080	2.385983	1.144158	-3.800757	-1.695873	3.800757	16.570586	-7.769307	-6.879475	7.769307	9.893028	1.157950	
90	2.434546	2.179952	1.163713	-3.015786	-1.489780	3.015786	15.837779	-7.231447	-6.517381	7.231447	10.051869	1.205020	
91	2.144910	2.072417	1.184123	-1.781407	-1.358014	1.781407	15.780327	-7.660307	-6.508374	7.660307	10.839349	1.233464	
92	2.199791	2.112422	1.206618	-1.412491	-1.424580	1.412491	16.339955	-7.606740	-6.888619	7.606740	11.341606	1.247261	
93	2.133910	2.051965	1.228170	-1.552546	-1.390516	1.552546	16.195475	-6.930520	-6.902427	6.930520	11.129002	1.260994	
94	1.928519	1.924009	1.248876	-1.144725	-1.194081	1.144725	15.743822	-6.937470	-6.812223	6.937470	11.303568	1.271798	
95	1.955736	1.939674	1.272092	-0.737242	-1.043971	0.737242	16.209086	-7.634167	-7.384565	7.634167	12.318117	1.264165	
96	2.092368	2.001378	1.296760	-0.908108	-0.962104	0.908108	16.999806	-7.566227	-8.075018	7.566227	12.993077	1.238453	
97	2.028659	1.944430	1.318778	-0.661316	-0.819584	0.661316	17.298979	-6.786523	-8.188211	6.786523	13.092491	1.211573	
98	1.942620	1.908738	1.339339	0.747976	-0.643048	-0.747976	18.109902	-6.683102	-8.453596	6.683102	13.951499	1.194395	
99	2.135637	2.050758	1.362842	2.522666	-0.543863	-2.522666	20.438915	-7.261261	-9.580046	7.261261	15.672617	1.187993	
100	2.380253	2.191404	1.389023	3.717978	-0.422208	-3.717978	22.789527	-7.434998	-10.617256	7.434998	16.743153	1.193673	
101	2.209925	2.078197	1.414472	4.452095	-0.100557	-4.452095	22.740834	-7.114827	-10.321656	7.114827	16.771678	1.208180	
102	1.743809	1.828528	1.438851	4.932222	0.297402	-4.932222	20.882446	-6.951704	-9.299816	6.951704	16.899279	1.218802	
103	1.485962	1.717480	1.464051	4.467781	0.538198	-4.467781	19.553809	-6.957854	-8.882823	6.957854	17.415294	1.219695	
104	1.425865	1.694259	1.489149	3.096007	0.619723	-3.096007	18.721960	-6.596433	-8.792470	6.596433	17.529578	1.222934	
105	1.250682	1.581514	1.510888	2.066254	0.639595	-2.066254	17.342845	-5.699772	-8.257937	5.699772	17.228802	1.240393	
106	1.018880	1.439473	1.528078	1.496562	0.634805	-1.496562	15.668601	-4.824432	-7.606986	4.824432	17.120205	1.268158	
107	0.833513	1.328471	1.541582	0.109927	0.687189	-0.109927	13.717694	-4.351291	-7.034296	4.351291	17.060756	1.297978	
108	0.573088	1.169890	1.551789	-2.257712	0.891336	2.257712	11.152013	-4.056971	-6.188777	4.056971	16.793954	1.327051	
109	0.307259	1.014612	1.559377	-4.568874	1.165957	4.568874	8.728235	-3.928878	-5.418002	3.928878	16.794672	1.353640	
110	0.304306	1.022775	1.565967	-6.383192	1.285683	6.383192	7.641484	-4.026205	-5.416686	4.026205	17.251786	1.377312	
111	0.684452	1.252508	1.572616	-7.102297	1.023967	7.102297	8.644583	-4.047242	-6.355237	4.047242	17.890728	1.401952	
112	1.333853	1.641987	1.580428	-5.183605	0.365045	5.183605	11.563936	-3.848580	-8.006652	3.848580	18.902298	1.429631	
113	1.959088	2.025116	1.591143	-0.511634	-0.369420	0.511634	14.836399	-3.604085	-9.696709	3.604085	20.275977	1.456654	
114	2.341147	2.251484	1.604379	4.509465	-0.877181	-4.509465	17.061187	-3.227727	-10.699375	3.227727	21.188536	1.481533	
115	2.542023	2.355292	1.617034	7.586218	-1.126868	-7.586218	18.307423	-2.580060	-11.071331	2.580060	21.382232	1.509270	
116	2.592743	2.390178	1.627885	8.374064	-1.062638	-8.374064	18.825260	-2.260030	-11.111708	2.260030	21.658503	1.539187	
117	2.388699	2.287513	1.639104	7.609148	-0.657606	-7.609148	18.365915	-2.642607	-10.669624	2.642607	22.077802	1.556948	
118	2.100000	2.102007	1.651063	5.754537	-0.223414	-5.754537	17.199086	-2.927820	-9.856896	2.927820	21.686168	1.551869	
119	1.990637	2.006379	1.661374	3.427985	-0.046183	-3.427985	16.058068	-2.726923	-9.232020	2.726923	20.718168	1.534098	
120	1.965288	1.988105	1.669560	1.805769	-0.061718	-1.805769	15.052326	-2.609838	-8.923398	2.609838	20.283681	1.520991	
121	1.816865	1.897691	1.675927	0.901803	-0.086317	-0.901803	13.683290	-2.612283	-8.477473	2.612283	19.992927	1.515879	
122	1.417779	1.613535	1.678271	-0.348115	0.150777	0.348115	11.693896	-2.458732	-7.459522	2.458732	18.954027	1.510607	
123	0.712235	1.123176	1.675362	-1.698393	0.825952	1.698393	9.463406	-2.507048	-6.058179	2.507048	17.964027	1.499141	
124	0.006576	0.663559	1.669856	-2.299117	1.584393	2.299117	7.829326	-2.907078	-5.079306	2.907078	18.055110	1.482992	
125	-0.293110	0.476322	1.664116	-2.607578	1.954240	2.607578	7.172198	-3.106744	-4.828105	3.106744	18.420717	1.470736	
126	-0.276077	0.460848	1.656361	-3.344029	1.940132	3.344029	6.901763	-2.786999	-4.747777	2.786999	17.980051	1.471612	
127	-0.165643	0.503681	1.644561	-3.944752	1.664417	3.944752	6.701062	-2.212275	-4.742050	2.212275	17.558084	1.485354	
128	0.109726	0.713887	1.630824	-3.711595	1.095056	3.711595	6.909810	-1.641110	-5.198206	1.641110	18.222446	1.501840	
129	0.465214	0.996397	1.617411	-2.861313	0.415239	2.861313	7.209738	-0.983441	-5.700519	0.983441	18.889605	1.511262	
130	0.617685	1.091719	1.603045	-1.568481	-0.068634	1.568481	7.018658	-0.337897	-5.664610	0.337897	18.429955	1.510689	
131	0.633206	1.081963	1.587512	-0.072664	-0.330234	0.072664	6.736541	-0.032065	-5.501525	0.032065	17.931560	1.504831	
132	0.769478	1.193712	1.573418	0.957058	-0.523112	-0.957058	6.777302	0.219888	-5.630789	-0.219888	18.119350	1.505433	
133	0.989992	1.366337	1.560769	1.489317	-0.715922	-1.489317	6.745978	0.899749	-5.693562	-0.899749	17.995969	1.523502	
134	1.049043	1.399971	1.547359	2.000897	-0.778131	-2.000897	6.475730	1.410531	-5.474203	-1.410531	17.377205	1.556369	
135	0.882653	1.272931	1.533639	2.480767	-0.589786	-2.480767	6.235156	1.092800	-5.235408	-1.092800	17.079252	1.588158	
136	0.773007	1.208813	1.520543	2.455779	-0.392846	-2.455779	6.127314	0.927667	-5.158051	-0.927667	17.082912	1.610615	
137	0.878065	1.312104	1.506086	1.811074	-0.390896	-1.811074	6.119380	1.679812	-5.092986	-1.679812	16.781540	1.632555	
138	0.813645	1.254098	1.488278	1.000367	-0.258279	-1.000367	6.062920	2.081193	-4.755253	-2.081193	15.731057	1.657655	
139	0.349396	0.838945	1.467082	0.511376	0.194105	-0.511376	5.771277	1.119972	-4.117525	-1.119972	13.944061	1.673561	
140	-0.094866	0.429696	1.442065	0.088863	0.624355	-0.088863	5.471330	-0.066301	-3.500566	0.066301	12.071033	1.674957	
141	-0.266164	0.256754	1.411679	-0.610048	0.837701	0.610048	5.380427	-0.471036	-3.076925	0.471036	10.617040	1.671805	
142	-0.379198	0.137332	1.375682	-0.916370	0.948650	0.916370	5.195822	-0.627042	-2.772965	0.627042	9.571575	1.668782	
143	-0.442102	0.065829	1.336826	-0.393172	0.919550	0.393172	4.758720	-0.822387	-2.638861	0.822387	9.069242	1.662002	
144	-0.305330	0.179798	1.298207	0.149708	0.706378	-0.149708	4.308891	-0.514626	-2.699219	0.514626	9.051818	1.654564	
145	-0.098936	0.358136	1.259662	0.219876	0.489723	-0.219876	3.969825	0.324169	-2.751699	-0.324169	8.936558	1.655187	
146	-0.045199	0.393042	1.220057	0.273810	0.456987	-0.273810	3.808829	0.732930	-2.669154	-0.732930	8.469823	1.664353	
147	-0.179619	0.251986	1.180497	0.702470	0.588267	-0.702470	3.767200	0.304964	-2.476344	-0.304964	7.791629	1.677284	
148	-0.365914	0.061795	1.141771	1.239603	0.674437	-1.239603	3.553904	0.079998	-2.243766	-0.079998	7.051223	1.696891	
149	-0.513227	-0.087078	1.102908	1.382733	0.692615	-1.382733	3.279000	0.495661	-2.052744	-0.495661	6.452595	1.728788	
150	-0.715402	-0.283580	1.063689	1.002098	0.916871	-1.002098	3.267998	0.587020	-1.809404	-0.587020	5.821759	1.766925	
151	-0.986609	-0.554075	1.024723	0.240019	1.411394	-0.240019	3.453822	0.097569	-1.407023	-0.097569	4.893701	1.796431	
152	-1.197386	-0.777987	0.985927	-0.961931	1.971555	0.961931	3.711217	-0.372317	-0.952944	0.372317	3.889066	1.808669	
153	-1.359638	-0.963932	0.946979	-2.542176	2.509793	2.542176	3.822505	-0.840882	-0.486184	0.840882	2.929664	1.805575	
154	-1.471653	-1.110488	0.908007	-3.788673	2.861692	3.788673	3.466387	-1.288802	-0.074193	1.288802	2.134723	1.794009	
155	-1.417867	-1.096618	0.869283	-4.183417	2.819181	4.183417	2.804511	-1.262013	0.078346	1.262013	1.824196	1.781459	
156	-1.294466	-1.015197	0.830638	-3.960763	2.598229	3.960763	2.109092	-1.047111	0.121061	1.047111	1.665013	1.770736	
157	-1.161505	-0.943439	0.791685	-3.288979	2.326350	3.288979	1.405642	-1.002478	0.237217	1.002478	1.235058	1.758072	
158	-0.740172	-0.609648	0.752312	-2.255906	1.604030	2.255906	0.931645	-0.405293	0.083716	0.405293	1.005720	1.742205	
159	-0.051946	-0.005734	0.712719	-0.856805	0.426356	0.856805	0.831554	0.878197	-0.444747	-0.878197	1.258387	1.730247	
160	0.379346	0.374073	0.674848	1.430072	-0.523070	-1.430072	0.767444	1.475953	-0.811513	-1.475953	1.453515	1.727506	
161	0.379138	0.348985	0.642993	4.328532	-0.926593	-4.328532	0.560807	0.828574	-0.764228	-0.828574	1.311939	1.728989	
162	0.269196	0.229466	0.620687	6.186550	-1.010805	-6.186550	0.495813	0.019103	-0.625512	-0.019103	1.143695	1.730678	
163	0.212973	0.190242	0.608890	6.476674	-0.941743	-6.476674	0.671236	-0.250717	-0.622809	0.250717	1.242459	1.738788	
164	0.157382	0.179546	0.607169	6.180281	-0.779100	-6.180281	0.891105	-0.249786	-0.716535	0.249786	1.595310	1.756708	
165	0.080473	0.153434	0.614819	5.652343	-0.500374	-5.652343	1.183496	-0.461535	-0.808454	0.461535	1.975172	1.775573	
166	0.017808	0.138971	0.630695	4.688826	-0.113982	-4.688826	1.660418	-0.743146	-0.903806	0.743146	2.324326	1.787457	
167	0.009249	0.188909	0.651635	3.575015	0.221593	-3.575015	2.165878	-0.407016	-1.089095	0.407016	2.806107	1.794730	
168	-0.107419	0.133222	0.673891	2.602067	0.605013	-2.602067	2.556742	0.118491	-1.222627	-0.118491	3.333741	1.798651	
169	-0.535738	-0.264079	0.696390	1.730945	1.266810	-1.730945	2.848414	-0.088984	-1.098801	0.088984	3.666810	1.794167	
170	-1.099020	-0.823442	0.717828	0.791240	2.001877	-0.791240	3.100525	-0.379300	-0.902911	0.379300	3.894790	1.784400	
171	-1.556523	-1.272910	0.734973	-0.386976	2.611373	0.386976	3.520000	-0.188513	-0.898287	0.188513	4.264912	1.783729	
172	-1.921626	-1.649637	0.747981	-1.350140	3.186406	1.350140	4.224315	-0.506696	-1.028943	0.506696	4.600004	1.798107	
173	-2.088005	-1.899427	0.759503	-1.286998	3.530857	1.286998	4.855814	-1.446953	-1.127415	1.446953	4.364061	1.817014	
174	-1.973429	-1.917007	0.768790	-0.493754	3.473827	0.493754	5.141046	-2.013378	-1.131294	2.013378	3.562407	1.830726	
175	-1.910255	-1.964252	0.774735	0.159295	3.432956	-0.159295	5.476187	-2.528044	-1.181571	2.528044	2.877419	1.839405	
176	-2.034497	-2.156459	0.779515	0.831544	3.562689	-0.831544	6.061031	-3.519143	-1.443307	3.519143	2.543085	1.842929	
177	-1.968964	-2.133495	0.783171	1.959158	3.386735	-1.959158	6.280827	-3.915856	-1.699775	3.915856	2.143482	1.837992	
178	-1.657375	-1.833893	0.782235	3.302822	2.829750	-3.302822	5.835581	-3.146477	-1.739951	3.146477	1.680924	1.825539	
179	-1.509900	-1.657871	0.776203	4.608092	2.378637	-4.608092	5.331125	-2.390669	-1.867010	2.390669	1.538809	1.812117	
180	-1.604810	-1.700617	0.768318	5.320694	2.226365	-5.320694	5.270567	-2.463488	-2.229873	2.463488	1.624822	1.803978	
181	-1.653186	-1.690799	0.760476	4.790827	2.164033	-4.790827	5.553623	-2.652586	-2.478142	2.652586	1.569724	1.802396	
182	-1.578312	-1.556898	0.751964	3.462124	2.017943	-3.462124	5.770321	-2.346628	-2.454410	2.346628	1.312234	1.804904	
183	-1.567609	-1.494125	0.742780	2.113319	1.852528	-2.113319	5.782987	-2.208998	-2.432150	2.208998	0.981622	1.808373	
184	-1.686628	-1.564529	0.734972	0.874017	1.781370	-0.874017	5.871504	-2.622551	-2.544567	2.622551	0.683268	1.809895	
185	-1.749323	-1.569357	0.729212	-0.429153	1.705167	0.429153	5.853423	-2.580131	-2.515012	2.580131	0.490797	1.807649	
186	-1.672662	-1.443577	0.723468	-1.511186	1.529779	1.511186	5.229199	-1.736380	-2.227744	1.736380	0.299439	1.800534	
187	-1.614132	-1.374705	0.716798	-1.493038	1.360336	1.493038	4.099430	-1.108366	-1.932479	1.108366	-0.034114	1.788201	
188	-1.570532	-1.342045	0.709992	-0.434295	1.204590	0.434295	2.764489	-0.748218	-1.646736	0.748218	-0.295066	1.773988	
189	-1.418038	-1.180734	0.703065	0.272209	0.997175	-0.272209	1.516957	-0.063264	-1.261112	0.063264	-0.216539	1.763494	
190	-1.320284	-1.052276	0.697025	0.157399	0.928037	-0.157399	0.758838	0.217549	-0.930395	-0.217549	0.099454	1.758272	
191	-1.407734	-1.110627	0.694845	-0.176337	1.105602	0.176337	0.410488	-0.372050	-0.700697	0.372050	0.459566	1.756327	
192	-1.463738	-1.144873	0.697416	-0.727194	1.274018	0.727194	0.100317	-0.850121	-0.432913	0.850121	0.788645	1.756376	
193	-1.413608	-1.068949	0.703118	-1.225066	1.287066	1.225066	-0.240180	-0.831493	-0.139191	0.831493	1.126030	1.756512	
194	-1.455838	-1.076549	0.711592	-0.492901	1.256397	0.492901	-0.567547	-0.883180	0.134972	0.883180	1.584060	1.754069	
195	-1.630638	-1.223711	0.723496	1.052297	1.279665	-1.052297	-0.843684	-1.170839	0.418908	1.170839	2.063505	1.748872	
196	-1.868596	-1.465213	0.738626	1.337733	1.441349	-1.337733	-0.996938	-1.730627	0.737622	1.730627	2.356992	1.742726	
197	-2.176731	-1.807984	0.757266	-0.209783	1.773824	0.209783	-1.141732	-2.736647	1.142407	2.736647	2.559296	1.737132	
198	-2.441950	-2.113246	0.780099	-2.419931	2.086162	2.419931	-1.419846	-3.766445	1.587786	3.766445	2.802204	1.733105	
199	-2.474216	-2.169719	0.805335	-4.152040	2.145041	4.152040	-1.698337	-4.069108	1.885880	4.069108	2.953922	1.730161	
200	-2.317146	-2.015390	0.829113	-4.828169	2.007960	4.828169	-1.844330	-3.579550	1.983410	3.579550	2.972069	1.724065	
201	-2.191722	-1.884340	0.849548	-4.419493	1.947964	4.419493	-1.973497	-3.080330	2.043797	3.080330	3.026285	1.708955	
202	-2.147250	-1.841337	0.867734	-3.312022	2.056024	3.312022	-2.155264	-2.957838	2.128970	2.957838	3.161175	1.682890	
203	-1.981942	-1.673962	0.883486	-1.734667	2.050988	1.734667	-2.185957	-2.320119	2.017595	2.320119	3.154966	1.649180	
204	-1.626919	-1.318149	0.893762	0.201796	1.729100	-0.201796	-2.029360	-0.876310	1.632158	0.876310	2.858867	1.613179	
205	-1.355183	-1.086577	0.898119	2.225109	1.431481	-2.225109	-2.054731	-0.091384	1.320670	0.091384	2.546951	1.579854	
206	-1.295375	-1.093303	0.900140	3.927392	1.364476	-3.927392	-2.334441	-0.353645	1.222466	0.353645	2.478390	1.553914	
207	-1.224186	-1.050346	0.901072	4.634799	1.217292	-4.634799	-2.488023	-0.186974	1.065050	0.186974	2.447632	1.539097	
208	-1.163741	-0.990524	0.900002	4.199376	1.065102	-4.199376	-2.457903	0.287593	0.897769	-0.287593	2.444868	1.535523	
209	-1.316564	-1.170532	0.899292	3.847411	1.216114	-3.847411	-2.401502	-0.080776	0.892124	0.080776	2.730977	1.538787	
210	-1.394292	-1.269202	0.899612	4.467141	1.221476	-4.467141	-2.232445	-0.155734	0.780636	0.155734	2.891700	1.542354	
211	-1.104501	-0.937409	0.895560	5.163291	0.690202	-5.163291	-1.967532	1.202474	0.468952	-1.202474	2.475630	1.542512	
212	-0.786069	-0.549594	0.884726	5.549015	0.151675	-5.549015	-1.764824	2.562163	0.243477	-2.562163	2.012101	1.540037	
213	-0.696839	-0.433104	0.871058	6.409181	-0.029577	-6.409181	-1.644968	2.794706	0.159132	-2.794706	1.890555	1.535286	
214	-0.641047	-0.395314	0.856666	7.281893	-0.108095	-7.281893	-1.556063	2.557259	0.100639	-2.557259	1.769246	1.525109	
215	-0.656084	-0.408524	0.840889	7.039952	-0.047028	-7.039952	-1.367367	2.374332	0.048666	-2.374332	1.799704	1.507857	
216	-0.979594	-0.674639	0.825949	5.753691	0.486857	-5.753691	-0.900085	1.979646	-0.066041	-1.979646	2.473726	1.487240	
217	-1.389149	-1.030547	0.815907	3.904266	1.281748	-3.904266	-0.230055	1.141982	-0.284673	-1.141982	3.300503	1.467279	
218	-1.481056	-1.120894	0.811323	1.845903	1.768425	-1.845903	0.324827	0.209895	-0.462320	-0.209895	3.441658	1.447614	
219	-1.351824	-0.999610	0.809349	0.014525	1.913773	-0.014525	0.651364	-0.303392	-0.528837	0.303392	3.132130	1.428068	
220	-1.355754	-0.989757	0.808954	-1.244999	2.179855	1.244999	0.968870	-0.722100	-0.635995	0.722100	3.088466	1.411169	
221	-1.485303	-1.106332	0.811916	-1.678761	2.623201	1.678761	1.355864	-1.515386	-0.830590	1.515386	3.267195	1.395442	
222	-1.446491	-1.046992	0.817421	-1.416682	2.726737	1.416682	1.554241	-1.910276	-0.906965	1.910276	3.106958	1.374130	
223	-1.189467	-0.731325	0.820665	-0.943277	2.327761	0.943277	1.464825	-1.323354	-0.765189	1.323354	2.541151	1.344791	
224	-0.974383	-0.436135	0.819235	-0.225058	1.913167	0.225058	1.365304	-0.521651	-0.608090	0.521651	2.052886	1.313167	
225	-0.852436	-0.241933	0.814586	1.006930	1.597943	-1.006930	1.298645	0.151936	-0.505566	-0.151936	1.730147	1.285548	
226	-0.623229	0.061972	0.806367	2.246776	1.051367	-2.246776	1.054941	1.103448	-0.274788	-1.103448	1.236393	1.263426	
227	-0.390856	0.383402	0.793503	2.820280	0.516849	-2.820280	0.784141	1.964820	-0.008573	-1.964820	0.782932	1.246666	
228	-0.376706	0.475470	0.778742	2.832695	0.411652	-2.832695	0.708611	2.164663	0.069913	-2.164663	0.756031	1.236494	
229	-0.414543	0.476857	0.765335	2.490130	0.461034	-2.490130	0.676320	1.949430	0.098921	-1.949430	0.857762	1.231716	
230	-0.407119	0.492144	0.754749	1.745808	0.490744	-1.745808	0.591879	1.510951	0.160431	-1.510951	0.913809	1.226360	
231	-0.590345	0.301816	0.750278	0.964255	0.828398	-0.964255	0.610576	0.618897	0.051184	-0.618897	1.330843	1.215969	
232	-0.955710	-0.077678	0.755685	0.395202	1.433787	-0.395202	0.736172	-0.501209	-0.207875	0.501209	2.108239	1.201520	
233	-1.243621	-0.362618	0.769858	-0.276972	1.911579	0.276972	0.821223	-1.161590	-0.392274	1.161590	2.780726	1.184449	
234	-1.397417	-0.485851	0.787279	-0.944867	2.141365	0.944867	0.876465	-1.108269	-0.460813	1.108269	3.207622	1.164369	
235	-1.499538	-0.583661	0.802947	-0.973348	2.247932	0.973348	1.030166	-0.879471	-0.510274	0.879471	3.496907	1.142094	
236	-1.593174	-0.748323	0.815350	-0.101271	2.334807	0.101271	1.322627	-0.985166	-0.591150	0.985166	3.724091	1.119484	
237	-1.671883	-0.932063	0.825473	1.126892	2.365325	-1.126892	1.655609	-1.079946	-0.660490	1.079946	3.918815	1.097882	
238	-1.692751	-1.035331	0.834472	1.831085	2.305793	-1.831085	1.893010	-0.828165	-0.663517	0.828165	4.004273	1.078670	
239	-1.690803	-1.112964	0.843567	1.814488	2.343482	-1.814488	1.969050	-0.574579	-0.647603	0.574579	4.064754	1.063348	
240	-1.709912	-1.238800	0.854325	1.450001	2.536683	-1.450001	1.895962	-0.417073	-0.662458	0.417073	4.254336	1.053015	
241	-1.619547	-1.247067	0.867206	0.700551	2.547975	-0.700551	1.731254	-0.148944	-0.630299	0.148944	4.216409	1.047486	
242	-1.259002	-0.918381	0.881742	-0.468304	2.053692	0.468304	1.549330	0.065189	-0.442819	-0.065189	3.318272	1.044838	
243	-0.553410	-0.147658	0.897792	-1.479148	0.845620	1.479148	1.387557	0.076321	-0.024798	-0.076321	1.054919	1.042785	
244	0.547941	1.136791	0.914768	-1.952152	-1.250209	1.952152	1.174858	0.080387	0.728546	-0.080387	-3.016756	1.038951	
245	1.960554	2.895686	0.931408	-1.987487	-4.100241	1.987487	0.736093	0.313321	1.913836	-0.313321	-8.853337	1.030437	
246	3.577965	5.043735	0.945312	-1.327947	-7.617200	1.327947	-0.062279	0.947076	3.637987	-0.947076	-16.010900	1.015020	
247	5.536104	7.657136	0.949793	0.555644	-12.235181	-0.555644	-1.321689	2.087819	6.119134	-2.087819	-24.375764	0.990577	
248	7.892059	10.708798	0.934768	3.939527	-18.156388	-3.939527	-3.280974	3.866918	9.475495	-3.866918	-33.096694	0.954011	
249	10.373685	13.848928	0.894437	8.653940	-24.716499	-8.653940	-6.254458	6.258246	13.456329	-6.258246	-39.539753	0.904177	
250	12.537614	16.509923	0.832548	13.191417	-30.531607	-13.191417	-10.390665	8.385414	17.437858	-8.385414	-40.046924	0.842832	
251	13.590606	17.771937	0.760439	15.088234	-33.385090	-15.088234	-14.940856	9.133835	20.305665	-9.133835	-30.638066	0.771230	
252	12.741528	16.803032	0.693244	13.385781	-31.483424	-13.385781	-17.952433	8.280539	20.736837	-8.280539	-11.219422	0.694555	
253	10.234813	13.856870	0.647487	9.068541	-25.582265	-9.068541	-18.009917	6.001140	18.370966	-6.001140	10.121217	0.629603	
254	7.253813	10.165228	0.634269	3.664478	-18.260176	-3.664478	-15.590509	2.738001	14.320093	-2.738001	23.302941	0.592579	
255	4.917644	7.018577	0.648926	-1.132360	-11.949125	1.132360	-12.347022	-0.193220	10.269416	0.193220	25.563904	0.582133	
256	3.758704	5.146770	0.674101	-4.285600	-8.241405	4.285600	-9.968785	-1.600441	7.353080	1.600441	21.448647	0.587274	
257	3.656277	4.467997	0.693965	-5.596395	-7.213227	5.596395	-8.621242	-1.654367	5.511564	1.654367	15.943175	0.598096	
258	4.023536	4.362692	0.701099	-4.753538	-7.520117	4.753538	-6.749108	-1.070469	3.910439	1.070469	10.907118	0.603393	
259	4.260194	4.271132	0.695771	-2.998755	-7.777029	2.998755	-3.555659	-0.284640	2.062948	0.284640	6.772708	0.594664	
260	3.974114	3.832328	0.681373	-2.826788	-7.088451	2.826788	-0.245202	0.300255	0.046775	-0.300255	3.307185	0.570558	
261	2.952133	2.783840	0.657806	-4.983649	-5.015146	4.983649	1.189507	0.577805	-1.822703	-0.577805	-0.312194	0.531591	
262	1.448849	1.325489	0.621316	-8.109856	-2.060445	8.109856	-0.113350	0.732931	-2.907641	-0.732931	-3.590672	0.481069	
263	0.168964	0.142331	0.572252	-10.339506	0.545601	10.339506	-3.002117	0.803742	-2.701189	-0.803742	-4.961528	0.431342	
264	-0.526627	-0.417420	0.517179	-10.150138	2.152279	10.150138	-5.681851	0.829094	-1.427490	-0.829094	-4.286618	0.394794	
265	-0.849202	-0.591828	0.462269	-7.319955	3.055170	7.319955	-7.236374	0.848619	0.224652	-0.848619	-2.873031	0.373002	
266	-0.948594	-0.564964	0.410580	-4.349708	3.597856	4.349708	-7.596097	0.764853	1.464256	-0.764853	-1.609424	0.362138	
267	-0.806397	-0.322414	0.363741	-3.265143	3.777696	3.265143	-6.706933	0.566504	1.831760	-0.566504	-0.579378	0.356563	
268	-0.538145	0.046984	0.321363	-2.300305	3.414287	2.300305	-4.479976	0.448521	1.472346	-0.448521	0.277920	0.349782	
269	-0.216567	0.466012	0.283018	0.649358	2.387799	-0.649358	-1.196760	0.575500	0.540649	-0.575500	1.025398	0.339424	
270	0.195991	0.941940	0.251724	4.904018	0.887090	-4.904018	2.568174	0.853552	-0.917800	-0.853552	1.739112	0.326949	
271	0.581732	1.361430	0.230494	8.648620	-0.578414	-8.648620	5.866394	1.101745	-2.388194	-1.101745	2.407220	0.314390	
272	0.766985	1.562606	0.218844	10.726202	-1.483167	-10.726202	7.764486	1.211925	-3.188664	-1.211925	2.958031	0.303149	
273	0.749571	1.524138	0.214798	11.001216	-1.719722	-11.001216	8.124162	1.138259	-3.102097	-1.138259	3.293564	0.293067	
274	0.589719	1.301159	0.216372	10.170365	-1.533746	-10.170365	7.431444	0.929007	-2.267929	-0.929007	3.311699	0.283191	
275	0.285118	0.914752	0.221193	8.827939	-1.038852	-8.827939	5.999936	0.672858	-0.902796	-0.672858	2.947997	0.273580	
276	-0.140461	0.409015	0.225817	7.131910	-0.250012	-7.131910	3.916727	0.511418	0.649793	-0.511418	2.258072	0.264595	
277	-0.539361	-0.043552	0.228113	5.160169	0.583045	-5.160169	1.689517	0.548882	1.952345	-0.548882	1.530514	0.256662	
278	-0.742928	-0.248535	0.229993	3.367361	1.168190	-3.367361	0.034195	0.635446	2.816258	-0.635446	1.110406	0.251273	
279	-0.777161	-0.240812	0.233462	2.741372	1.512214	-2.741372	-0.957899	0.728942	3.406657	-0.728942	1.026984	0.248751	
280	-0.770576	-0.189835	0.237114	3.442878	1.803198	-3.442878	-1.664981	0.979854	3.829182	-0.979854	1.065719	0.246322	
281	-0.684923	-0.086763	0.239450	3.893899	2.145653	-3.893899	-2.396561	1.260926	3.938590	-1.260926	1.134786	0.240692	
282	-0.501948	0.104155	0.241166	3.301626	2.561677	-3.301626	-3.283701	1.393877	3.800615	-1.393877	1.270565	0.230741	
283	-0.371550	0.252493	0.243442	2.791122	3.007257	-2.791122	-4.130250	1.491031	3.672329	-1.491031	1.439045	0.217986	
284	-0.258472	0.353840	0.246328	2.700162	3.354233	-2.700162	-4.526683	1.599030	3.370921	-1.599030	1.528312	0.204561	
285	-0.032655	0.522107	0.249610	2.187386	3.495837	-2.187386	-4.348471	1.546962	2.739204	-1.546962	1.523644	0.191826	
286	0.136758	0.651489	0.255243	1.523504	3.444308	-1.523504	-3.943943	1.348115	2.264659	-1.348115	1.551220	0.182063	
287	0.090347	0.595702	0.265048	1.263588	3.342146	-1.263588	-3.839126	1.286099	2.167105	-1.286099	1.612825	0.177183	
288	-0.025742	0.448174	0.276999	0.540530	3.325108	-0.540530	-4.235469	1.368721	2.064075	-1.368721	1.587415	0.174816	
289	-0.111193	0.329455	0.289726	-1.101889	3.364329	1.101889	-4.843812	1.233487	1.960232	-1.233487	1.563442	0.170906	
290	-0.288018	0.172888	0.305600	-2.266111	3.379018	2.266111	-5.357539	0.859148	2.222814	-0.859148	1.710726	0.164474	
291	-0.621410	-0.112228	0.325292	-1.881928	3.361789	1.881928	-5.721649	0.605570	2.775405	-0.605570	1.942535	0.156151	
292	-0.905870	-0.383205	0.346315	-0.800338	3.190374	0.800338	-5.624992	0.441809	3.143553	-0.441809	2.082823	0.144759	
293	-0.918515	-0.429510	0.367729	0.011786	2.710959	-0.011786	-4.745442	0.124336	3.155123	-0.124336	2.142580	0.128657	
294	-0.808235	-0.354271	0.390286	0.722761	2.168991	-0.722761	-3.666034	-0.200634	3.107393	0.200634	2.218366	0.110114	
295	-0.724956	-0.289330	0.413372	1.254951	1.875175	-1.254951	-3.022578	-0.275625	3.074932	0.275625	2.287752	0.096088	
296	-0.394283	-0.023367	0.434385	1.181099	1.656443	-1.181099	-2.502673	-0.093426	2.788733	0.093426	2.176532	0.092220	
297	0.201747	0.453913	0.450028	1.351866	1.419541	-1.351866	-1.891884	0.305208	2.387235	-0.305208	1.842442	0.098943	
298	0.518657	0.712489	0.458840	2.738694	1.531565	-2.738694	-1.654621	0.840389	2.270865	-0.840389	1.572296	0.114781	
299	0.438565	0.667285	0.462674	4.100492	2.018999	-4.100492	-1.940694	1.291107	2.381639	-1.291107	1.498976	0.135588	
300	0.466681	0.716354	0.463880	4.061329	2.368545	-4.061329	-2.202714	1.498572	2.442367	-1.498572	1.358073	0.155082	
301	0.717914	0.953923	0.463366	3.635426	2.306955	-3.635426	-1.941383	1.358319	2.515480	-1.358319	1.111689	0.170069	
302	0.857962	1.117416	0.463338	4.001478	1.973087	-4.001478	-1.146923	0.920361	2.697942	-0.920361	0.996210	0.182281	
303	0.860712	1.149018	0.466222	4.590013	1.535197	-4.590013	-0.202496	0.479861	2.729293	-0.479861	0.917145	0.193544	
304	0.907685	1.174410	0.471158	4.628169	1.139587	-4.628169	0.452142	0.283021	2.472054	-0.283021	0.702923	0.203041	
305	0.956565	1.196056	0.476577	4.305944	0.968812	-4.305944	0.570632	0.302198	2.165695	-0.302198	0.507121	0.210185	
306	0.852981	1.099513	0.481959	3.970150	1.187168	-3.970150	0.035033	0.581237	1.891198	-0.581237	0.460631	0.216682	
307	0.554515	0.848041	0.486050	3.482654	1.788572	-3.482654	-1.115303	1.067954	1.682963	-1.067954	0.563669	0.224446	
308	0.197770	0.575644	0.487764	2.385664	2.570523	-2.385664	-2.623106	1.414856	1.707811	-1.414856	0.778644	0.233637	
309	-0.048862	0.394639	0.486462	0.549880	3.407746	-0.549880	-4.294188	1.645433	1.764115	-1.645433	0.910042	0.244545	
310	-0.206345	0.257069	0.481508	-1.988451	4.324302	1.988451	-6.168874	1.916412	1.615416	-1.916412	0.869492	0.258261	
311	-0.299144	0.170051	0.475036	-5.181749	5.126285	5.181749	-7.912673	1.832892	1.438196	-1.832892	0.775522	0.273594	
312	-0.182266	0.235992	0.470245	-7.852432	5.316268	7.852432	-8.467411	1.361179	1.211445	-1.361179	0.592641	0.288548	
313	0.092063	0.372256	0.466459	-8.103461	4.763330	8.103461	-7.378884	1.104433	0.784171	-1.104433	0.303804	0.304533	
314	0.267610	0.409768	0.461828	-6.121276	3.963175	6.121276	-5.644405	1.116535	0.389554	-1.116535	0.086066	0.322371	
315	0.346177	0.378028	0.456642	-3.888417	3.299319	3.888417	-4.179679	1.168560	0.117304	-1.168560	-0.039097	0.338227	
316	0.429071	0.337268	0.450846	-1.821983	2.765198	1.821983	-2.986792	1.348427	-0.170656	-1.348427	-0.148499	0.349459	
317	0.486108	0.277676	0.443470	0.266543	2.433995	-0.266543	-2.160768	1.622505	-0.400122	-1.622505	-0.211424	0.357822	
318	0.604758	0.284240	0.433763	1.109815	2.441459	-1.109815	-1.938653	1.882622	-0.607255	-1.882622	-0.251938	0.364996	
319	0.808766	0.373817	0.421341	0.095218	2.607403	-0.095218	-2.122036	2.029725	-0.845938	-2.029725	-0.287912	0.371268	
320	0.895037	0.401061	0.407928	-1.527302	2.650221	1.527302	-2.366244	1.880558	-0.950745	-1.880558	-0.262012	0.377133	
321	0.923194	0.389636	0.396345	-3.005971	2.600154	3.005971	-2.569757	1.664038	-1.074507	-1.664038	-0.201138	0.383176	
322	1.141107	0.504904	0.386740	-4.523415	2.557529	4.523415	-2.678340	1.752151	-1.435920	-1.752151	-0.147409	0.389545	
323	1.420801	0.680927	0.378381	-4.904192	2.346945	4.904192	-2.446352	1.896336	-1.744638	-1.896336	-0.082955	0.395892	
324	1.523433	0.734779	0.372465	-3.101844	1.895485	3.101844	-1.852503	1.860039	-1.866108	-1.860039	0.027368	0.402391	
325	1.534624	0.704965	0.369499	-0.902855	1.470401	0.902855	-1.312263	1.894084	-2.010659	-1.894084	0.203385	0.409924	
326	1.575348	0.732950	0.368348	0.227928	1.152337	-0.227928	-0.926341	1.935583	-2.027284	-1.935583	0.329931	0.417894	
327	1.519262	0.757608	0.368418	1.463391	0.730610	-1.463391	-0.369928	1.643994	-1.688606	-1.643994	0.301304	0.424360	
328	1.219694	0.606229	0.369223	2.873588	0.363205	-2.873588	0.104911	1.215742	-1.241110	-1.215742	0.261179	0.428796	
329	0.816092	0.336590	0.368568	2.220263	0.604715	-2.220263	-0.327386	1.197768	-0.981421	-1.197768	0.343516	0.431805	
330	0.561577	0.166415	0.363365	-0.403929	1.512569	0.403929	-1.698797	1.611545	-0.846201	-1.611545	0.438015	0.433618	
331	0.369269	0.075661	0.353987	-1.990236	2.401202	1.990236	-3.029033	1.687329	-0.591891	-1.687329	0.385581	0.434670	
332	0.012022	-0.114573	0.346278	-1.630095	2.858358	1.630095	-3.742132	1.059465	-0.211564	-1.059465	0.249815	0.435306	
333	-0.322719	-0.335893	0.345495	-2.115017	3.176976	2.115017	-4.273254	0.614889	-0.102817	-0.614889	0.327128	0.436043	
334	-0.342415	-0.381597	0.351991	-4.729739	3.529921	4.729739	-4.904020	0.777620	-0.396140	-0.777620	0.648199	0.438382	
335	-0.179243	-0.270769	0.365033	-7.176989	3.580099	7.176989	-5.157777	0.632180	-0.630693	-0.632180	0.803909	0.441772	
336	-0.021799	-0.141977	0.383932	-7.969047	3.100003	7.969047	-4.623004	0.124749	-0.669773	-0.124749	0.735545	0.444092	
337	0.200774	-0.003993	0.405318	-8.020577	2.275438	8.020577	-3.529374	0.180805	-0.816713	-0.180805	0.759872	0.446927	
338	0.447219	0.156254	0.424994	-7.454908	1.484262	7.454908	-2.477984	0.511664	-0.847927	-0.511664	0.652311	0.453358	
339	0.514789	0.238406	0.441578	-5.569523	1.072835	5.569523	-1.990108	0.298649	-0.466017	-0.298649	0.162746	0.462707	
340	0.450977	0.198256	0.456153	-3.833831	1.046923	3.833831	-2.051962	0.084325	-0.217129	-0.084325	-0.081816	0.473295	
341	0.571558	0.195052	0.469483	-3.957352	1.084363	3.957352	-2.236457	0.948845	-0.702344	-0.948845	0.492899	0.486100	
342	0.996832	0.347418	0.480770	-4.570407	1.113278	4.570407	-2.594999	2.953808	-1.755601	-2.953808	1.634517	0.501856	
343	1.435188	0.505681	0.490141	-3.482523	1.379485	3.482523	-3.552456	5.067005	-2.888106	-5.067005	2.871846	0.517750	
344	1.641490	0.537861	0.500526	-1.295261	1.809248	1.295261	-4.873724	6.270679	-3.773669	-6.270679	3.917524	0.529698	
345	1.717420	0.544003	0.514725	-0.408325	2.084747	0.408325	-5.945813	6.650234	-4.267161	-6.650234	4.562638	0.537216	
346	1.669667	0.539665	0.532476	-1.097974	2.271106	1.097974	-6.817677	6.414005	-4.237630	-6.414005	4.620057	0.543100	
347	1.373177	0.416946	0.552078	-1.523167	2.474312	1.523167	-7.620306	5.453840	-3.653725	-5.453840	4.069726	0.549358	
348	1.099445	0.302301	0.572170	-1.126628	2.344966	1.126628	-7.818813	4.687380	-2.969606	-4.687380	3.366238	0.557525	
349	1.135929	0.341436	0.591173	-0.752426	1.810962	0.752426	-7.373195	5.047837	-2.765217	-5.047837	3.135275	0.570257	
350	1.179303	0.346971	0.609467	-0.418156	1.409693	0.418156	-7.024651	5.536233	-2.906332	-5.536233	3.330598	0.588573	
351	0.961881	0.181766	0.630817	-0.441526	1.402945	0.441526	-6.875945	5.023019	-2.976743	-5.023019	3.535637	0.611066	
352	0.714902	0.015468	0.658442	-1.824869	1.560970	1.824869	-6.553234	4.176891	-2.949025	-4.176891	3.629268	0.637647	
353	0.513970	-0.067658	0.691305	-3.726349	1.719210	3.726349	-6.224336	3.226337	-2.496720	-3.226337	3.131608	0.669785	
354	0.121433	-0.206230	0.725586	-4.704063	1.914058	4.704063	-6.087384	1.249707	-1.231615	-1.249707	1.603662	0.706638	
355	-0.408096	-0.434673	0.759149	-5.355540	2.151623	5.355540	-5.856109	-1.383159	0.186138	1.383159	-0.112325	0.745345	
356	-0.797486	-0.611639	0.792476	-6.713971	2.256576	6.713971	-5.114910	-3.665502	1.146543	3.665502	-1.309022	0.785330	
357	-0.975374	-0.656664	0.825865	-8.069600	2.057263	8.069600	-3.804571	-5.525941	1.927642	5.525941	-2.355292	0.828410	
358	-0.956563	-0.614019	0.858061	-8.041104	1.648949	8.041104	-2.543076	-6.305719	2.289488	6.305719	-2.898082	0.874435	
359	-0.793933	-0.576932	0.888172	-6.969691	1.302112	6.969691	-1.884409	-5.465321	1.655026	5.465321	-2.141398	0.920657	
360	-0.657138	-0.610363	0.917642	-6.666247	1.176458	6.666247	-1.568663	-4.260460	0.445443	4.260460	-0.604610	0.965271	
361	-0.579177	-0.660931	0.947956	-7.657784	1.183388	7.657784	-1.186104	-3.413552	-0.612217	3.413552	0.752561	1.008214	
362	-0.435040	-0.628061	0.978120	-8.751228	1.106147	8.751228	-0.655691	-2.187504	-1.361586	2.187504	1.741452	1.049680	
363	-0.220931	-0.517895	1.006980	-8.923890	0.884653	8.923890	-0.175422	-0.597113	-1.846865	0.597113	2.438553	1.090493	
364	-0.103005	-0.444431	1.035611	-8.164297	0.739971	8.164297	-0.064334	0.348140	-1.989484	-0.348140	2.685242	1.132322	
365	-0.216435	-0.496392	1.065964	-7.077312	0.817049	7.077312	-0.069962	0.000610	-1.742282	-0.000610	2.324690	1.176126	
366	-0.404992	-0.603692	1.098864	-6.199634	0.886334	6.199634	0.249967	-0.734105	-1.608786	0.734105	2.080351	1.221860	
367	-0.450355	-0.674300	1.134732	-5.432275	0.811632	5.432275	0.590923	-0.709645	-2.271408	0.709645	3.083986	1.269272	
368	-0.594690	-0.841533	1.175117	-4.356747	0.779658	4.356747	1.048581	-1.590545	-3.292459	1.590545	4.641625	1.317437	
369	-1.041950	-1.177744	1.220831	-3.217635	0.687221	3.217635	2.501348	-4.619678	-3.899438	4.619678	5.415219	1.364784	
370	-1.294680	-1.363516	1.268795	-2.649099	0.244748	2.649099	4.313693	-6.139281	-4.457699	6.139281	6.274548	1.410666	
371	-1.050176	-1.218134	1.314215	-2.129741	-0.285723	2.129741	4.717730	-4.132889	-5.251393	4.132889	8.051193	1.455656	
372	-0.845222	-1.093241	1.356352	-0.943074	-0.496740	0.943074	4.256809	-2.856307	-5.814855	2.856307	9.631793	1.499470	
373	-0.949477	-1.193439	1.398875	-0.896921	-0.628201	0.896921	5.255585	-4.465803	-6.302697	4.465803	10.955581	1.540322	
374	-0.886974	-1.207995	1.445214	-3.639960	-1.225324	3.639960	8.354218	-5.560195	-7.203443	5.560195	13.262375	1.577866	
375	-0.557815	-1.061879	1.497806	-6.432624	-2.302734	6.432624	12.281844	-5.069341	-8.314315	5.069341	16.230035	1.613869	
376	-0.739136	-1.343498	1.560522	-5.872058	-3.052661	5.872058	15.896276	-6.216590	-9.368538	6.216590	18.220133	1.648049	
377	-2.020208	-2.504887	1.636350	-4.294363	-2.642147	4.294363	18.841575	-10.340038	-10.415071	10.340038	18.291098	1.677564	
378	-3.836657	-4.080927	1.723304	-6.278398	-1.278162	6.278398	21.014540	-14.418986	-11.479078	14.418986	17.117364	1.702492	
379	-5.272056	-5.332092	1.817246	-10.029927	-0.005066	10.029927	22.392136	-16.673535	-12.342157	16.673535	16.076648	1.726273	
380	-6.192542	-6.157147	1.917373	-10.560539	0.482601	10.560539	23.839156	-19.083285	-12.958663	19.083285	15.914476	1.749768	
381	-6.732464	-6.667544	2.025710	-8.104085	0.150096	8.104085	26.412993	-22.051282	-13.728587	22.051282	17.294075	1.770944	
382	-6.714563	-6.701372	2.142510	-6.568886	-0.897636	6.568886	29.779898	-23.163728	-14.756031	23.163728	20.818256	1.789730	
383	-6.135687	-6.260325	2.264744	-5.271726	-2.628911	5.271726	33.470383	-22.282157	-15.887314	22.282157	26.742558	1.807538	
384	-5.194511	-5.557304	2.388574	-0.649788	-4.977876	0.649788	38.200484	-21.000218	-17.551497	21.000218	36.280083	1.824043	
385	-3.795628	-4.441846	2.510959	5.741401	-7.410208	-5.741401	42.346145	-18.299380	-18.974667	18.299380	47.237184	1.838650	
386	-1.826946	-2.562607	2.628819	10.014676	-8.855662	-10.014676	40.780759	-12.743439	-16.656139	12.743439	48.093873	1.852888	
387	0.231132	-0.241991	2.738921	13.171275	-8.790579	-13.171275	32.572666	-6.080302	-9.301008	6.080302	30.997744	1.868611	
388	1.620539	1.583280	2.839120	16.688414	-7.700563	-16.688414	23.144575	-0.741547	-1.240504	0.741547	6.573842	1.885899	
389	1.993007	2.313674	2.928302	18.259243	-6.131722	-18.259243	16.179868	1.577338	3.276371	-1.577338	-10.030121	1.904970	
390	1.542887	2.084769	3.005539	17.163885	-4.391762	-17.163885	11.510938	-0.525540	4.514958	0.525540	-16.569781	1.928146	
391	0.895420	1.548720	3.070529	15.755597	-3.085316	-15.755597	8.944358	-4.951747	4.575070	4.951747	-18.503986	1.957299	
392	0.662464	1.332678	3.124106	15.140720	-2.617931	-15.140720	8.338363	-7.031132	4.477799	7.031132	-19.264178	1.991751	
393	0.838040	1.479772	3.168079	14.864652	-2.542575	-14.864652	8.555986	-5.973451	4.484236	5.973451	-20.260572	2.030493	
394	0.996724	1.624858	3.204730	14.120199	-2.294021	-14.120199	8.616227	-4.675259	4.798122	4.675259	-22.698957	2.073102	
395	0.963001	1.595049	3.235428	11.925037	-1.896895	-11.925037	8.466153	-4.692106	5.362125	4.692106	-26.352010	2.118553	
396	0.968916	1.581316	3.259764	8.718099	-1.582124	-8.718099	8.552596	-5.083728	5.918929	5.083728	-29.631076	2.166485	
397	1.224718	1.769398	3.276660	6.740726	-1.270330	-6.740726	9.103312	-4.838409	6.440561	4.838409	-31.593391	2.217563	
398	1.562032	2.021284	3.285642	7.387665	-0.735960	-7.387665	9.794280	-4.758896	7.240277	4.758896	-33.464658	2.270695	
399	1.791791	2.211631	3.286184	9.459461	-0.089118	-9.459461	10.240067	-5.773967	8.619769	5.773967	-37.235442	2.323191	
400	2.110457	2.559261	3.277581	10.235489	0.399744	-10.235489	10.133216	-6.459174	10.561911	6.459174	-42.236741	2.373818	
401	2.587779	3.103813	3.261048	8.587681	0.694518	-8.587681	9.059331	-5.692420	12.734907	5.692420	-46.417494	2.422783	
402	2.842470	3.459985	3.239373	6.320491	0.850698	-6.320491	7.208265	-5.232580	14.713983	5.232580	-50.974368	2.470265	
403	2.840122	3.602114	3.213823	5.130994	0.957877	-5.130994	4.977674	-5.750189	16.492293	5.750189	-57.490005	2.517240	
404	3.033196	3.915822	3.185234	4.739634	1.222539	-4.739634	2.404910	-4.800031	18.103331	4.800031	-62.463920	2.565796	
405	3.399604	4.313572	3.157349	5.832658	1.703652	-5.832658	0.396301	-2.034213	18.963710	2.034213	-62.754034	2.617230	
406	3.625777	4.534965	3.133465	9.740871	2.380406	-9.740871	-0.731901	0.436017	19.135490	-0.436017	-61.833383	2.671257	
407	3.933527	4.861272	3.111018	13.797375	3.305761	-13.797375	-2.725935	2.830520	19.741581	-2.830520	-63.033202	2.727107	
408	4.442278	5.363829	3.085716	14.130061	4.161537	-14.130061	-5.290514	5.534705	20.480050	-5.534705	-63.280627	2.784329	
409	4.649095	5.506806	3.058711	12.175768	4.391546	-12.175768	-5.551497	6.195360	19.734613	-6.195360	-59.731369	2.842433	
410	4.494497	5.280019	3.032813	12.031979	4.224140	-12.031979	-3.926568	4.295339	18.032964	-4.295339	-55.644808	2.900379	
411	4.631087	5.333755	3.005643	14.005320	4.531198	-14.005320	-3.577448	3.143783	17.309330	-3.143783	-54.052965	2.957958	
412	5.086099	5.661223	2.974633	14.963544	5.307136	-14.963544	-4.438541	3.401782	17.206507	-3.401782	-52.965088	3.016630	
413	5.053192	5.562144	2.942823	13.303500	5.581792	-13.303500	-4.195949	1.067066	16.149877	-1.067066	-52.155525	3.076671	
414	4.366832	4.968917	2.912071	9.747343	5.183419	-9.747343	-2.829136	-4.934483	14.460286	4.934483	-54.442697	3.136350	
415	3.822740	4.529140	2.879516	4.639551	4.934111	-4.639551	-1.696722	-10.319147	13.226119	10.319147	-57.847321	3.195246	
416	3.655815	4.364864	2.844803	-2.088851	4.958404	2.088851	-0.424150	-13.384248	12.160076	13.384248	-58.775913	3.253836	
417	3.240229	4.010482	2.811105	-9.234265	4.581948	9.234265	2.027309	-17.045189	10.820121	17.045189	-58.907565	3.310685	
418	2.723200	3.604786	2.779672	-14.909304	4.161120	14.909304	4.821331	-20.949547	9.754200	20.949547	-59.376077	3.364485	
419	2.967746	3.702629	2.748765	-19.408425	4.785517	19.408425	7.308922	-21.804752	8.943922	21.804752	-57.651007	3.415893	
420	3.650492	4.020083	2.717919	-25.361620	5.745988	25.361620	11.381599	-22.320398	7.668662	22.320398	-53.485413	3.464920	
421	3.680235	3.873920	2.691493	-33.116158	5.449502	33.116158	17.534935	-27.840875	6.404459	27.840875	-49.497630	3.510367	
422	3.145612	3.376054	2.673486	-38.714237	4.520955	38.714237	22.965234	-36.225183	6.001530	36.225183	-46.951787	3.552714	
423	2.794715	2.967546	2.662452	-38.829029	4.443352	38.829029	26.470717	-42.150915	5.928090	42.150915	-44.612762	3.594304	
424	2.546029	2.598130	2.655786	-34.815119	4.846526	34.815119	28.772504	-46.046419	5.930770	46.046419	-42.016610	3.636008	
425	2.076830	2.142807	2.651648	-29.618176	4.988653	29.618176	29.006170	-48.986078	6.786828	48.986078	-40.882892	3.676124	
426	1.747354	1.789266	2.647128	-24.673105	5.197419	24.673105	28.064454	-48.691211	7.544541	48.691211	-39.717602	3.713645	
427	1.816104	1.605105	2.640970	-20.530799	5.365492	20.530799	29.206349	-46.301109	6.374526	46.301109	-34.822205	3.749756	
428	1.768639	1.362607	2.634022	-17.747911	4.752478	17.747911	31.125518	-45.993170	4.843074	45.993170	-28.727780	3.784469	
429	1.297332	0.995840	2.626352	-17.281329	3.546884	17.281329	30.657602	-47.472583	5.230119	47.472583	-25.817127	3.815896	
430	0.936958	0.734689	2.618897	-19.639243	2.750293	19.639243	30.452782	-47.595769	5.719735	47.595769	-24.190185	3.843719	
431	1.053087	0.678113	2.616474	-23.773443	2.586352	23.773443	34.369114	-47.513017	4.263979	47.513017	-21.098893	3.868391	
432	1.326150	0.682501	2.627068	-28.617793	2.353148	28.617793	41.422339	-50.585955	1.983646	50.585955	-17.317085	3.888302	
433	1.545787	0.667095	2.654956	-35.308841	1.875689	35.308841	47.428436	-54.852350	0.280711	54.852350	-14.443521	3.902108	
434	1.664436	0.610604	2.691617	-45.177461	1.770280	45.177461	46.299007	-54.877575	0.689422	54.877575	-14.786165	3.910663	
435	1.357925	0.423233	2.720667	-55.902632	2.105175	55.902632	35.104711	-51.169168	4.937059	51.169168	-19.110843	3.914990	
436	0.819863	0.185720	2.735866	-63.166135	2.285005	63.166135	22.639157	-49.344416	10.107280	49.344416	-22.568743	3.916097	
437	0.956916	0.165650	2.745257	-64.168127	1.991950	64.168127	21.279647	-49.561693	10.495981	49.561693	-19.697959	3.915330	
438	1.798039	0.377178	2.756864	-58.892422	1.268573	58.892422	29.168943	-47.849403	6.611004	47.849403	-12.138046	3.912482	
439	2.436137	0.591866	2.771094	-51.513603	0.350378	51.513603	35.321310	-44.920740	3.434153	44.920740	-5.101781	3.906331	
440	2.796424	0.792061	2.786470	-47.438408	-0.535418	47.438408	37.652586	-42.761177	1.412768	42.761177	0.762689	3.896529	
441	3.281854	1.080289	2.804478	-48.114546	-1.446494	48.114546	39.313985	-40.720305	-1.031653	40.720305	7.053177	3.883204	
442	3.310677	1.303586	2.828683	-52.773130	-2.350838	52.773130	36.881161	-41.258597	-1.013932	41.258597	11.241007	3.866072	
443	2.484073	1.320804	2.862502	-60.834101	-2.927257	60.834101	29.316266	-48.910727	2.976027	48.910727	11.324668	3.844003	
444	1.894468	1.367127	2.909085	-69.703669	-3.214736	69.703669	26.614839	-60.682603	5.124305	60.682603	12.348070	3.816858	
445	2.262407	1.627456	2.969968	-75.529251	-3.449671	75.529251	34.216150	-68.362210	1.132939	68.362210	18.084974	3.786972	
446	2.517143	1.825968	3.041142	-78.371092	-3.217589	78.371092	40.824800	-69.742502	-3.393204	69.742502	22.571804	3.754496	
447	1.916633	1.751421	3.114680	-82.837111	-2.419689	82.837111	36.373887	-68.553981	-2.445657	68.553981	21.540951	3.715973	
448	1.630147	1.749485	3.186865	-90.468308	-2.150241	90.468308	31.793842	-67.686598	-1.378966	67.686598	22.767234	3.671439	
449	2.567110	2.121766	3.262210	-94.850930	-3.005915	94.850930	41.397912	-67.899394	-7.355592	67.899394	32.253180	3.624999	
450	3.547559	2.495779	3.344591	-89.949096	-4.148133	89.949096	54.849600	-68.550285	-14.594371	68.550285	42.091322	3.577926	
451	3.323127	2.452103	3.427644	-80.291654	-5.184097	80.291654	52.518112	-67.216675	-13.775853	67.216675	44.743714	3.530004	
452	2.473337	2.227213	3.501936	-74.475838	-6.945166	74.475838	36.394610	-61.247553	-7.595794	61.247553	45.353818	3.484261	
453	1.885538	2.126326	3.565950	-73.154075	-9.061629	73.154075	20.580023	-53.114515	-3.482887	53.114515	48.322054	3.442292	
454	1.394988	1.970180	3.621776	-73.848616	-9.320606	73.848616	8.779877	-50.203436	-1.596903	50.203436	48.431242	3.400659	
455	0.813832	1.707060	3.669757	-76.820544	-8.069350	76.820544	-1.151872	-52.634121	0.471321	52.634121	45.760763	3.356884	
456	0.551886	1.709543	3.712424	-78.850291	-9.061962	78.850291	-7.645946	-50.548571	0.881791	50.548571	49.949201	3.312563	
457	0.732863	2.017679	3.752661	-74.054237	-12.719023	74.054237	-9.274880	-41.743175	-2.130445	41.743175	60.878823	3.268974	
458	0.863709	2.184590	3.790149	-65.517970	-14.995725	65.517970	-8.276555	-37.433361	-5.538928	37.433361	67.166398	3.225289	
459	0.660370	2.115543	3.826363	-63.256722	-15.112633	63.256722	-6.903109	-41.960247	-6.794293	41.960247	67.788708	3.182222	
460	0.405940	2.136865	3.864410	-67.346100	-16.072050	67.346100	-5.219306	-45.823925	-7.917295	45.823925	71.092165	3.143364	
461	0.396441	2.282908	3.902713	-68.091317	-17.751858	68.091317	-2.346442	-45.531808	-10.581544	45.531808	75.753280	3.110990	
462	0.564612	2.352048	3.937928	-64.095536	-17.794154	64.095536	1.736559	-47.529429	-13.373839	47.529429	75.827387	3.084655	
463	0.665360	2.362056	3.970098	-62.354954	-16.864347	62.354954	6.084167	-51.374480	-15.180204	51.374480	73.820872	3.065009	
464	0.715040	2.498856	3.999764	-62.356192	-17.349494	62.356192	11.093729	-51.120588	-17.105514	51.120588	75.185575	3.053497	
465	0.987878	2.902784	4.027467	-59.375255	-19.343180	59.375255	18.493688	-50.347080	-20.652862	50.347080	81.468386	3.049318	
466	1.420495	3.467553	4.056372	-56.284213	-21.149487	56.284213	27.179177	-54.842429	-25.160167	54.842429	89.992576	3.051231	
467	1.615907	3.874746	4.087331	-56.946375	-22.295290	56.946375	33.780246	-58.919354	-28.491145	58.919354	95.441527	3.059297	
468	1.507645	4.030019	4.117670	-57.398183	-23.675513	57.398183	38.048852	-57.611918	-30.224848	57.611918	96.302234	3.073950	
469	1.275713	4.021375	4.148064	-52.361352	-25.053706	52.361352	41.002449	-56.825413	-31.070721	56.825413	94.118752	3.095309	
470	0.806440	3.684789	4.178045	-42.132410	-25.997807	42.132410	41.070437	-58.833587	-29.932763	58.833587	86.420981	3.120859	
471	0.031568	2.913873	4.198238	-29.156928	-27.755235	29.156928	38.401580	-57.033367	-25.679648	57.033367	71.483647	3.146265	
472	-0.652914	2.023405	4.198047	-15.596922	-29.758770	15.596922	35.003938	-50.035589	-19.388657	50.035589	52.926841	3.171052	
473	-1.017243	1.282869	4.176140	-5.840862	-29.522897	5.840862	30.391725	-44.616099	-12.569988	44.616099	34.874025	3.197488	
474	-1.333099	0.647783	4.140779	-3.138583	-27.882787	3.138583	24.629122	-43.953718	-6.038702	43.953718	20.031905	3.225850	
475	-1.646379	0.089071	4.100826	-5.026143	-26.425036	5.026143	18.683577	-42.909849	0.433021	42.909849	7.697152	3.256605	
476	-1.663778	-0.296039	4.056973	-7.949962	-23.697605	7.949962	11.544371	-37.232229	7.382983	37.232229	-4.772515	3.292221	
477	-1.497598	-0.531832	4.007074	-13.154078	-19.702014	13.154078	3.691645	-31.036792	13.714659	31.036792	-15.218434	3.336343	
478	-1.565863	-0.874787	3.953801	-23.146331	-16.517986	23.146331	-4.148826	-28.953783	19.597948	28.953783	-22.417663	3.394503	
479	-1.837906	-1.433519	3.899368	-34.816233	-14.697320	34.816233	-12.442372	-28.902200	26.770116	28.902200	-29.615107	3.469231	
480	-1.982004	-1.911654	3.844271	-42.385801	-15.007614	42.385801	-16.257089	-29.735807	32.268354	29.735807	-34.414321	3.554829	
481	-1.999892	-2.142773	3.793463	-45.840547	-19.285643	45.840547	-10.884485	-34.069716	32.778579	34.069716	-33.009718	3.643449	
482	-2.021736	-2.336201	3.751764	-47.888341	-27.345751	47.888341	-0.586833	-40.214881	31.874969	40.214881	-30.393882	3.732131	
483	-1.901487	-2.526699	3.717119	-47.025874	-37.092799	47.025874	10.360011	-43.693191	32.450624	43.693191	-31.163463	3.821405	
484	-1.621434	-2.581017	3.686908	-43.712304	-47.464094	43.712304	23.198430	-46.305903	32.466090	46.305903	-32.387429	3.908723	
485	-1.570400	-2.731420	3.663861	-44.173307	-59.170421	44.173307	37.141899	-53.358841	33.032021	53.358841	-33.318437	3.985846	
486	-1.947351	-3.239337	3.651342	-51.123838	-72.790398	51.123838	49.731670	-65.610867	37.217767	65.610867	-37.008204	4.049217	
487	-2.451642	-3.804493	3.650898	-62.982888	-87.387609	62.982888	63.106150	-81.238396	41.643618	81.238396	-40.918888	4.104735	
488	-2.869510	-4.146007	3.664002	-82.552003	-101.157152	82.552003	78.378710	-99.676945	42.816297	99.676945	-41.758351	4.151342	
489	-3.396052	-4.583833	3.689706	-113.715582	-114.059440	113.715582	91.988839	-120.722248	44.788975	120.722248	-43.594148	4.178464	
490	-4.137730	-5.307030	3.725936	-153.154740	-128.060887	153.154740	104.476605	-144.235185	49.699390	144.235185	-48.587684	4.191738	
491	-4.770845	-5.863768	3.774348	-194.226999	-142.232354	194.226999	119.336479	-168.699464	52.287078	168.699464	-51.445106	4.215084	
492	-5.071555	-6.013999	3.836289	-235.931356	-153.977707	235.931356	135.068381	-192.286575	50.424211	192.286575	-50.157577	4.257271	
493	-5.341463	-6.216549	3.908191	-281.514478	-165.970544	281.514478	149.953254	-216.540016	48.991209	216.540016	-49.716354	4.303888	
494	-5.787061	-6.689181	3.985211	-327.777098	-181.628483	327.777098	165.945117	-242.289328	49.504682	242.289328	-51.630773	4.344416	
495	-6.245517	-7.069733	4.064872	-368.479413	-199.061403	368.479413	184.159857	-269.011197	47.814526	269.011197	-51.628807	4.378181	
496	-6.847690	-7.398610	4.148582	-410.607745	-218.124866	410.607745	204.635826	-302.597806	44.307188	302.597806	-50.335286	4.395707	
497	-7.798935	-8.069365	4.239509	-466.513665	-241.972994	466.513665	227.929880	-346.483679	43.464636	346.483679	-52.978653	4.380224	
498	-8.854850	-8.969766	4.337581	-531.639131	-269.195008	531.639131	253.758082	-394.007922	44.966719	394.007922	-59.385245	4.328476	
499	-9.916556	-9.871675	4.441584	-592.603842	-295.142217	592.603842	280.064000	-443.686394	46.867121	443.686394	-67.333531	4.255962	
500	-11.056774	-10.810749	4.552483	-649.372897	-317.287326	649.372897	305.247324	-498.085469	49.582596	498.085469	-77.483383	4.177724	
501	-12.050553	-11.715567	4.669990	-709.485580	-335.434148	709.485580	330.728058	-551.530755	52.175930	551.530755	-88.657991	4.097685	
502	-12.959803	-12.637981	4.794261	-768.496829	-351.008026	768.496829	357.724975	-604.495848	54.279837	604.495848	-100.394827	4.022876	
503	-14.104758	-13.742690	4.930830	-816.505596	-364.586473	816.505596	383.971753	-665.047776	57.614044	665.047776	-115.040249	3.961845	
504	-15.339320	-14.875348	5.085992	-854.445448	-375.639845	854.445448	407.990057	-729.065595	61.776348	729.065595	-131.611594	3.904143	
505	-16.518107	-15.988607	5.262822	-883.927446	-385.782581	883.927446	430.704206	-789.607220	65.603476	789.607220	-148.353195	3.832930	
506	-17.772143	-17.222679	5.464709	-896.123145	-395.580744	896.123145	450.998850	-849.668952	69.548125	849.668952	-165.825546	3.752053	
507	-19.021799	-18.454839	5.696374	-886.598645	-403.665635	886.598645	468.551520	-912.151605	73.621900	912.151605	-182.610147	3.675419	
508	-20.195167	-19.656762	5.962411	-860.769736	-412.408249	860.769736	487.893840	-977.660351	77.210387	977.660351	-196.857818	3.604046	
509	-21.381097	-20.968888	6.266549	-820.359700	-423.864150	820.359700	510.854171	-1045.522369	80.303628	1045.522369	-208.202225	3.531361	
510	-22.593774	-22.392084	6.610697	-763.785966	-436.416038	763.785966	535.545792	-1114.871941	83.863253	1114.871941	-216.556061	3.454155	
511	-23.956940	-24.119104	6.996143	-692.165966	-451.304966	692.165966	564.407057	-1190.079108	88.188210	1190.079108	-222.557127	3.367046	
512	-25.659767	-26.412813	7.423853	-606.946920	-469.267892	606.946920	597.198538	-1270.814900	92.413063	1270.814900	-226.266588	3.260980	
513	-27.737512	-29.231637	7.892215	-512.198865	-486.255488	512.198865	626.520851	-1348.006514	96.775297	1348.006514	-227.425163	3.136001	
514	-30.199461	-32.534000	8.396989	-415.971077	-499.866172	415.971077	648.468875	-1410.808166	98.737064	1410.808166	-223.376026	3.004053	
515	-32.980549	-36.196779	8.930788	-324.717234	-505.599575	324.717234	657.224923	-1439.120229	91.851725	1439.120229	-207.784342	2.872771	
516	-35.916150	-39.821068	9.481444	-239.135069	-493.545736	239.135069	637.588789	-1412.039120	73.530890	1412.039120	-178.107476	2.741700	
517	-38.920636	-43.107954	10.034963	-155.409177	-459.013194	155.409177	579.222993	-1324.239883	43.048389	1324.239883	-134.495602	2.618767	
518	-41.830248	-45.745705	10.578099	-71.227969	-404.219972	71.227969	482.378189	-1176.750810	1.341641	1176.750810	-78.308332	2.519944	
519	-44.316519	-47.254064	11.096486	12.424382	-335.168683	-12.424382	355.637909	-981.575703	-41.791337	981.575703	-19.974869	2.448797	
520	-46.173865	-47.447737	11.575111	95.375015	-264.498423	-95.375015	220.725870	-774.796228	-76.247638	774.796228	28.089755	2.394389	
521	-47.133199	-46.263000	12.000250	173.382620	-208.636445	-173.382620	109.550662	-604.679813	-97.104253	604.679813	58.333210	2.346714	
522	-46.407240	-43.322065	12.357989	227.900574	-180.963885	-227.900574	55.070907	-513.303078	-101.498720	513.303078	65.310622	2.297731	
523	-42.940701	-38.321861	12.634125	239.171214	-182.579070	-239.171214	73.687521	-508.198960	-93.973296	508.198960	55.283688	2.233203	
524	-35.705650	-31.283165	12.819513	217.244664	-194.259176	-217.244664	153.638425	-542.808314	-83.691928	542.808314	46.310553	2.142681	
525	-24.156173	-22.778006	12.922909	206.748481	-186.034851	-206.748481	263.065499	-535.380990	-73.315360	535.380990	51.692467	2.034840	
526	-9.506274	-14.495952	12.983854	256.657021	-138.991482	-256.657021	353.452224	-410.269063	-50.911036	410.269063	51.950756	1.928319	
527	5.430901	-8.466507	13.057017	381.659839	-54.415948	-381.659839	371.863077	-151.512942	5.942643	151.512942	-22.752726	1.832669	
528	18.087217	-5.428261	13.162796	525.055048	59.067421	-525.055048	274.563774	191.294183	115.987757	-191.294183	-247.694822	1.748101	
529	27.371147	-4.230867	13.258607	583.402785	202.776380	-583.402785	22.757152	561.978305	294.646904	-561.978305	-646.773686	1.673589	
530	34.151687	-2.309690	13.266219	514.339680	379.731181	-514.339680	-406.300341	913.148353	574.586030	-913.148353	-1161.983662	1.604344	
531	40.001161	2.621579	13.111511	390.443603	554.260212	-390.443603	-983.278229	1167.345302	988.889032	-1167.345302	-1630.685916	1.531995	
532	44.422617	10.361417	12.770634	323.959716	642.619000	-323.959716	-1599.589652	1220.907298	1471.777230	-1220.907298	-1857.097929	1.457778	
533	45.215525	18.419654	12.315212	347.991194	594.855884	-347.991194	-2096.744331	1039.657985	1835.713811	-1039.657985	-1794.719415	1.393412	
534	42.154673	24.759320	11.855804	388.077562	452.109623	-388.077562	-2369.833471	753.160608	1957.502110	-753.160608	-1578.531231	1.340958	
535	37.331295	28.919751	11.432136	354.369926	292.169178	-354.369926	-2423.569760	550.036054	1885.601438	-550.036054	-1341.615139	1.292648	
536	32.103610	30.949998	11.005096	252.976413	165.994755	-252.976413	-2304.297430	494.230208	1693.857358	-494.230208	-1101.244409	1.252494	
537	26.169908	30.776842	10.543946	175.112664	83.593104	-175.112664	-2032.868997	526.190206	1378.871457	-526.190206	-814.537891	1.226568	
538	19.582441	29.045175	10.066580	172.416573	42.181796	-172.416573	-1686.176097	576.635508	979.239994	-576.635508	-517.025834	1.196512	
539	13.905775	27.652096	9.572168	231.530308	31.900804	-231.530308	-1467.574800	620.079505	654.240744	-620.079505	-319.525967	1.140584	
540	10.025420	27.192510	9.032236	269.045295	31.419546	-269.045295	-1453.029776	638.751196	477.352878	-638.751196	-227.886966	1.065959	
541	6.475985	25.497694	8.491734	181.661474	43.458703	-181.661474	-1396.896128	611.091478	353.239023	-611.091478	-158.567120	0.990714	
542	2.670438	21.657251	8.054827	121.787069	75.002830	-121.787069	-1047.204873	582.663845	240.463545	-582.663845	-95.735450	0.915494	
543	1.330220	18.281344	7.757236	245.875611	96.826165	-245.875611	-475.997417	614.105050	161.023583	-614.105050	-56.495482	0.834813	
544	3.840860	16.959433	7.567704	333.198560	88.154636	-333.198560	50.866097	678.493536	64.825192	-678.493536	-17.904592	0.754307	
545	7.393805	15.970496	7.490616	334.589667	59.872019	-334.589667	387.034102	680.979547	-77.853945	-680.979547	38.303628	0.680237	
546	10.004395	14.062678	7.551610	367.306860	33.505029	-367.306860	492.941743	600.920699	-195.875072	-600.920699	86.948879	0.610011	
547	12.519429	11.737337	7.685234	387.651812	57.674591	-387.651812	296.088683	565.961413	-213.680761	-565.961413	81.205654	0.547002	
548	14.643316	8.953759	7.755184	331.844550	151.035675	-331.844550	-124.254153	633.308295	-141.442760	-633.308295	15.152078	0.507226	
549	15.039845	5.527571	7.696309	218.367189	254.326093	-218.367189	-517.334831	719.523086	-49.373276	-719.523086	-56.624878	0.498563	
550	14.341291	2.529515	7.536856	111.154253	323.115773	-111.154253	-755.004173	778.582374	10.815956	-778.582374	-96.097351	0.510794	
551	13.503294	0.712637	7.308798	103.953549	353.904201	-103.953549	-849.933040	826.980610	37.290002	-826.980610	-109.171027	0.530461	
552	11.388786	-0.707766	7.030353	230.978396	328.283481	-230.978396	-802.087833	834.618958	38.835796	-834.618958	-96.989203	0.550162	
553	6.979546	-2.574260	6.739504	398.408075	244.282128	-398.408075	-637.801778	766.259563	20.764278	-766.259563	-57.640111	0.565669	
554	1.344617	-4.785930	6.475870	508.893061	145.190841	-508.893061	-443.939455	649.753968	-0.819538	-649.753968	-8.429081	0.574239	
555	-4.276169	-7.051651	6.257194	547.331815	63.822818	-547.331815	-277.076909	513.203861	-19.648739	-513.203861	36.032063	0.576632	
556	-9.241572	-9.117391	6.096495	538.406949	1.487871	-538.406949	-135.516170	364.879865	-47.508989	-364.879865	75.539433	0.575968	
557	-11.998352	-10.302176	6.006387	505.953870	-34.729905	-505.953870	-30.294142	241.328564	-78.232877	-241.328564	100.389906	0.571935	
558	-11.022649	-10.005779	5.978901	460.365832	-33.647299	-460.365832	-0.018547	176.961852	-83.007761	-176.961852	90.614213	0.563739	
559	-6.993988	-8.427538	5.982125	407.484160	-1.878336	-407.484160	-46.903857	164.384541	-54.219292	-164.384541	47.422335	0.555372	
560	-1.631707	-5.983378	5.971499	364.240905	44.799905	-364.240905	-133.558915	196.717014	-7.746477	-196.717014	-7.722490	0.548230	
561	4.598037	-2.592587	5.894054	344.228397	96.748714	-344.228397	-245.010201	278.656990	54.975470	-278.656990	-66.728079	0.536733	
562	10.724933	1.293345	5.706425	337.180254	147.750672	-337.180254	-363.679025	372.766744	128.243476	-372.766744	-121.112598	0.518281	
563	13.386995	4.001766	5.420150	327.179164	173.076422	-327.179164	-414.952678	414.270283	168.792609	-414.270283	-135.114605	0.498436	
564	11.330456	4.848912	5.105534	311.673142	152.443196	-311.673142	-366.335162	393.830449	156.044378	-393.830449	-97.498228	0.482233	
565	8.639082	5.288899	4.820607	287.096513	118.857146	-287.096513	-303.861527	358.269096	136.648243	-358.269096	-56.426450	0.468757	
566	8.194893	5.932714	4.573307	242.931905	105.983926	-242.931905	-285.698911	322.345197	137.043329	-322.345197	-47.263077	0.458142	
567	7.022705	5.330902	4.372997	184.874952	89.849251	-184.874952	-248.655046	255.079360	115.832588	-255.079360	-42.191106	0.454571	
568	3.290475	3.388646	4.252272	140.043791	50.424601	-140.043791	-156.153615	165.565183	60.924104	-165.565183	-15.037724	0.452979	
569	0.634662	2.187522	4.211906	122.810448	16.566364	-122.810448	-82.334013	110.162744	25.652349	-110.162744	6.597695	0.442313	
570	1.051192	2.260239	4.208342	116.780581	11.052933	-116.780581	-72.155684	98.437094	28.083396	-98.437094	0.084441	0.429429	
571	1.486823	2.064209	4.213063	111.016276	14.138602	-111.016276	-72.480305	95.611344	28.049249	-95.611344	-7.496539	0.425357	
572	0.746316	1.572781	4.222139	114.337916	10.737400	-114.337916	-60.520321	98.046626	18.175406	-98.046626	-0.763535	0.423479	
573	2.044675	2.434111	4.204988	124.300651	21.681286	-124.300651	-91.623920	127.577390	33.996054	-127.577390	-11.851369	0.421479	
574	6.308067	4.551028	4.116028	129.701160	57.976051	-129.701160	-172.724268	172.521268	75.258633	-172.521268	-54.196889	0.426234	
575	9.969530	6.168714	3.954470	130.530011	92.844960	-130.530011	-233.334412	198.203233	103.626957	-198.203233	-91.597293	0.429755	
576	10.882329	6.841085	3.759892	128.626804	102.849746	-128.626804	-239.163400	198.372199	106.036772	-198.372199	-98.691312	0.415412	
577	10.498229	7.211380	3.563078	120.941556	96.209441	-120.941556	-218.533535	187.875527	98.242553	-187.875527	-90.618334	0.386877	
578	9.588370	6.948330	3.375861	106.335815	85.335690	-106.335815	-188.443683	165.492043	84.436545	-165.492043	-79.873470	0.365781	
579	7.119584	5.465754	3.217965	88.746708	67.160969	-88.746708	-139.551844	126.331768	58.199860	-126.331768	-58.015966	0.359778	
580	4.123715	3.784589	3.106912	74.060428	45.273296	-74.060428	-88.362722	89.699486	31.532782	-89.699486	-31.603556	0.358358	
581	3.327925	3.352625	3.020186	64.582537	36.057007	-64.582537	-69.515645	74.040829	23.375203	-74.040829	-24.487103	0.361195	
582	4.366720	3.708087	2.920347	58.331837	40.200068	-58.331837	-77.040652	67.561590	27.709547	-67.561590	-34.622897	0.377194	
583	4.778748	3.683389	2.806237	54.633217	42.108083	-54.633217	-79.141077	56.798800	27.844210	-56.798800	-39.125084	0.398401	
584	4.620385	3.592129	2.693182	53.445327	38.164477	-53.445327	-72.021891	49.210976	24.632295	-49.210976	-36.176249	0.405190	
585	5.082521	3.967361	2.576878	50.950621	35.549898	-50.950621	-67.710847	48.264090	24.421147	-48.264090	-36.846674	0.395776	
586	5.456823	4.218470	2.452979	43.152186	33.429726	-43.152186	-63.417387	43.879139	23.617571	-43.879139	-37.553711	0.381829	
587	5.185719	4.117436	2.334693	31.232735	29.086774	-31.232735	-56.167060	34.626021	20.007496	-34.626021	-33.480736	0.365825	
588	5.462645	4.380114	2.227037	18.636193	28.436210	-18.636193	-55.469756	30.517612	18.738713	-30.517612	-32.880334	0.345910	
589	6.805603	5.147663	2.113385	7.620136	35.138789	-7.620136	-65.075786	35.120579	21.884963	-35.120579	-40.152413	0.328192	
590	7.996954	5.731474	1.982720	0.577212	42.456921	-0.577212	-74.498280	42.054826	24.780085	-42.054826	-46.510947	0.320612	
591	8.132662	5.781730	1.846370	-1.317051	43.958079	1.317051	-74.866134	45.100820	23.776813	-45.100820	-45.279035	0.323019	
592	7.518650	5.448535	1.720934	0.290222	40.656258	-0.290222	-67.814450	43.185772	20.222413	-43.185772	-39.498731	0.332406	
593	6.455754	4.771534	1.616448	3.723214	34.755997	-3.723214	-56.428282	37.264961	15.922865	-37.264961	-32.285533	0.347332	
594	4.936856	3.790826	1.540485	7.549573	26.868486	-7.549573	-41.792796	28.669623	10.925730	-28.669623	-23.545717	0.361717	
595	3.493788	2.892443	1.493721	9.392739	19.578673	-9.392739	-28.859986	20.700886	6.543287	-20.700886	-15.718004	0.365339	
596	2.675555	2.315739	1.465164	9.442241	15.021395	-9.442241	-21.138797	14.695823	4.250883	-14.695823	-11.571813	0.353231	
597	2.113443	1.827748	1.444278	10.635639	11.342281	-10.635639	-15.258904	9.947792	2.925612	-9.947792	-8.963908	0.328169	
598	1.667202	1.509261	1.425671	12.728942	8.110079	-12.728942	-11.160965	8.729618	1.855545	-8.729618	-6.772565	0.296475	
599	2.126252	1.823030	1.395837	12.797288	8.815158	-12.797288	-13.928926	11.730011	2.468577	-11.730011	-8.716433	0.268002	
600	3.417746	2.496888	1.339919	10.622449	13.182802	-10.622449	-21.537225	14.534186	4.631788	-14.534186	-14.326844	0.253396	
601	4.249053	2.799675	1.261780	8.213967	16.013020	-8.213967	-26.595382	14.881819	6.078348	-14.881819	-17.536810	0.254407	
602	4.310495	2.817488	1.174321	6.830032	15.774271	-6.830032	-28.406627	15.456299	6.433181	-15.456299	-17.246898	0.263366	
603	4.376450	2.911328	1.083580	6.907213	14.654335	-6.907213	-29.312039	16.204834	7.014324	-16.204834	-16.990330	0.273497	
604	4.207625	2.658594	1.001447	8.392470	11.887310	-8.392470	-26.184226	13.549795	7.090842	-13.549795	-15.838914	0.281932	
605	2.985144	1.773276	0.946835	10.345696	6.250385	-10.345696	-17.886994	9.018369	5.481350	-9.018369	-11.147902	0.282593	
606	1.473308	1.002287	0.922266	11.499304	1.238330	-11.499304	-10.946447	7.133832	3.882175	-7.133832	-6.128273	0.271165	
607	1.172120	0.987747	0.912231	11.298879	0.406530	-11.298879	-9.439115	6.697088	3.982119	-6.697088	-5.299239	0.254151	
608	1.696159	1.243975	0.904399	10.964706	1.564315	-10.964706	-9.617774	4.982975	4.521970	-4.982975	-6.629459	0.239547	
609	1.623125	1.154768	0.900316	11.321799	1.271368	-11.321799	-8.883261	4.164265	4.353136	-4.164265	-6.203547	0.223802	
610	1.354886	1.096772	0.898385	10.644454	0.960086	-10.644454	-10.186363	5.707214	4.583743	-5.707214	-5.669169	0.204569	
611	2.163269	1.555452	0.884055	7.869211	3.056194	-7.869211	-13.984317	6.300630	5.613665	-6.300630	-7.592695	0.193998	
612	3.409833	2.060553	0.849836	4.698452	5.700935	-4.698452	-15.942130	4.611004	6.027529	-4.611004	-9.554947	0.197089	
613	3.684858	2.116200	0.808112	2.613261	6.321122	-2.613261	-15.163241	3.254279	5.605516	-3.254279	-9.068477	0.197069	
614	3.328251	2.096965	0.769814	1.157568	5.846107	-1.157568	-15.058102	3.415026	5.762614	-3.415026	-8.002646	0.184721	
615	3.359293	2.318001	0.734999	0.199221	5.723170	-0.199221	-16.079550	3.532014	6.499193	-3.532014	-7.892997	0.172421	
616	3.484935	2.446456	0.706888	-0.316917	5.420120	0.316917	-16.489717	3.206721	6.702774	-3.206721	-7.569407	0.170012	
617	3.056075	2.343406	0.686413	-0.905118	4.558694	0.905118	-17.439986	4.105765	6.895926	-4.105765	-6.814580	0.172197	
618	2.444171	2.252660	0.663572	-1.415597	3.680530	1.415597	-19.365541	5.859394	7.667179	-5.859394	-6.570825	0.171946	
619	2.149043	2.087873	0.635775	-0.836282	2.900795	0.836282	-18.466372	6.055014	7.398232	-6.055014	-6.076036	0.171808	
620	1.890547	1.598126	0.614576	1.368379	0.000000	-1.368379	-12.811987	4.238979	5.102069	-4.238979	-4.284014	0.175134	
621	1.413570	1.005823	0.606863	4.071225	1.116426	-4.071225	-5.929379	2.413472	2.566590	-2.413472	-2.235122	0.176180	
622	1.076417	0.702472	0.610557	5.186395	0.000000	-5.186395	-0.920662	1.222200	1.263921	-1.222200	-1.126427	0.170321	
623	1.148505	0.698116	0.625460	4.015812	0.000000	-4.015812	2.407199	-0.479429	0.626651	0.479429	-0.549657	0.160271	
624	1.428789	0.847707	0.652652	1.465463	0.000000	-1.465463	3.880174	-2.275631	0.330575	2.275631	-0.202716	0.147214	
625	1.721320	1.121765	0.689073	-0.956766	0.000000	0.956766	2.867410	-2.814187	0.681209	2.814187	-0.544649	0.127909	
626	1.984259	1.397586	0.731903	-1.852338	0.859549	1.852338	0.755732	-2.553750	1.172167	2.553750	-1.150469	0.103221	
627	2.121468	1.494832	0.782690	-1.445645	0.000000	1.445645	-0.663761	-2.479796	1.225705	2.479796	-1.210633	0.081780	
628	2.156925	1.526226	0.840001	-0.936327	0.000000	0.936327	-1.618419	-2.422429	1.296695	2.422429	-1.273355	0.072422	
629	2.360168	1.770875	0.894926	-0.508312	0.000000	0.508312	-3.040529	-1.949425	1.889558	1.949425	-2.097958	0.074586	
630	2.807500	2.191323	0.938655	0.220876	0.000000	-0.220876	-4.744431	-0.759944	2.602931	0.759944	-3.001472	0.081634	
631	3.211150	2.505803	0.968424	1.084866	0.672223	-1.084866	-6.081070	1.164001	2.909139	-1.164001	-3.191664	0.089096	
632	3.417186	2.670824	0.985315	1.555983	0.000000	-1.555983	-6.716101	2.891071	2.985561	-2.891071	-3.175288	0.095873	
633	3.510952	2.798256	0.993092	1.433965	0.591514	-1.433965	-6.362425	3.158462	3.117270	-3.158462	-3.479919	0.101982	
634	3.427562	2.777061	0.999184	1.010618	0.000000	-1.010618	-5.149959	2.104654	3.035687	-2.104654	-3.536867	0.106946	
635	3.164657	2.554196	1.011300	0.943580	0.252328	-0.943580	-4.118272	1.233900	2.552897	-1.233900	-2.854045	0.110551	
636	3.072218	2.399655	1.032485	1.653864	0.000000	-1.653864	-3.972062	1.126061	1.936136	-1.126061	-1.618320	0.112364	
637	3.204982	2.374478	1.063348	2.478554	0.000000	-2.478554	-4.157275	1.134657	1.320829	-1.134657	-0.005273	0.110608	
638	3.082720	2.213101	1.103586	1.993458	0.000000	-1.993458	-4.220381	1.180160	0.819217	-1.180160	1.111801	0.104230	
639	2.605227	1.943906	1.148822	-0.192545	0.000000	0.192545	-4.241376	1.361204	0.732182	-1.361204	0.470786	0.095249	
640	2.166452	1.765866	1.194776	-2.993331	0.000000	2.993331	-3.785217	0.904999	0.871871	-0.904999	-1.100519	0.086659	
641	1.695270	1.511060	1.240483	-5.371688	0.000000	5.371688	-2.995573	-0.227735	0.886566	0.227735	-2.356580	0.079653	
642	0.853206	1.055134	1.279260	-7.218025	0.000000	7.218025	-3.347721	-0.946155	1.202226	0.946155	-5.077773	0.075029	
643	0.152726	0.794769	1.299631	-8.625994	0.000000	8.625994	-4.616375	-1.326736	1.927224	1.326736	-9.568369	0.075248	
644	0.402477	1.018090	1.304467	-9.317429	-0.979713	9.317429	-4.495425	-2.205489	2.032872	2.205489	-11.037317	0.083149	
645	1.165851	1.343544	1.310629	-9.367930	-1.286926	9.367930	-3.095689	-2.797440	1.256330	2.797440	-8.010552	0.100169	
646	1.481764	1.418767	1.323658	-9.365734	-1.346090	9.365734	-2.715233	-2.020318	0.712747	2.020318	-5.881230	0.126936	
647	1.719602	1.564209	1.337018	-9.291356	-1.584371	9.291356	-2.563057	-1.333247	0.541290	1.333247	-5.807479	0.163612	
648	2.674811	2.032107	1.356900	-8.483034	-2.603555	8.483034	0.154406	-2.291398	-0.403361	2.291398	-2.347124	0.208370	
649	3.567145	2.348550	1.397940	-7.372618	-3.639453	7.372618	3.907967	-3.616081	-1.799159	3.616081	3.373777	0.257060	
650	3.227057	2.139883	1.454777	-7.640570	-3.571419	7.640570	4.468730	-4.275560	-1.788295	4.275560	2.970626	0.304755	
651	2.295255	1.774094	1.509548	-9.817222	-2.910353	9.817222	2.965561	-5.875366	-0.606343	5.875366	-2.423684	0.345518	
652	1.960784	1.566029	1.565065	-12.444157	-2.615226	12.444157	4.046954	-8.732700	-0.573303	8.732700	-2.441321	0.371959	
653	1.831289	1.317984	1.633699	-14.380688	-2.318542	14.380688	6.134936	-9.908250	-1.424440	9.908250	1.784400	0.380144	
654	1.201205	1.014049	1.702426	-15.677575	-1.580002	15.677575	4.302221	-8.528790	-0.729520	8.528790	-0.580414	0.373827	
655	0.819910	0.985436	1.750372	-15.647694	-1.212346	15.647694	1.315780	-7.834549	0.583170	7.834549	-6.839773	0.359230	
656	1.359764	1.216974	1.783787	-13.297019	-1.666388	13.297019	2.327434	-8.322600	-0.185454	8.322600	-5.870286	0.341228	
657	1.840221	1.290633	1.814584	-10.255645	-1.949732	10.255645	3.594759	-6.773663	-1.551995	6.773663	-1.855655	0.327796	
658	1.444574	1.096130	1.831339	-9.317567	-1.597184	9.317567	0.622883	-4.243781	-0.769894	4.243781	-4.842813	0.328357	
659	1.088225	0.984386	1.827956	-10.387575	-1.456793	10.387575	-1.416091	-5.517603	0.291139	5.517603	-9.267020	0.343483	
660	1.529108	1.113037	1.825012	-11.455689	-1.934020	11.455689	1.551327	-9.368182	-0.856804	9.368182	-7.022466	0.362939	
661	1.868675	1.182208	1.834505	-12.675646	-2.231376	12.675646	3.255287	-10.518179	-1.932275	10.518179	-4.887938	0.379267	
662	1.300592	0.981206	1.840618	-15.671519	-1.803132	15.671519	-1.003747	-9.645619	-0.353673	9.645619	-10.211885	0.394375	
663	0.371962	0.665518	1.833263	-20.215052	-1.097026	20.215052	-6.450016	-10.964341	2.282247	10.964341	-17.616853	0.409035	
664	-0.371575	0.377259	1.823300	-24.535494	-0.494525	24.535494	-9.250124	-13.642045	4.173936	13.642045	-21.554704	0.419025	
665	-1.029296	0.114623	1.817894	-27.393606	0.110020	27.393606	-11.269746	-14.718164	5.812388	14.718164	-24.128924	0.422171	
666	-1.341567	-0.039610	1.814035	-28.185724	0.509780	28.185724	-11.849052	-15.084539	6.555072	15.084539	-24.595204	0.417504	
667	-0.972821	-0.027316	1.816436	-27.549591	0.350959	27.549591	-8.357876	-16.497194	5.054855	16.497194	-19.247520	0.402687	
668	-0.537291	-0.006593	1.832390	-28.315217	0.140509	28.315217	-4.441239	-17.735193	3.179384	17.735193	-12.667448	0.380938	
669	-0.557144	-0.067808	1.854947	-32.569536	0.367546	32.569536	-4.317972	-17.792158	3.043996	17.792158	-11.123850	0.362099	
670	-0.403823	-0.054244	1.875214	-38.730239	0.197016	38.730239	-3.734768	-18.261942	2.646265	18.261942	-10.372946	0.352070	
671	0.194368	0.060859	1.895658	-43.443249	-0.795573	43.443249	0.800820	-19.188918	0.548033	19.188918	-5.894276	0.349184	
672	0.518375	0.102148	1.915369	-44.161025	-1.615245	44.161025	5.105242	-18.375334	-0.916445	18.375334	-1.957165	0.352249	
673	0.597437	0.101625	1.928762	-39.576795	-2.312093	39.576795	8.581602	-17.053581	-1.492787	17.053581	0.012737	0.362420	
674	1.012281	0.189708	1.941197	-31.895031	-3.670990	31.895031	14.373834	-18.061814	-3.177282	18.061814	3.208073	0.376545	
675	1.309434	0.253139	1.957644	-26.306235	-4.778142	26.306235	17.887192	-19.684724	-4.232652	19.684724	4.196027	0.390809	
676	1.065073	0.198967	1.970421	-24.646539	-4.945283	24.646539	14.807711	-20.730331	-2.758865	20.730331	-0.367576	0.407828	
677	0.964261	0.155794	1.978219	-23.810186	-5.261982	23.810186	10.908946	-23.572359	-1.636262	23.572359	-4.036682	0.428250	
678	1.157756	0.146848	1.991168	-21.184165	-5.824374	21.184165	9.485555	-25.541676	-2.128846	25.541676	-3.224907	0.444784	
679	0.736048	0.025693	2.006809	-18.240912	-5.311882	18.240912	4.730097	-21.204557	-0.434648	21.204557	-4.752463	0.452367	
680	-0.370384	-0.189453	2.012970	-17.708807	-3.801862	17.708807	-4.340582	-14.054603	4.387758	14.054603	-11.179730	0.451388	
681	-1.158304	-0.315490	2.013864	-20.567026	-2.762845	20.567026	-9.920409	-11.409481	8.019878	11.409481	-15.700811	0.441044	
682	-1.386986	-0.327106	2.023051	-26.408222	-2.456637	26.408222	-9.799826	-12.450445	8.961895	12.450445	-15.900647	0.423738	
683	-1.564472	-0.335344	2.040063	-33.663375	-2.169460	33.663375	-9.674911	-12.820268	9.670075	12.820268	-15.889370	0.409163	
684	-1.244383	-0.273983	2.060504	-39.741189	-3.090221	39.741189	-7.441991	-16.292917	8.486204	16.292917	-13.999679	0.401746	
685	0.302461	-0.003012	2.096284	-44.056098	-6.984319	44.056098	5.533999	-27.859164	1.559313	27.859164	-5.340371	0.394490	
686	2.045331	0.320887	2.158433	-48.193562	-11.782376	48.193562	23.786213	-39.390807	-6.872116	39.390807	4.885967	0.383631	
687	2.628495	0.460524	2.233484	-51.707571	-14.324427	51.707571	33.501529	-43.109466	-9.966370	43.109466	8.441988	0.375326	
688	2.825629	0.522661	2.303066	-54.189222	-15.907497	54.189222	37.317558	-46.083528	-10.889293	46.083528	9.157229	0.371725	
689	3.430551	0.633117	2.366364	-55.887141	-17.656671	55.887141	42.604739	-51.027741	-13.972694	51.027741	12.588649	0.369676	
690	3.019526	0.567693	2.419677	-56.366773	-15.485967	56.366773	38.063467	-47.348944	-12.719393	47.348944	11.875906	0.372681	
691	1.085357	0.252233	2.446798	-56.543840	-8.503877	56.543840	17.150648	-34.851446	-3.762416	34.851446	3.356490	0.386304	
692	-0.100928	0.068553	2.452798	-58.236111	-3.738517	58.236111	1.563828	-29.856949	2.162791	29.856949	-1.904096	0.405043	
693	0.499848	0.203335	2.467829	-62.034572	-5.007313	62.034572	6.812667	-36.733606	-0.925285	36.733606	1.657589	0.418136	
694	0.978061	0.342855	2.502995	-66.322422	-6.902404	66.322422	15.306791	-40.721837	-3.716309	40.721837	4.575792	0.425018	
695	0.355228	0.291697	2.542239	-67.464268	-5.026591	67.464268	10.204240	-36.455719	-0.648267	36.455719	1.874251	0.429762	
696	-0.011312	0.243345	2.578286	-63.306321	-2.674340	63.306321	2.054279	-34.504764	1.297865	34.504764	0.368164	0.427669	
697	0.455950	0.302870	2.618349	-57.423130	-3.145740	57.423130	2.706604	-36.881795	-1.322225	36.881795	3.025018	0.415828	
698	0.746109	0.320975	2.659722	-53.397327	-4.082953	53.397327	5.178823	-34.768577	-3.063522	34.768577	4.797137	0.403601	
699	0.835151	0.292398	2.691359	-50.550667	-4.194696	50.550667	5.344043	-30.838107	-3.620532	30.838107	5.699049	0.399281	
700	1.966376	0.439029	2.715069	-49.530594	-7.264008	49.530594	14.830168	-35.726309	-9.903203	35.726309	12.132685	0.398468	
701	4.164034	0.806361	2.740497	-51.345047	-15.019793	51.345047	38.659520	-47.669610	-22.189374	47.669610	23.969648	0.395410	
702	6.090926	1.182236	2.768531	-53.045714	-24.021273	53.045714	65.484928	-58.383838	-33.119285	58.383838	34.241508	0.393128	
703	7.176773	1.432678	2.800877	-51.754419	-31.588013	51.754419	86.861951	-67.812774	-39.502013	67.812774	40.216609	0.394901	
704	7.430352	1.512105	2.845097	-46.574129	-36.463965	46.574129	99.872385	-73.438065	-41.301841	73.438065	41.736861	0.397322	
705	6.180026	1.278382	2.895348	-37.212425	-34.871219	37.212425	95.015112	-64.477007	-34.616147	64.477007	34.835228	0.398053	
706	3.296561	0.700758	2.932451	-24.827793	-24.664467	24.827793	67.310781	-40.041907	-18.533223	40.041907	18.910682	0.400168	
707	0.099135	0.012612	2.947401	-10.508074	-10.334308	10.508074	28.940266	-12.737062	-0.504052	12.737062	1.345483	0.405426	
708	-1.976537	-0.494293	2.943967	2.578734	0.391212	-2.578734	0.194851	6.547371	11.128416	-6.547371	-10.170087	0.410415	
709	-2.948093	-0.778397	2.928092	10.904022	5.727546	-10.904022	-14.148207	17.768186	16.419246	-17.768186	-15.731640	0.413227	
